# Pairwise distances between all Valine CB atoms (in Å)
7.5930
10.0679
12.1172
16.5501
20.2835
24.1068
27.4803
31.5402
35.6416
39.3266
42.8258
46.8638
51.3711
55.0032
58.0510
63.1352
65.7350
70.2996
73.4015
78.7126
80.9754
85.6205
89.2439
92.8768
96.6588
99.8700
104.0027
108.1278
112.4682
115.9860
119.9756
123.9125
128.1126
131.1368
135.7322
138.8810
143.3995
147.5512
150.8678
155.1690
159.0545
163.2623
166.3033
171.1618
173.7235
177.9020
181.9041
185.1917
189.4639
193.3230
198.0271
202.0563
204.6723
209.5196
212.8843
216.4444
221.1806
225.3063
229.2796
234.1010
237.6548
241.7502
244.6229
248.9981
252.4424
256.2764
259.6875
263.8076
268.2503
271.1975
275.5869
279.4836
284.0078
287.2495
291.6399
295.1447
299.3490
302.9080
305.8508
310.5573
313.5661
317.9531
321.0472
325.8608
329.8540
334.5091
337.6231
341.4492
345.7056
349.1361
352.2624
355.7414
360.8048
365.8580
369.8252
373.7619
377.2538
381.7578
383.8764
389.7157
392.5406
6.7534
10.2431
11.4022
16.3749
20.5763
22.1044
26.4035
31.2661
34.1571
37.8991
42.2164
46.0522
49.6717
53.3828
58.0881
60.6088
65.5170
68.1212
73.3946
76.2017
80.6484
84.1032
88.0282
91.6185
94.6627
99.1807
103.1426
107.3192
111.0945
114.9700
118.7076
123.1003
126.2305
130.5544
133.9562
138.3669
142.3672
145.9299
150.2219
153.8806
158.1735
161.3347
166.0333
168.7401
172.9783
176.7693
180.1822
184.5558
188.2932
192.9989
197.1303
199.5678
204.3980
207.9410
211.3792
216.0746
220.3206
224.1912
228.9710
232.6784
236.7348
239.4641
243.9552
247.3754
251.1143
254.6635
258.7732
263.0978
266.1541
270.5217
274.3593
278.9620
282.2571
286.5170
290.0919
294.3744
297.8169
300.8138
305.5660
308.4411
312.8619
316.0157
320.7788
324.8329
329.5406
332.5566
336.3568
340.7134
344.0556
347.2242
350.7609
355.7330
360.7737
364.8315
368.7474
372.1644
376.7131
378.7922
384.5991
387.4967
7.5560
9.5749
11.1845
16.5435
19.0774
22.2986
27.4312
30.9888
33.6121
38.1029
42.6090
45.7351
49.0769
54.3335
56.3986
61.1459
64.3796
69.4888
71.9703
76.7653
80.0268
83.7490
87.7495
90.6327
94.9880
99.1278
103.2324
106.7743
110.9347
114.6799
118.8450
122.0740
126.5170
129.6825
134.3437
138.3762
141.6865
146.0814
149.8923
154.0216
157.2409
162.0306
164.5126
168.8025
172.6937
175.9342
180.3336
184.1999
188.7837
192.8932
195.5177
200.2886
203.7731
207.3336
211.9588
216.1195
220.1550
224.9121
228.4621
232.6177
235.4060
239.7596
243.2985
247.0751
250.4796
254.6598
259.0404
261.9690
266.4481
270.2976
274.7911
278.1196
282.4525
285.9380
290.2221
293.7596
296.6341
301.4059
304.3618
308.7058
311.8959
316.7113
320.6532
325.3321
328.4672
332.2325
336.5350
339.9810
343.0482
346.5799
351.6392
356.6570
360.6381
364.6270
368.0344
372.5536
374.7302
380.5434
383.3468
6.7419
9.8874
12.1146
16.4621
20.6252
23.7455
27.7621
31.5145
35.1264
39.8512
43.7395
46.3775
51.4245
54.3856
58.7200
61.8393
67.2707
69.2550
73.8421
77.7096
81.2245
84.9020
88.3454
92.2544
96.3871
100.9078
104.3709
108.2485
112.3483
116.5395
119.3996
124.1367
127.2357
131.6666
135.9200
139.2020
143.4360
147.4047
151.6496
154.5517
159.4758
162.0712
166.1642
170.2666
173.5738
177.7416
181.6057
186.3939
190.3542
192.9827
197.8841
201.1441
204.7172
209.5322
213.6184
217.5613
222.4296
225.9676
230.0236
232.9734
237.3480
240.7273
244.6140
248.0103
252.0886
256.5895
259.5352
263.8640
267.7997
272.3347
275.5106
279.9546
283.4632
287.6050
291.1906
294.1736
298.8294
301.8894
306.3025
309.3216
314.1398
318.1607
322.7948
325.9027
329.7730
333.9870
337.4159
340.5777
344.0146
349.0890
354.1673
358.1159
362.0186
365.5756
370.0637
372.1476
378.0079
380.8380
7.8817
9.8749
11.1264
16.0459
20.0197
22.9995
27.2943
31.1800
35.0994
39.0952
42.4762
47.0577
50.0327
54.7372
57.2744
62.7111
65.2705
69.6199
73.3626
77.1884
80.6279
83.9432
88.2395
92.1970
96.5805
100.3179
104.0515
107.9704
112.3730
115.3175
119.7928
123.1567
127.4568
131.5705
135.1114
139.3247
143.0694
147.4147
150.4186
155.1881
157.9446
162.0857
165.9863
169.4296
173.6860
177.4250
182.2318
186.2870
188.7325
193.6273
197.0547
200.5041
205.2926
209.4975
213.3287
218.1639
221.8588
225.8683
228.6839
233.1793
236.5229
240.3211
243.8582
247.9191
252.3092
255.3676
259.6638
263.5463
268.1645
271.3840
275.7043
279.2860
283.4971
286.9687
290.0145
294.7087
297.6413
302.0940
305.1615
309.9293
314.0177
318.7019
321.7094
325.5616
329.8704
333.2094
336.4209
339.9094
344.8933
349.9638
354.0015
357.8773
361.3699
365.9011
367.9389
373.7704
376.6756
6.8321
9.8173
11.8158
16.6115
20.6551
22.7456
27.0674
32.0014
35.0809
38.0194
43.4504
45.6053
50.1520
53.5971
58.7406
60.9365
65.7987
69.1695
72.7589
76.8040
79.8043
83.9637
88.1562
92.3708
95.8187
99.9718
103.8368
107.9419
111.0789
115.6534
118.7282
123.3877
127.5021
130.7288
135.1009
139.0086
143.1273
146.2609
151.1199
153.5754
157.8163
161.8036
165.0205
169.3508
173.2499
177.8689
181.9242
184.5995
189.3976
192.7934
196.3910
201.0588
205.1723
209.2225
214.0097
217.5141
221.6628
224.5212
228.8448
232.3620
236.1862
239.5486
243.7137
248.1499
251.0501
255.5089
259.3901
263.8685
267.1560
271.5444
275.0138
279.2526
282.8303
285.7085
290.4474
293.4585
297.8060
300.9484
305.7786
309.7175
314.3752
317.5311
321.3220
325.5819
329.0488
332.1212
335.6208
340.7069
345.7386
349.6903
353.6694
357.1232
361.6246
363.7962
369.6265
372.4141
7.4934
10.3387
11.7427
16.3813
19.9233
23.1059
28.1746
32.1100
34.3497
39.4586
42.5756
46.7252
49.9413
55.4037
57.1853
61.7921
65.7429
69.1759
72.8571
76.3809
80.1691
84.3207
88.9093
92.3282
96.1813
100.3498
104.5147
107.3156
112.1184
115.1768
119.5948
123.8891
127.1346
131.3517
135.3646
139.6067
142.4648
147.4188
150.0069
154.0745
158.2181
161.5201
165.6534
169.5270
174.3350
178.2706
180.9160
185.8305
189.0525
192.6386
197.4725
201.5396
205.4856
210.3663
213.8878
217.9379
220.9171
225.2808
228.6477
232.5545
235.9344
240.0045
244.5282
247.4636
251.7816
255.7300
260.2599
263.4189
267.8837
271.3865
275.5109
279.1106
282.0964
286.7388
289.8192
294.2349
297.2338
302.0573
306.0781
310.7050
313.8183
317.6988
321.8972
325.3325
328.4975
331.9224
337.0051
342.0887
346.0276
349.9255
353.4996
357.9811
360.0625
365.9289
368.7534
6.1059
10.0133
12.0935
16.5533
20.4142
24.0096
28.0336
31.6277
36.0219
39.0222
43.8083
46.1656
51.6008
54.3031
58.5934
62.2807
66.1868
69.5769
72.8451
77.2364
81.1466
85.4908
89.2957
92.9919
96.8682
101.3160
104.2799
108.6935
112.1148
116.3893
120.4699
124.0624
128.2730
131.9706
136.3308
139.3629
144.0977
146.8822
151.0374
154.8921
158.3625
162.6399
166.3520
171.1584
175.2354
177.6444
182.5346
185.9996
189.4253
194.2022
198.4307
202.2451
207.0701
210.7936
214.7966
217.5848
222.1002
225.4412
229.2220
232.7822
236.8428
241.2111
244.2877
248.5827
252.4532
257.0838
260.3162
264.6113
268.2038
272.4328
275.8828
278.9351
283.6397
286.5472
291.0045
294.0850
298.8447
302.9412
307.6362
310.6267
314.4720
318.8000
322.1246
325.3407
328.8416
333.8091
338.8758
342.9300
346.8046
350.2806
354.8196
356.8542
362.6791
365.5945
7.9387
10.0931
11.5051
16.2696
20.4840
23.4858
27.1036
32.1274
34.2740
39.1303
42.0826
47.2355
49.8884
54.5515
57.8247
61.6663
65.5066
68.4236
72.8745
76.9184
81.0490
84.7211
88.7286
92.4778
96.7579
99.9295
104.3176
107.6018
112.1344
116.1567
119.5881
123.9278
127.6723
131.8808
135.0670
139.8149
142.4095
146.6702
150.5164
153.8509
158.2277
162.0248
166.6808
170.7967
173.3259
178.1326
181.6385
185.1393
189.8050
194.0047
197.9580
202.7301
206.3572
210.4581
213.2292
217.6497
221.1212
224.8890
228.3598
232.5001
236.8636
239.8534
244.2704
248.1193
252.6671
255.9726
260.2762
263.8047
268.0834
271.5768
274.5157
279.2720
282.1951
286.5816
289.7422
294.5338
298.5338
303.2265
306.3002
310.0886
314.4129
317.8079
320.9293
324.4591
329.4757
334.5081
338.5260
342.4747
345.8948
350.4260
352.5521
358.3653
361.2135
5.9297
9.6580
11.5992
16.6488
20.9340
22.9467
27.7439
31.2796
35.3497
38.2749
43.8405
45.6599
50.1089
54.1802
57.6770
61.1719
64.7954
68.6134
72.6849
77.3285
80.8451
84.5539
88.7426
93.0010
95.7392
100.5059
103.6584
107.9643
112.2538
115.5981
119.7677
123.7261
128.0334
130.8629
135.7826
138.4617
142.5061
146.6112
149.9867
154.1049
157.9234
162.7845
166.7278
169.2967
174.2361
177.4807
181.0184
185.8794
189.9798
193.8620
198.7510
202.3344
206.3446
209.3028
213.7193
217.0389
220.9330
224.3669
228.4096
232.9131
235.8969
240.1722
244.1157
248.6870
251.8349
256.2706
259.8067
263.9334
267.4955
270.5270
275.1630
278.2115
282.6568
285.6421
290.4462
294.5088
299.1486
302.2150
306.1077
310.3283
313.7240
316.9265
320.3553
325.4034
330.4947
334.4644
338.3358
341.9106
346.4036
348.4504
354.3137
357.1725
8.3194
9.6980
12.2958
17.3296
20.5398
24.2089
28.1020
32.6198
34.5028
40.1755
42.7378
46.7462
50.7881
54.6677
57.7341
61.3142
65.5468
69.3727
73.9246
77.7759
81.2305
85.2618
89.7889
92.5517
97.0503
100.5133
104.6080
108.7704
112.4197
116.5293
120.2493
124.6970
127.5834
132.3451
135.2338
139.2943
143.2037
146.7478
150.9226
154.5957
159.5143
163.5367
165.8975
170.8524
174.2440
177.6434
182.5083
186.7273
190.4669
195.3381
199.0933
203.0331
205.8707
210.4239
213.6751
217.4906
221.0776
225.0826
229.4848
232.5949
236.8076
240.7075
245.3763
248.5444
252.8644
256.4836
260.6601
264.1066
267.2246
271.8815
274.8101
279.3094
282.3173
287.0671
291.2155
295.9008
298.8547
302.7455
307.0521
310.3486
313.6199
317.0874
322.0411
327.1340
331.1926
335.0205
338.5521
343.0852
345.0672
350.9075
353.8503
5.8991
10.5921
12.4689
15.6778
21.0735
22.9184
27.6306
30.9338
35.9988
38.4234
43.2481
46.4498
50.1893
54.1885
57.0766
61.4161
65.5220
69.6675
73.2527
77.3236
81.1198
85.3231
88.4828
92.9461
96.1433
100.7324
104.7917
108.1343
112.4883
116.3032
120.4696
123.6391
128.4310
130.9671
135.2219
139.1228
142.4153
146.7716
150.6050
155.2502
159.3425
161.9267
166.7315
170.1941
173.7329
178.3988
182.5645
186.5569
191.3348
194.9144
199.0317
201.8411
206.2232
209.7094
213.5033
216.9290
221.0774
225.4732
228.4272
232.8584
236.7212
241.2420
244.5396
248.8772
252.3821
256.6458
260.1716
263.0881
267.8364
270.7949
275.1684
278.3179
283.1252
287.1026
291.7830
294.8859
298.6769
302.9759
306.3979
309.5021
313.0197
318.0618
323.0948
327.0883
331.0472
334.4818
339.0010
341.1441
346.9646
349.7888
7.2333
10.2368
11.3779
16.5615
19.7956
23.7612
26.9739
32.3955
34.1692
38.8049
42.6454
46.1454
49.8489
53.2797
57.1714
61.2816
65.8074
69.3083
73.1360
77.2448
81.4567
84.3030
89.0191
92.1498
96.5584
100.7991
104.1073
108.3361
112.2827
116.5319
119.4559
124.3555
126.9701
131.0760
135.1405
138.4777
142.6596
146.4949
151.2885
155.2691
157.8619
162.7602
166.0568
169.6087
174.4096
178.5183
182.4496
187.3061
190.8719
194.9211
197.8477
202.2396
205.6163
209.4894
212.9041
216.9829
221.4650
224.4266
228.7562
232.6794
237.2252
240.4184
244.8348
248.3526
252.5187
256.0803
259.0673
263.7367
266.7688
271.1871
274.2207
279.0318
283.0591
287.7086
290.7963
294.6572
298.8948
302.3083
305.4732
308.9270
313.9815
319.0542
323.0239
326.9272
330.4613
334.9588
337.0432
342.8951
345.7341
6.6150
10.2331
12.2466
16.4251
21.0511
22.2453
27.9204
30.8815
34.7274
38.5921
42.6621
45.6456
49.0758
53.5358
57.2693
61.7041
65.6828
69.1031
73.0225
77.6196
80.4572
84.8232
88.3819
92.4676
96.5533
100.2806
104.4073
108.0410
112.4935
115.4621
120.1589
123.0690
127.1756
130.9955
134.5662
138.8000
142.4387
147.3286
151.3993
153.7141
158.6451
162.1150
165.4840
170.3077
174.5657
178.2991
183.1423
186.9330
190.8795
193.6625
198.2357
201.5072
205.2873
208.9015
212.9211
217.2817
220.4095
224.6431
228.5171
233.1936
236.3988
240.6747
244.3023
248.5198
251.9356
255.0446
259.7300
262.6162
267.1106
270.1576
274.8985
279.0438
283.7475
286.6873
290.5552
294.8955
298.1793
301.4414
304.9362
309.8704
314.9505
319.0313
322.8709
326.3627
330.9087
332.9015
338.7282
341.6772
7.2910
10.2612
11.1419
16.6247
18.8530
23.7689
27.1208
31.6160
34.4545
38.6120
42.3661
45.0009
49.8154
53.7011
57.6553
61.5406
65.4546
69.0505
73.4612
76.7064
80.9008
84.3523
88.8158
92.7377
96.3152
100.6472
104.2574
108.5073
111.7707
116.4214
119.0955
123.3914
127.1132
130.5251
134.9535
138.6751
143.3367
147.5072
149.9352
154.7342
158.3343
161.7696
166.4123
170.6734
174.5746
179.3246
183.0300
187.1070
189.8117
194.2890
197.7434
201.4696
205.0041
209.1366
213.4476
216.4889
220.8920
224.7139
229.2989
232.6285
236.8708
240.4313
244.7474
248.1851
251.1507
255.9262
258.7885
263.1933
266.3758
271.1448
275.1739
279.8922
282.9171
286.6956
291.0648
294.4184
297.5610
301.1162
306.0893
311.1168
315.1770
319.1139
322.5022
327.0525
329.1604
334.9599
337.8392
7.4055
9.3837
12.4116
16.6570
21.6666
22.9303
27.9665
31.5165
34.8496
38.9291
42.1617
45.9616
50.1803
54.6186
57.9957
61.9998
66.0847
70.1690
73.0960
77.8443
80.8633
85.4160
89.6491
92.8375
97.1296
101.1316
105.2905
108.2762
113.1994
115.7035
119.8540
123.9355
127.1979
131.4143
135.2984
140.0229
144.0120
146.6758
151.5365
154.8363
158.4337
163.1845
167.2691
171.2745
176.1087
179.6172
183.7134
186.6456
190.9836
194.4205
198.2970
201.6577
205.7731
210.2636
213.1763
217.5626
221.4803
225.9820
229.2050
233.6343
237.1170
241.3016
244.8903
247.8217
252.5113
255.5596
259.9440
263.0084
267.8376
271.8171
276.4633
279.5932
283.4301
287.6600
291.1104
294.2301
297.6937
302.7748
307.8327
311.7815
315.7191
319.2321
323.7231
325.8515
331.6999
334.5037
7.9446
10.1486
10.7025
16.6105
18.7838
22.5724
26.7975
30.6101
33.5709
37.2821
41.3664
45.1697
49.8153
53.6501
57.0304
61.1520
65.6525
68.3431
72.9115
76.3284
80.4221
84.6270
88.2207
92.3238
96.1019
100.5240
103.3884
108.1840
111.0365
115.0886
119.0381
122.5615
126.7144
130.4073
135.3246
139.3293
141.7277
146.6823
150.0434
153.4722
158.3335
162.5266
166.3017
171.1746
174.8916
178.8459
181.7150
186.2340
189.5008
193.3388
196.8842
200.8992
205.3286
208.4052
212.6362
216.5455
221.1879
224.3569
228.7024
232.2980
236.4704
239.9435
243.0350
247.6909
250.6469
255.1316
258.1368
262.9023
267.0246
271.7029
274.6841
278.5712
282.8601
286.1832
289.4321
292.8950
297.8710
302.9606
306.9993
310.8428
314.3776
318.9011
320.9073
326.7517
329.6680
6.3415
9.8204
13.4557
16.5942
21.6296
23.6800
27.7039
32.0618
34.2625
39.0384
43.0677
46.8441
50.5550
54.7474
58.2922
62.5137
65.8843
70.1295
73.4100
78.0861
82.0053
85.3983
89.8189
93.5238
97.6438
100.9776
105.6766
108.1878
112.5354
116.3051
119.6032
124.0639
127.8647
132.4370
136.6042
139.1478
143.9016
147.4796
150.9896
155.5761
159.7891
163.7975
168.5264
172.1375
176.2782
179.0123
183.4054
186.9370
190.6825
194.1295
198.3077
202.6481
205.6128
210.0873
213.9125
218.4319
221.7878
226.0674
229.5746
233.8990
237.3885
240.2794
245.0708
247.9750
252.3344
255.5426
260.3415
264.3041
269.0092
272.1005
275.8557
280.1983
283.6101
286.6930
290.2492
295.2693
300.2819
304.3018
308.2818
311.6593
316.1942
318.3595
324.1608
326.9868
8.1802
10.7148
11.0524
16.8454
19.4081
22.6113
27.3329
30.0143
33.9005
38.2092
42.3829
45.6866
49.9357
53.8731
57.8443
60.9558
65.6270
68.5854
73.3140
77.4694
80.5803
84.9635
88.9555
93.0163
96.1380
101.0340
103.4339
107.6699
111.6988
114.9002
119.2016
123.1114
127.7400
131.7759
134.4774
139.2808
142.6441
146.2631
150.9330
155.0241
159.0960
163.8873
167.3678
171.5145
174.4090
178.7117
182.2213
186.0727
189.4048
193.5654
198.0309
200.9126
205.3666
209.2595
213.7272
217.0047
221.4122
224.8704
229.1012
232.6911
235.5667
240.2955
243.3260
247.6768
250.7980
255.6359
259.5716
264.2280
267.3845
271.1836
275.4317
278.9043
281.9784
285.4704
290.5601
295.5958
299.5430
303.5180
306.9841
311.4793
313.6521
319.4874
322.2667
6.2466
10.5198
13.1682
16.5544
21.0440
23.6844
26.8793
31.6758
35.1962
39.4902
43.6676
46.9688
50.7796
55.4650
58.3539
62.5812
66.2406
70.3057
74.3212
78.1132
82.2523
85.8169
90.2626
93.3088
97.9512
100.8670
105.0164
108.7622
112.3517
116.6330
120.2449
125.1063
129.2155
131.5029
136.4107
139.9408
143.2948
148.0770
152.3588
156.1042
160.9218
164.7262
168.6857
171.4347
176.0088
179.3062
183.0660
186.6832
190.7207
195.0582
198.1846
202.4460
206.3018
210.9714
214.2095
218.4598
222.0824
226.3337
229.7363
232.8236
237.5332
240.3968
244.8795
247.9585
252.6998
256.8289
261.5449
264.4864
268.3330
272.6925
275.9794
279.2220
282.7375
287.6666
292.7341
296.8234
300.6806
304.1409
308.6926
310.7070
316.5243
319.4647
7.9358
10.0782
10.9566
15.9827
19.2703
21.3010
26.7523
30.2603
33.9798
38.2129
41.8733
45.3189
49.9250
53.1791
57.1688
60.8258
65.1467
68.9887
72.7336
77.0207
80.5077
84.8231
88.1143
92.6819
95.4605
99.7579
103.3848
106.8913
111.3292
114.9705
119.6740
123.8723
126.2005
131.0142
134.6674
138.0424
142.6931
146.9989
150.8384
155.5851
159.3596
163.3983
166.0708
170.6008
174.0144
177.7230
181.3099
185.4194
189.7052
192.7924
197.1606
200.9728
205.5950
208.9224
213.1299
216.7197
221.0471
224.4453
227.4483
232.2226
235.0504
239.4809
242.6552
247.4068
251.4704
256.2038
259.1844
262.9701
267.3628
270.6808
273.8537
277.4159
282.3559
287.3881
291.4775
295.3932
298.7772
303.3377
305.4193
311.2148
314.1211
6.7799
9.8391
12.0691
16.5494
19.9231
23.0316
27.3402
31.9843
35.2112
39.1185
43.4071
47.4069
50.1687
55.0717
58.0033
62.5165
66.8337
69.9522
74.2047
78.2882
82.4428
85.3501
90.3182
92.8225
96.9292
101.0681
104.3424
108.4989
112.3813
117.1508
121.1055
123.7753
128.6611
131.9118
135.5175
140.2990
144.3641
148.3619
153.2138
156.7139
160.7917
163.7620
168.0961
171.5041
175.4074
178.7558
182.8539
187.3721
190.2813
194.6437
198.5767
203.0810
206.2809
210.7295
214.2117
218.3771
221.9738
224.9192
229.5909
232.6570
237.0526
240.0875
244.9192
248.9085
253.5505
256.6740
260.5262
264.7434
268.1918
271.3243
274.7753
279.8569
284.9230
288.8689
292.7943
296.3271
300.8131
302.9309
308.7859
311.5904
7.5995
9.9043
11.0695
16.0103
19.1130
22.6755
27.8712
31.6757
34.5417
39.0327
43.5540
45.8640
50.6432
54.0206
57.9100
62.2624
65.8285
69.8168
73.6946
78.1639
80.8559
85.7202
88.6212
92.5735
96.6218
100.1809
104.2159
107.8996
112.9087
116.8449
119.2466
124.2529
127.5177
130.9576
135.8859
140.0420
143.7947
148.7056
152.4061
156.3260
159.2656
163.7776
166.9913
170.8777
174.4012
178.3840
182.8653
185.9333
190.1207
194.0608
198.7050
201.8269
206.2156
209.8076
213.9368
217.4332
220.5467
225.1667
228.1641
232.6644
235.6152
240.3881
244.5227
249.1868
252.1679
256.0836
260.3405
263.6685
266.9353
270.3701
275.3571
280.4618
284.4848
288.3102
291.8866
296.3970
298.3886
304.2471
307.1584
5.8937
9.8091
10.6547
16.0261
19.6247
23.2305
27.2647
31.1389
34.6720
39.0696
42.3344
46.4982
49.9392
54.4291
58.3499
61.8773
66.2152
69.8661
74.0749
77.3478
82.0140
84.6503
88.9481
92.6919
96.0989
100.5056
104.2318
108.9017
113.0566
115.5088
120.3128
123.8830
127.3414
131.9852
136.2222
140.1508
144.9058
148.5801
152.6601
155.4057
159.8547
163.3081
167.0655
170.5605
174.6925
179.0394
182.0526
186.4579
190.2951
194.8609
198.1792
202.4518
205.9933
210.2963
213.7588
216.7121
221.4759
224.3709
228.7720
231.9328
236.7159
240.7311
245.4417
248.4830
252.2695
256.6159
259.9888
263.1235
266.6657
271.6566
276.6878
280.7302
284.6700
288.0766
292.6152
294.7339
300.5418
303.4010
7.9344
9.0235
11.4566
15.9707
20.1441
23.1684
27.4474
31.5595
35.3647
38.3533
43.1785
46.0146
50.7521
54.9790
57.9925
62.3535
66.4319
70.4689
73.5328
78.4698
80.8559
85.0596
89.1390
92.3495
96.5993
100.5071
105.1750
109.1818
111.8889
116.7142
120.0352
123.6620
128.3575
132.4316
136.4980
141.3044
144.7784
148.9076
151.8375
156.1373
159.6193
163.4960
166.8173
170.9612
175.4526
178.3323
182.7629
186.6700
191.1416
194.3975
198.8219
202.2807
206.4945
210.0901
212.9808
217.6926
220.7387
225.1016
228.1939
233.0336
236.9806
241.6342
244.7820
248.5964
252.8337
256.3023
259.3908
262.8711
267.9593
273.0033
276.9497
280.9115
284.3969
288.8878
291.0487
296.8901
299.6721
7.6893
9.2682
11.7837
17.3871
21.4462
23.5760
28.1927
32.9044
34.9860
39.6887
43.2339
46.8920
51.2378
54.9487
58.8555
62.6548
67.2008
69.8637
74.6775
77.6816
81.6110
85.6023
89.2428
93.2656
96.8850
101.9398
105.8889
108.2118
113.2352
116.5327
119.9259
124.8667
129.0554
132.7578
137.6685
141.4218
145.3119
148.2268
152.7794
155.9622
159.8341
163.3983
167.3645
171.8248
174.9277
179.0907
183.0222
187.6939
190.8167
195.1771
198.7911
202.9313
206.3972
209.5363
214.1584
217.1272
221.6443
224.5946
229.3542
233.5123
238.1885
241.1383
245.0557
249.3329
252.6353
255.9212
259.3645
264.3269
269.4328
273.4783
277.2914
280.8588
285.3782
287.3538
293.2074
296.1379
8.4327
10.2894
12.6803
17.3748
20.9479
24.0545
28.6892
32.1027
35.9016
39.5948
43.9945
47.7588
51.4668
55.7985
59.2809
63.5257
66.9016
71.4533
74.1635
78.5051
82.1123
85.5914
90.0562
93.7093
98.3739
102.5837
104.9445
109.7356
113.3970
116.7977
121.4133
125.7045
129.5933
134.3252
138.0635
142.1276
144.8135
149.3066
152.7525
156.4729
160.0178
164.1472
168.4491
171.5011
175.9011
179.7145
184.3067
187.6484
191.8712
195.4355
199.7710
203.1907
206.1595
210.9413
213.7881
218.2002
221.3827
226.1493
230.1826
234.9127
237.9201
241.6959
246.0771
249.4212
252.5675
256.1307
261.0905
266.1162
270.1889
274.1234
277.5030
282.0557
284.1648
289.9617
292.8415
5.3118
10.7246
12.9011
16.3001
21.2481
24.8975
27.1525
32.4642
35.1520
39.5645
44.0676
47.0231
51.1902
55.4397
59.5799
62.3313
67.3860
69.8858
73.9108
78.1557
81.4432
85.4945
89.3785
94.2197
98.1148
100.7994
105.7242
108.8923
112.5141
117.3437
121.3752
125.3635
130.2428
133.7260
137.7778
140.8067
145.1318
148.4988
152.4421
155.7698
159.8432
164.4027
167.3044
171.6336
175.5893
180.0952
183.2613
187.7398
191.2197
195.3563
198.9670
201.9301
206.5760
209.6696
214.0789
217.0728
221.9090
225.9097
230.5445
233.6624
237.5354
241.7330
245.1808
248.3292
251.7620
256.8466
261.9236
265.8632
269.7733
273.3339
277.8120
279.9170
285.7810
288.5851
7.2602
10.4790
11.8745
16.9191
21.3212
23.2270
28.1535
31.4639
35.2823
39.6981
43.1829
47.1578
51.1043
55.5178
58.2229
63.1075
65.9502
69.9224
73.9791
77.5163
81.5584
85.2546
90.2355
94.1793
96.6141
101.5992
104.8737
108.3410
113.2299
117.3737
121.1808
126.0721
129.7381
133.6886
136.6329
141.1072
144.3630
148.2543
151.7368
155.7473
160.2351
163.2675
167.4992
171.4328
176.0445
179.1960
183.5878
187.1532
191.3067
194.8178
197.8873
202.5278
205.5312
210.0069
212.9850
217.7719
221.8691
226.5368
229.5452
233.4388
237.6969
241.0510
244.2816
247.7301
252.7328
257.8237
261.8367
265.6908
269.2428
273.7505
275.7802
281.6338
284.5169
6.4029
9.2528
11.4967
16.1048
19.7279
23.2905
26.9776
31.4850
35.1798
38.8064
43.1844
46.6929
50.8568
54.2958
58.8510
61.4836
65.8569
69.4705
72.9145
77.3903
81.0645
85.6992
89.9083
92.3107
97.0864
100.7373
104.1682
108.7614
113.0313
116.9648
121.6894
125.3891
129.4741
132.1818
136.6395
140.1093
143.8459
147.3506
151.4943
155.8166
158.8362
163.2591
167.0779
171.6442
174.9913
179.2340
182.7763
187.1114
190.5535
193.4962
198.2795
201.1485
205.5463
208.7295
213.5093
217.5190
222.2435
225.2746
229.0461
233.4129
236.7797
239.9064
243.4663
248.4445
253.4671
257.5234
261.4709
264.8528
269.3977
271.5265
277.3264
280.1849
7.6651
10.3634
12.3385
15.9394
20.7497
22.9159
28.3441
32.4141
34.9300
39.5261
43.7326
47.4391
50.7458
55.6857
57.7658
62.1170
66.1721
69.2235
73.5844
77.5688
82.0695
86.1231
88.9444
93.6760
97.0481
100.7426
105.3125
109.3621
113.5612
118.3071
121.6988
125.9098
128.8223
133.0389
136.6291
140.4946
143.7378
147.9466
152.4313
155.2413
159.7696
163.6539
168.0606
171.3812
175.8005
179.2100
183.4736
187.0912
189.8959
194.6509
197.6980
202.0111
205.1643
210.0248
213.9029
218.5626
221.7588
225.5286
229.7726
233.2838
236.3069
239.8144
244.9264
249.9438
253.8749
257.8865
261.3240
265.8126
268.0361
273.8657
276.6044
6.9639
10.7096
11.5199
16.5593
19.8912
23.4241
27.9031
31.4060
35.3083
39.2654
43.6850
46.3712
51.2454
54.1090
58.0751
62.1133
65.6801
69.7138
73.3853
78.3776
82.3279
84.7432
89.7279
93.0177
96.4776
101.3561
105.5073
109.3164
114.2002
117.8729
121.8228
124.7615
129.2363
132.4952
136.3844
139.8656
143.8797
148.3636
151.3951
155.6337
159.5621
164.1719
167.3341
171.7172
175.2806
179.4469
182.9524
186.0154
190.6637
193.6593
198.1326
201.1193
205.9068
209.9991
214.6726
217.6791
221.5658
225.8313
229.1856
232.4102
235.8666
240.8658
245.9525
249.9700
253.8296
257.3702
261.8799
263.9172
269.7675
272.6474
6.6705
10.2316
11.8610
16.4657
20.4578
23.7430
27.8356
32.1116
35.2620
39.5395
43.1068
47.4542
50.2667
54.6703
58.0695
61.6669
66.1915
69.7294
74.3997
78.6714
80.9143
85.6953
89.4557
92.7912
97.3748
101.7201
105.5700
110.2782
114.0793
118.1206
120.7613
125.2932
128.7234
132.4204
136.0025
140.1251
144.3970
147.4798
151.8699
155.6663
160.2800
163.6383
167.8227
171.4036
175.7654
179.1505
182.1335
186.9260
189.7387
194.1629
197.3535
202.1091
206.1573
210.9039
213.8813
217.6523
222.0575
225.3796
228.5369
232.1139
237.0490
242.0723
246.1680
250.0958
253.4593
258.0205
260.1224
265.9129
268.8051
6.9081
9.1224
11.1107
17.0864
20.4554
23.0018
27.7984
31.6698
35.2345
38.9542
43.6399
45.6929
50.2356
53.9923
57.0952
61.6532
65.5429
69.9387
74.1318
76.8375
81.4977
85.0769
88.6939
93.1531
97.2994
101.4837
106.1607
109.6384
113.8614
116.6477
120.9147
124.5439
128.3305
131.6397
135.8749
140.2686
143.1243
147.6872
151.5176
155.9484
159.3400
163.6653
167.0992
171.4422
174.9910
177.7902
182.5974
185.5560
189.8681
193.0900
197.9280
201.8127
206.5094
209.6659
213.3985
217.7090
221.1852
224.2040
227.7602
232.8271
237.8249
241.8041
245.8264
249.1968
253.7111
255.9404
261.7457
264.5073
8.0184
8.9061
12.6758
17.6154
20.0801
24.0382
28.5848
32.6482
35.1925
40.3342
42.8348
46.7753
51.0940
54.4338
58.3812
62.2273
67.1470
71.0070
73.6639
78.6192
81.7545
85.3682
90.2201
94.2467
98.2177
103.1051
106.6023
110.6271
113.6786
118.0125
121.3465
125.3069
128.6355
132.6920
137.2638
140.1742
144.4814
148.4411
152.9576
156.1170
160.5905
164.0767
168.2165
171.8149
174.7929
179.4342
182.5210
186.9436
189.9240
194.7568
198.7704
203.4138
206.5107
210.3888
214.5943
218.0287
221.1896
224.6253
229.6951
234.7742
238.7274
242.6285
246.1873
250.6684
252.7657
258.6285
261.4398
7.1416
9.4465
11.9265
16.4262
20.5279
23.4245
27.7318
31.3726
35.6086
38.4911
42.8933
46.2162
49.8892
54.3965
57.8759
62.5825
66.8559
69.0541
73.8503
77.6145
80.9326
85.5264
89.8767
93.7107
98.4241
102.2375
106.2610
108.9155
113.4545
116.8629
120.5728
124.1546
128.2652
132.5498
135.6358
140.0098
143.8132
148.4320
151.7790
155.9701
159.5527
163.9069
167.2927
170.2856
175.0686
177.8890
182.3216
185.4946
190.2513
194.3064
199.0522
202.0235
205.8035
210.2026
213.5225
216.6881
220.2583
225.1926
230.2208
234.3157
238.2362
241.6112
246.1694
248.2656
254.0602
256.9523
8.1777
11.3351
12.0200
16.9146
21.5055
24.6774
28.0777
33.0742
34.8572
39.2580
43.3790
46.3490
50.6870
54.7011
59.1773
63.2135
66.0892
70.8074
74.1478
77.8765
82.4258
86.4472
90.6866
95.4264
98.7862
103.0013
105.9481
110.1370
113.7266
117.6169
120.8263
125.0345
129.5444
132.3350
136.8635
140.7553
145.1510
148.4675
152.8994
156.2986
160.5603
164.1852
166.9862
171.7355
174.7947
179.1103
182.2490
187.1148
190.9907
195.6516
198.8455
202.6202
206.8585
210.3718
213.3967
216.9006
222.0125
227.0323
230.9631
234.9712
238.4151
242.9005
245.1240
250.9561
253.6909
6.1881
9.7357
12.1981
16.1837
20.8798
23.0195
27.8854
31.0933
34.8134
38.8551
42.6600
46.4827
49.9933
55.1884
59.0800
61.3484
66.4167
69.6668
73.0596
78.0162
82.1841
85.8988
90.8128
94.5505
98.4256
101.3894
105.9141
109.0855
112.9954
116.5125
120.4790
124.9755
128.0462
132.2203
136.1594
140.8060
143.9378
148.3133
151.9016
156.0552
159.5364
162.6462
167.2737
170.2601
174.7654
177.7150
182.4914
186.6204
191.3012
194.2675
198.1742
202.4454
205.7711
209.0300
212.4800
217.4552
222.5525
226.5886
230.4224
233.9767
238.4893
240.4994
246.3523
249.2515
7.8486
9.9555
11.5234
16.3689
19.8553
23.7283
27.1250
31.3537
34.4593
38.4620
42.8365
46.0854
50.9940
55.2496
57.2211
62.1070
65.8825
69.0846
73.7703
78.1723
81.8593
86.6091
90.5346
94.4593
97.1154
101.7453
105.0373
108.7545
112.4146
116.4590
120.7419
123.9003
128.1796
131.9944
136.6774
139.9781
144.1523
147.7817
152.1115
155.4580
158.5295
163.2803
166.0824
170.5652
173.6854
178.4204
182.5392
187.2918
190.2021
194.0164
198.4230
201.6953
204.9203
208.4764
213.3749
218.4228
222.5447
226.4203
229.8242
234.3877
236.4315
242.2319
245.1625
5.7472
10.8901
12.9897
16.3235
21.3865
22.8773
27.2628
31.4907
34.4266
38.6793
42.6981
47.2153
51.2112
54.1051
58.8435
62.1303
65.8725
70.4441
74.4441
78.6814
83.4350
86.7883
90.9829
93.9681
98.1547
101.7127
105.6295
108.8293
113.0191
117.5540
120.3457
124.8482
128.7532
133.1559
136.4516
140.8965
144.2992
148.5461
152.1724
154.9917
159.7251
162.7950
167.1248
170.2361
175.1015
178.9920
183.6521
186.8331
190.6226
194.8540
198.3595
201.4012
204.8955
210.0023
215.0302
218.9637
222.9577
226.4182
230.9013
233.1107
238.9478
241.6888
7.2541
9.9493
11.2241
16.7227
19.1287
22.7683
27.3246
30.7367
34.4110
38.1981
43.2667
47.0379
49.6714
54.6779
57.7306
61.3472
66.2377
70.2399
74.1970
79.0996
82.5987
86.5892
89.6869
94.0194
97.3110
101.3032
104.6188
108.6541
113.2521
116.1631
120.4447
124.4141
128.9364
132.0832
136.5612
140.0489
144.1863
147.7792
150.7701
155.4024
158.4915
162.9267
165.8869
170.7196
174.7430
179.3924
182.4726
186.3579
190.5652
193.9909
197.1623
200.5973
205.6570
210.7392
214.7011
218.5939
222.1553
226.6367
228.7285
234.5918
237.4060
6.4584
9.4991
12.2313
16.3693
20.3413
23.0289
27.4042
31.6451
34.6291
39.6901
43.9407
45.7125
50.6549
54.4592
57.5737
62.3028
66.7410
70.3417
75.1061
79.0984
82.9639
85.6226
90.2992
93.5270
97.2520
100.9469
104.9567
109.2427
112.4339
116.6665
120.4872
125.1988
128.4783
132.6451
136.2937
140.6141
143.9428
147.0486
151.7840
154.5800
159.0858
162.1789
166.9060
171.0512
175.8075
178.6907
182.5205
186.9287
190.1821
193.4316
196.9811
201.8647
206.9211
211.0536
214.9104
218.3276
222.8919
224.9159
230.7196
233.6629
7.5293
9.5346
10.9557
16.0209
18.7882
22.1714
26.9887
30.5225
34.8604
39.2436
41.6582
46.2738
50.1105
53.5711
57.9387
62.2146
66.3108
70.9332
74.5637
78.7230
81.4165
85.7829
89.3560
93.0979
96.5023
100.7083
105.0414
107.9816
112.4987
116.2975
120.7944
124.2068
128.4477
131.9332
136.3231
139.7867
142.6449
147.4639
150.3447
154.7021
157.9223
162.7288
166.6717
171.4056
174.4760
178.2133
182.5783
185.9880
189.0566
192.6359
197.6368
202.6388
206.6787
210.6672
214.0173
218.5535
220.7418
226.5365
229.3454
6.7342
9.6717
11.8979
16.8311
20.5964
23.5783
27.1098
32.6034
36.1742
38.6057
43.7792
46.6707
50.2016
55.2685
59.2655
63.0592
68.0357
71.6195
75.4857
78.6467
83.0552
86.1949
90.2290
93.6019
97.5524
102.1814
105.1547
109.3200
113.3176
117.9014
120.9786
125.4628
128.9932
133.0859
136.6524
139.7283
144.3141
147.4029
151.8915
154.7800
159.5945
163.6835
168.3336
171.3559
175.2837
179.4873
182.8689
186.1030
189.5155
194.5443
199.6499
203.6327
207.4773
211.0780
215.5609
217.5981
223.4706
226.3208
7.4650
9.3362
11.2662
16.3429
19.8892
22.4506
27.9082
31.9792
33.5585
38.6557
42.2995
45.3707
50.2489
54.6461
58.1606
62.9964
66.9983
70.7819
73.5504
78.2371
81.3590
85.1593
88.8368
92.7884
97.1494
100.3407
104.4979
108.3636
113.0878
116.2981
120.5209
124.1714
128.4328
131.7875
134.9321
139.6178
142.4654
146.9973
150.0154
154.7503
158.9183
163.6578
166.5354
170.4047
174.7742
178.0294
181.3070
184.8208
189.7156
194.7927
198.9084
202.7396
206.2102
210.7597
212.7612
218.5829
221.5242
6.2206
9.6109
11.6270
16.1874
20.2519
24.3401
28.4693
31.5035
36.0460
39.4691
43.2663
47.6109
51.6102
55.9976
60.6493
63.9521
68.2145
71.1567
75.2828
78.9315
82.8248
85.9738
90.2166
94.7253
97.4798
102.0570
105.9282
110.2957
113.6594
118.0658
121.4442
125.7552
129.3658
132.1336
136.9099
139.9483
144.2542
147.4169
152.2866
156.1435
160.8248
164.0097
167.7641
172.0246
175.5366
178.5460
182.0727
187.1705
192.1787
196.1262
200.1458
203.5588
208.0499
210.2911
216.1138
218.8419
7.9205
9.8954
11.6963
15.7506
21.0394
24.3360
27.3439
32.3804
34.9825
38.8219
43.7537
47.5369
51.6509
56.5835
59.8803
63.8927
67.1857
71.3668
74.6617
78.7703
81.9187
85.9576
90.6768
93.4766
97.7760
101.7901
106.2384
109.3547
113.9238
117.3482
121.4480
125.1162
128.0580
132.6655
135.8385
140.2494
143.1713
148.0393
152.0156
156.6432
159.7756
163.6681
167.8243
171.3014
174.4405
177.8525
182.9565
188.0394
191.9590
195.8690
199.4557
203.9140
206.0383
211.9137
214.6824
6.6252
10.5971
12.2866
16.8558
21.4299
22.9407
27.6508
31.8364
34.9142
39.3168
43.8085
47.6019
52.2220
56.1468
60.1255
62.7198
67.2915
70.6844
74.3839
77.9718
82.0816
86.3503
89.4457
93.8260
97.6083
102.2289
105.6115
109.7639
113.3418
117.7429
121.0994
124.0820
128.8808
131.6792
136.1176
139.2932
144.0525
148.1006
152.8670
155.8180
159.5886
164.0032
167.3188
170.4781
174.0626
178.9828
184.0050
188.1131
192.0378
195.3967
199.9551
202.0660
207.8573
210.7372
7.1929
10.7577
12.8882
17.5091
20.8508
24.7925
28.6134
32.4820
36.2899
40.3050
44.9892
49.4157
52.6024
57.0362
59.8361
63.8377
67.7124
71.5195
74.5795
78.9468
83.3760
86.0493
90.7988
94.5974
98.8821
102.3810
106.7210
110.0443
114.4666
118.0663
120.7141
125.5762
128.5655
132.8038
136.0845
140.9659
144.7387
149.4443
152.6701
156.3495
160.6512
164.1963
167.1244
170.7068
175.8110
180.7776
184.7289
188.8110
192.1367
196.6375
198.9512
204.7480
207.4395
5.9925
10.1301
12.6670
16.6489
21.3343
23.4989
27.7200
32.4193
35.9447
40.4190
45.2697
48.2675
52.4277
55.8339
59.7876
63.2368
67.4029
70.3407
74.4654
79.2520
81.8965
86.3228
90.3398
94.6683
97.8325
102.4576
105.7912
109.9124
113.6546
116.4785
121.1135
124.3418
128.6859
131.6472
136.5558
140.4376
145.0535
148.2693
152.1251
156.2539
159.8032
162.8627
166.2831
171.4397
176.4999
180.3766
184.3416
187.9042
192.3468
194.5430
200.4158
203.1221
7.7414
10.1727
11.6116
16.9720
19.8535
23.1789
28.2272
32.3026
36.0114
40.9375
44.6459
48.4448
51.5539
56.0128
59.1235
63.1327
66.5427
70.4956
75.0760
78.0848
82.2649
86.2211
90.8245
93.9675
98.3689
101.9131
106.0900
109.5926
112.6587
117.2917
120.3062
124.7972
127.7379
132.5401
136.6274
141.3179
144.3023
148.1951
152.4581
155.8148
159.0375
162.4975
167.4871
172.5726
176.5985
180.4589
183.9950
188.4981
190.5545
196.4059
199.2628
5.9729
9.2704
12.1250
16.2478
20.0475
23.4360
27.4675
32.2546
36.5721
39.7645
44.1941
46.9768
50.9769
54.8428
58.6507
61.7119
66.0712
70.4958
73.1865
77.9186
81.7102
86.0143
89.5171
93.8334
97.1717
101.6084
105.1797
107.8530
112.7128
115.6819
119.9430
123.2084
128.0803
131.8792
136.5982
139.7879
143.4769
147.7932
151.3126
154.2661
157.8513
162.9309
167.9037
171.8768
175.9400
179.2687
183.7753
186.0680
191.8645
194.5747
7.5934
10.1567
11.2865
16.0765
20.1462
23.3257
28.2838
32.9425
35.6323
39.9617
43.4180
47.1524
50.7782
54.9585
57.7198
61.9406
66.7424
69.2664
73.8260
77.8156
82.0503
85.2952
89.9181
93.1858
97.3683
101.1360
103.8587
108.5429
111.7725
116.0629
119.0884
124.0190
127.8283
132.4543
135.7155
139.5248
143.6642
147.2531
150.2489
153.6992
158.8745
163.9084
167.7753
171.7868
175.3004
179.7428
181.9965
187.8563
190.5255
6.1912
10.1498
12.0096
16.8964
21.4955
24.6707
29.4659
33.6908
37.2866
40.0624
44.8127
47.8163
51.6542
55.3330
59.2467
63.6279
66.8280
70.9604
74.8215
79.5475
82.7754
86.9781
90.6182
94.9146
98.2522
101.3853
106.0785
108.9208
113.4561
116.4675
121.2120
125.3651
130.1201
132.9895
136.8502
141.2255
144.4884
147.7509
151.2755
156.1675
161.2377
165.3564
169.1996
172.6554
177.2012
179.2282
185.0480
187.9664
8.2065
9.2359
11.6894
16.6730
20.5839
24.7297
28.7706
32.8040
35.1569
39.6828
43.2379
46.8485
50.3783
54.5823
58.7722
61.8170
66.3315
70.0410
74.6020
78.1126
82.1873
85.7197
90.2357
93.5650
96.4534
101.3219
104.0764
108.4721
111.7265
116.4990
120.4816
125.2765
128.2461
131.9619
136.4086
139.7493
142.8476
146.4750
151.3960
156.3881
160.5014
164.4714
167.7681
172.3299
174.5008
180.2755
183.1185
6.1353
10.7729
12.9751
17.3574
22.3574
25.1162
28.9715
32.8483
36.7190
39.8152
44.2106
47.0641
51.0185
55.9796
58.6419
62.8628
66.9615
71.3462
74.3754
79.0613
82.4284
86.4655
90.1977
93.1358
97.6864
100.9491
105.3704
108.1994
113.0955
117.0616
121.6776
124.8162
128.7383
132.8494
136.3469
139.4906
142.8746
147.9940
153.0882
156.9896
160.8890
164.5114
168.9513
171.0794
176.9675
179.7135
7.4360
11.0137
12.8604
18.1075
22.4623
25.4943
28.7408
33.5474
36.0431
40.1436
43.7952
47.4728
52.0738
55.3025
59.1650
63.1530
67.9359
70.9575
75.2946
78.9574
83.0934
86.4778
89.7336
94.2957
97.2475
101.8562
104.6813
109.4323
113.6586
118.3762
121.2129
125.1678
129.4638
132.7125
136.0536
139.4992
144.4010
149.5187
153.6121
157.3886
160.9586
165.4772
167.4405
173.2956
176.2259
6.2779
9.7527
13.1726
17.3399
21.2789
23.5556
28.0511
31.6057
35.2342
38.7068
42.9139
47.1273
50.1450
54.6670
58.3764
62.9198
66.4384
70.5192
74.0339
78.5587
81.8938
84.7716
89.6350
92.4063
96.8040
100.0391
104.8215
108.7961
113.5919
116.5632
120.2847
124.7200
128.0695
131.1654
134.7863
139.7133
144.7082
148.8148
152.7838
156.0917
160.6466
162.8226
168.6024
171.4340
7.9294
10.7791
12.3695
16.9416
20.5566
23.8704
27.6537
31.8684
34.4049
38.7053
43.5040
45.9533
50.6046
54.5385
58.7370
62.0844
66.6235
69.8748
74.1678
77.8737
80.5605
85.3028
88.4572
92.7456
95.8262
100.7468
104.5493
109.2225
112.4390
116.2120
120.4157
123.9747
126.9630
130.4632
135.5915
140.6067
144.5240
148.5449
151.9951
156.4596
158.7242
164.5626
167.2462
5.9274
11.4202
12.9884
16.1672
21.3455
23.2401
27.3430
31.2303
34.7166
39.2514
42.6503
46.3480
50.3080
55.2009
58.2191
62.4490
66.1806
70.3613
73.6418
76.9712
81.5380
84.4059
89.0614
91.8819
96.6017
100.8801
105.6318
108.3897
112.3434
116.6896
119.8827
123.2585
126.7279
131.5749
136.6911
140.8324
144.5897
148.1323
152.6683
154.6106
160.4542
163.4139
7.9390
9.1620
10.6467
16.1127
18.6485
22.2050
26.2431
30.0604
34.1645
37.5768
41.6780
45.3898
50.2131
53.6010
57.5471
61.2449
65.7341
68.8914
72.0270
76.8093
79.4774
84.0309
87.1336
91.8430
96.0051
100.8338
103.6161
107.4182
111.8986
115.1069
118.3589
121.9594
126.7770
131.8159
136.0061
139.8661
143.2238
147.7996
149.8501
155.6374
158.5680
6.3358
10.5125
11.7629
16.0421
20.4397
22.1058
26.5907
31.5875
33.6528
38.5091
42.4468
46.4268
49.8305
54.4598
57.5698
61.8839
65.6834
68.2286
72.9892
76.2205
80.4419
83.5370
88.5026
92.2103
96.8727
100.1628
103.9088
108.0782
111.7030
114.6246
118.1256
123.2988
128.2976
132.1772
136.2377
139.6779
144.1252
146.4452
152.2840
154.9148
7.2118
9.6442
10.9016
15.8841
18.5426
22.0708
27.2273
30.0199
33.8966
38.0247
42.5587
45.5259
50.1056
53.5694
57.6548
61.2331
64.3200
68.8523
72.0015
76.5272
79.2999
84.1472
88.2269
92.9079
95.8862
99.8280
104.0245
107.4097
110.6413
114.0602
119.0699
124.1727
128.1727
132.0184
135.6074
140.0808
142.1497
148.0215
150.8364
7.6260
9.3267
11.7085
16.3908
20.1552
23.6381
27.3100
31.5042
34.9522
39.8493
43.4893
47.0932
50.8427
55.5717
58.5279
61.6181
66.5294
68.9854
73.5242
76.7837
81.4497
85.5963
90.4960
93.2126
96.9302
101.5276
104.6882
107.9079
111.5962
116.3451
121.3419
125.5993
129.4903
132.7310
137.3414
139.4236
145.1717
148.1152
7.6422
10.1927
10.8719
15.9980
20.2871
22.2146
27.6224
31.1668
35.0543
38.9298
43.1273
46.2253
50.9305
54.4975
56.8843
61.8795
64.8195
68.9787
72.3556
77.2729
80.9216
85.6940
88.9182
92.5200
96.8716
100.4415
103.2941
106.9403
112.0190
116.9484
120.9303
125.0516
128.3005
132.8054
135.1827
140.9581
143.6098
6.0128
9.1127
11.5116
16.4641
19.8101
23.1504
27.1933
32.0595
35.0258
39.2997
42.9679
47.1685
50.4714
53.7596
58.3103
61.2345
65.8801
68.6579
73.4187
77.6422
82.4010
85.1872
89.1311
93.4527
96.6942
100.0230
103.4950
108.3718
113.4769
117.5932
121.3838
124.9174
129.4365
131.4361
137.2828
140.1858
7.8583
9.6430
12.0098
16.5286
20.0287
23.2999
28.5432
32.1277
35.4376
39.3690
44.1387
46.8662
50.1588
55.0231
57.3472
62.0069
65.1825
69.7876
74.0633
78.9981
81.5650
85.3261
89.9676
93.0271
96.3446
100.0289
104.6960
109.7158
114.0326
117.8574
121.1180
125.7417
127.7533
133.5032
136.5022
6.0232
10.6915
11.5793
17.0124
20.6572
24.3327
28.0633
32.4799
35.4826
40.0619
43.7350
46.1641
51.0434
54.1382
58.3470
61.5397
66.4898
70.1751
74.9173
78.1324
81.8179
86.0883
89.6658
92.5750
96.1517
101.2510
106.2221
110.1769
114.2477
117.5978
122.0763
124.4090
130.2176
132.8700
7.2861
9.2044
11.9298
16.2247
20.7278
23.5529
28.1331
31.5702
35.6930
39.1997
42.3354
46.8366
49.9658
54.5407
57.2442
62.0926
66.1947
70.9164
73.8231
77.7671
81.9942
85.3488
88.5962
92.0360
97.0039
102.1029
106.1398
109.9777
113.5411
118.0218
120.0946
125.9581
128.7752
7.0037
9.0675
11.3905
16.8653
20.7378
23.4776
27.4579
32.4880
34.9868
38.2253
43.1762
45.3538
50.0068
53.2613
57.8562
62.0930
67.0724
69.6124
73.3227
78.0121
81.0720
84.3487
88.0755
92.7254
97.7207
102.0530
105.9076
109.1157
113.7442
115.7986
121.5350
124.5087
8.2776
10.3602
12.8480
17.3844
21.3521
24.0279
29.0383
32.5970
34.6708
39.7667
42.7163
46.7992
50.2112
55.1695
58.7112
63.5195
66.7559
70.3197
74.6759
78.2761
81.0819
84.7492
89.8267
94.7414
98.7259
102.8639
106.0938
110.5913
113.0013
118.7733
121.3952
5.2571
10.4609
12.2726
16.4315
20.2741
24.2652
27.3411
31.0027
35.3091
38.2363
43.0722
45.5419
50.2762
54.6516
59.4314
62.0480
66.0857
70.3938
73.5525
76.9911
80.4240
85.2366
90.3776
94.5307
98.2478
101.8371
106.3488
108.2899
114.1516
117.0797
7.2186
10.2676
12.1581
16.4102
21.3528
23.6035
27.1368
31.8913
34.1079
38.9175
41.9027
46.4986
50.8476
55.8128
58.2672
62.0844
66.7061
69.7389
73.1047
76.7585
81.4063
86.4503
90.7672
94.5578
97.8727
102.4745
104.4770
110.2490
113.2254
6.7366
9.4336
11.1821
16.6282
20.0666
21.8537
27.0043
29.9575
34.0322
37.3891
42.3676
45.8868
50.7305
53.9172
57.4926
61.8518
65.4362
68.2628
71.9280
76.9796
81.9043
85.9084
90.0216
93.2689
97.7635
100.1558
105.9336
108.5621
7.9962
9.5083
12.1441
16.4497
19.5443
23.3662
27.2762
31.8380
33.8474
38.8733
42.8961
47.4891
50.4996
54.6037
58.5454
62.0383
65.2871
68.5598
73.6565
78.8084
82.7078
86.5151
90.2621
94.6529
96.7419
102.6661
105.3834
5.9391
10.9745
11.6373
15.5618
20.2127
21.9601
26.9566
29.8705
34.3823
38.8264
43.8683
46.1376
49.9477
54.6487
57.5972
61.0039
64.6904
69.2587
74.2986
78.6704
82.4396
85.7244
90.3375
92.3314
98.0941
101.0821
7.2654
9.7146
10.8094
16.0477
18.8932
23.0009
26.2523
31.2288
34.7706
39.6781
42.7404
46.3398
50.7305
54.2559
57.1398
60.8085
65.7992
70.7403
74.7910
78.8587
82.1217
86.6219
88.9740
94.7556
97.4126
7.1593
9.1339
11.3313
16.4505
20.7257
21.8893
27.1189
30.9589
35.4201
38.5679
42.7684
46.4608
50.0976
53.2979
56.4538
61.6632
66.8347
70.6228
74.4349
78.2848
82.6104
84.7405
90.6968
93.3270
7.9540
9.7651
11.3948
17.0656
18.5361
22.9650
27.9272
32.8572
34.7746
38.9464
43.4341
46.2443
49.9558
53.4183
57.9474
63.1223
67.4685
71.0416
74.6011
79.1546
80.9761
86.8196
89.8531
6.7609
9.6032
12.4887
16.1099
21.2619
24.0492
28.9893
32.3713
35.7443
40.0629
43.8371
46.4143
50.1420
55.2616
60.1182
64.0688
68.2832
71.4613
75.9234
78.4567
84.2194
86.7280
7.9317
10.6444
10.7580
16.2778
19.6360
24.1548
27.4168
31.4985
35.1824
38.9401
41.9695
45.2081
50.4423
55.5512
59.3431
63.2529
66.9834
71.3143
73.5656
79.4889
82.0498
6.5398
9.3859
13.0385
17.5218
22.8823
24.4678
28.0237
33.1098
35.8316
39.1930
43.0869
47.4206
52.3745
56.9025
60.7088
63.7809
68.4391
70.5121
76.2144
79.1837
8.0400
11.3452
12.7786
18.2494
21.0623
23.6649
28.6934
32.1928
34.5169
38.6900
43.4402
48.0941
52.3326
56.6459
59.3661
63.9591
66.5892
72.2061
74.7742
5.7773
9.9203
14.5090
16.6932
21.0610
24.9334
28.2338
31.6669
34.9247
39.8117
44.9903
49.0337
52.7469
56.4669
60.8669
62.9259
68.8354
71.5753
8.0651
12.1936
11.8408
16.5551
21.0191
23.2816
27.4374
30.7796
34.9925
40.2472
44.7198
48.1157
51.7523
56.2849
58.0190
63.8835
66.9371
5.6085
9.7201
12.3099
16.0728
20.4165
22.4340
26.1371
31.4393
36.2284
40.0248
44.3260
47.5566
51.9170
54.6017
60.3828
62.7122
8.0032
10.0295
11.3479
16.8571
18.2478
21.3182
27.2974
32.1041
35.3380
39.7054
43.3390
47.4491
50.2636
56.1480
58.1960
6.2593
9.8636
11.5475
15.9591
19.1258
23.1916
28.4747
32.9298
36.3133
39.9878
44.4626
46.2854
52.1673
55.1072
7.5198
9.3602
11.4015
15.9964
19.8592
24.4539
29.0796
33.1735
35.8086
40.4466
42.9436
48.5499
51.2203
7.4816
7.5961
10.0808
16.0961
20.9056
24.1640
28.3823
32.1368
36.2130
38.9257
44.8252
46.9308
7.8296
9.7286
11.7453
17.2290
22.1499
25.0097
28.7139
33.2150
34.7564
40.6333
43.7487
5.9568
10.4189
14.1323
17.8547
22.6532
25.2038
29.5228
32.7414
38.3285
40.3445
7.9704
12.0218
14.2454
18.4989
22.6754
26.3950
29.2637
35.1990
37.0157
5.9317
11.2557
13.5522
17.1335
21.5317
23.1959
29.0504
32.0057
7.2130
10.0978
11.5155
16.1993
18.8199
24.2526
26.8426
7.1210
9.6756
12.3678
16.7291
22.1144
22.9560
8.5200
10.1382
11.1436
17.3171
19.5024
5.4202
9.7850
13.7874
15.6650
7.8593
10.8173
10.8377
6.4336
10.9708
7.3205
