# Pairwise distances between all Valine CB atoms (in Å)
7.1815
10.8106
13.3853
17.9552
20.9831
24.6539
29.5153
32.7888
37.1884
41.4161
43.9125
48.3538
52.2018
57.0070
59.3520
64.2435
66.8811
71.2451
74.6602
79.5108
82.6564
87.3256
91.6463
94.9341
99.1288
102.6319
106.4673
110.6991
113.0690
118.6998
120.8756
126.4844
130.4053
133.7356
138.8513
142.5358
146.7880
151.0828
153.3436
158.6895
161.8280
167.0119
170.0257
174.8417
176.8680
180.9440
184.5838
188.9525
193.0104
197.2500
202.0285
204.2295
208.6747
213.3262
217.3323
221.5169
225.0853
229.5494
232.4796
236.7579
240.9222
245.2478
248.7834
253.8113
255.6420
259.9012
263.7647
267.9686
272.2828
275.9560
278.7539
283.6434
288.0459
292.0520
295.5005
299.3378
304.0053
307.7326
310.3493
314.1935
318.5678
322.5035
326.2747
330.4219
335.4911
339.1789
343.3451
346.3162
350.9537
354.6112
358.1413
360.5319
364.4083
370.8641
374.1668
377.8263
381.9129
386.8279
388.8319
393.5447
396.8577
5.9674
8.8995
11.5207
15.5562
19.4115
23.3432
26.6403
31.6038
35.3565
38.2433
42.7888
46.2107
50.9518
53.8269
58.4406
61.1169
65.7384
68.7614
73.5495
77.0615
81.5690
85.8698
89.3681
93.5073
96.7768
100.8969
105.0409
107.2142
112.9277
115.1860
120.5909
124.6861
128.0985
133.0193
136.7895
141.1311
145.2282
147.6705
153.0343
155.9982
161.2263
164.3507
169.0471
171.1780
175.3159
178.7774
183.2056
187.3521
191.5353
196.3137
198.6098
202.9383
207.5567
211.6970
215.7960
219.3983
223.9156
226.7071
231.0228
235.2810
239.5531
243.0316
248.1330
249.8886
254.1016
258.0785
262.2712
266.4993
270.2667
273.0351
277.8828
282.3652
286.3988
289.7448
293.6290
298.3329
301.9939
304.6542
308.5416
312.8252
316.7897
320.6241
324.7306
329.7827
333.5465
337.6562
340.5999
345.3115
348.9207
352.4340
354.8779
358.6739
365.1492
368.5196
372.1336
376.2010
381.1529
383.1131
387.7968
391.1904
7.6989
10.0472
10.8326
15.4304
20.0292
22.4104
27.5372
31.6427
33.5734
38.2052
42.2192
46.6708
49.3891
54.2938
56.5403
61.0881
64.5238
69.2073
72.5889
77.2704
81.3318
84.7437
89.1211
92.4281
96.2954
100.6167
102.7504
108.3845
110.7729
116.2377
120.1323
123.6274
128.6376
132.2817
136.6922
140.8703
143.1141
148.5246
151.6136
156.7164
159.8815
164.6429
166.6007
170.7705
174.3065
178.6573
182.8398
187.1038
191.7780
194.0762
198.4907
203.0824
207.1716
211.3620
214.8491
219.3921
222.2662
226.5043
230.7512
235.0952
238.5274
243.5936
245.4690
249.6615
253.5710
257.8084
262.0487
265.7404
268.6052
273.4472
277.8491
281.9083
285.2978
289.1131
293.8635
297.5481
300.1195
304.0339
308.3515
312.2723
316.1222
320.2677
325.2827
329.0112
333.1995
336.1085
340.7756
344.4524
347.9131
350.3755
354.1929
360.6411
363.9953
367.6648
371.6863
376.6303
378.6654
383.3347
386.6921
6.5431
9.9154
11.9527
16.8052
20.9860
24.3465
28.5695
31.8708
36.0023
39.4198
44.6392
46.6976
51.3974
54.5804
58.8356
61.9516
66.9957
70.0081
74.5493
79.2127
82.4652
86.3603
89.9653
93.9488
97.9813
100.5569
106.2293
108.1518
113.8297
117.8934
121.0459
126.1711
129.9645
134.0599
138.3810
140.7843
146.0474
149.1355
154.4623
157.3352
162.1420
164.3422
168.3263
171.9841
176.4212
180.3598
184.5243
189.4470
191.5830
195.9803
200.6914
204.6796
208.7914
212.4978
216.8905
219.7951
224.1563
228.2737
232.5326
236.1702
241.1971
242.9112
247.2302
251.1080
255.2574
259.6118
263.3261
266.0113
270.9339
275.3940
279.3487
282.8012
286.7024
291.2834
295.0188
297.7308
301.5097
305.8932
309.8708
313.5811
317.6992
322.8285
326.5196
330.6119
333.6456
338.2996
341.8928
345.5057
347.8377
351.7336
358.2140
361.4975
365.1080
369.2694
374.1714
376.1005
380.8506
384.1626
8.1254
9.8917
12.2204
16.5979
20.9776
24.2830
28.2636
32.5467
35.2620
40.3581
43.2612
47.5317
50.7304
55.3667
57.9226
62.8552
66.4095
70.7242
75.3229
78.8725
82.7157
85.9815
90.3430
94.2724
96.5528
102.3323
104.3950
109.7839
114.0682
117.3507
122.2094
126.1052
130.3373
134.3888
137.0182
142.3135
145.1739
150.5415
153.5778
158.2262
160.5431
164.6192
168.0390
172.5452
176.6146
180.7136
185.6176
187.8856
192.1360
196.7957
200.9606
204.9694
208.7022
213.1723
215.8996
220.2986
224.5432
228.7409
232.2912
237.4127
239.0444
243.2957
247.3181
251.4597
255.6975
259.5277
262.1889
267.0533
271.6085
275.6048
278.9249
282.8778
287.5163
291.1656
293.9209
297.7634
302.0292
306.0381
309.8368
313.9065
319.0059
322.7932
326.8229
329.8135
334.5594
338.0994
341.6799
344.0874
347.8782
354.3799
357.7518
361.3107
365.4378
370.3883
372.2714
376.9795
380.3939
5.4064
10.2420
12.1524
16.7717
21.1123
22.9347
27.4495
31.5385
36.1095
38.5797
43.5170
45.9067
50.3686
53.8049
58.5749
61.8172
66.5007
70.6832
74.0405
78.3332
81.7237
85.5834
89.8540
92.1084
97.7403
100.0187
105.5599
109.4644
112.8793
117.9372
121.6012
125.9392
130.1722
132.4265
137.8037
140.9145
146.0618
149.1499
153.9351
155.9368
160.0593
163.6410
168.0063
172.1240
176.3730
181.1018
183.3571
187.7771
192.3991
196.4548
200.6359
204.1683
208.6744
211.5674
215.8296
220.0401
224.3700
227.8532
232.9041
234.7516
238.9770
242.8675
247.0873
251.3615
255.0490
257.8782
262.7413
267.1485
271.1837
274.5954
278.4255
283.1366
286.8375
289.4366
293.3178
297.6571
301.5884
305.4030
309.5457
314.5868
318.3024
322.4739
325.4117
330.0712
333.7330
337.2288
339.6585
343.4992
349.9532
353.2871
356.9469
361.0009
365.9328
367.9484
372.6378
375.9788
6.9257
10.2606
12.5714
17.2641
20.0360
24.0635
27.8083
32.9344
34.8108
39.6627
42.6797
46.8960
50.1774
55.1914
58.1328
62.7510
67.3158
70.5433
74.5423
78.1461
82.0403
86.1433
88.6936
94.3355
96.3202
102.0162
105.9982
109.1981
114.3475
118.0887
122.2305
126.5712
128.8969
134.1849
137.3157
142.5884
145.4926
150.3176
152.4490
156.4561
160.1280
164.5367
168.5026
172.7005
177.5721
179.7242
184.1461
188.8401
192.8239
196.9688
200.6229
205.0376
207.9622
212.2905
216.4175
220.7045
224.3102
229.3309
231.0950
235.3969
239.2571
243.4284
247.7760
251.4663
254.1975
259.1100
263.5416
267.5156
270.9728
274.8462
279.4588
283.1947
285.8683
289.6692
294.0543
298.0145
301.7448
305.8761
310.9825
314.6701
318.7935
321.8033
326.4484
330.0681
333.6505
336.0023
339.8944
346.3644
349.6525
353.2837
357.4174
362.3223
364.2833
369.0204
372.3283
6.2737
9.2696
12.0728
16.7023
20.6754
23.0452
28.2739
31.1622
35.3166
38.6475
43.2833
45.7082
50.6831
54.2230
58.5050
63.1538
66.7095
70.5077
73.7692
78.1602
82.0571
84.3634
90.1444
92.1760
97.5794
101.8688
105.1346
109.9961
113.8962
118.1184
122.1780
124.8090
130.0965
132.9611
138.3372
141.3579
146.0103
148.3367
152.4036
155.8308
160.3401
164.3959
168.4936
173.4045
175.6677
179.9171
184.5815
188.7417
192.7500
196.4873
200.9530
203.6838
208.0845
212.3239
216.5209
220.0775
225.1953
226.8273
231.0834
235.0987
239.2399
243.4837
247.3096
249.9705
254.8371
259.3892
263.3845
266.7085
270.6603
275.2964
278.9482
281.7037
285.5430
289.8124
293.8210
297.6165
301.6872
306.7875
310.5731
314.6039
317.5954
322.3394
325.8801
329.4624
331.8671
335.6612
342.1624
345.5315
349.0916
353.2204
358.1688
360.0539
364.7635
368.1739
7.9609
10.2422
12.0992
16.7837
20.1158
24.3505
27.8483
32.2991
34.5803
39.4749
42.3250
46.9606
50.7537
55.2121
59.2982
62.9546
67.2088
70.2532
74.4719
78.6435
80.6138
86.3427
88.7548
94.0301
98.1288
101.6657
106.4782
110.2307
114.6966
118.6868
121.1393
126.5439
129.4532
134.6363
137.8670
142.5116
144.6185
148.8204
152.1922
156.6196
160.8481
165.0391
169.7519
172.1233
176.4117
180.9899
185.1997
189.2895
192.8464
197.4188
200.1568
204.4527
208.7726
213.0479
216.4575
221.5892
223.3645
227.5331
231.5460
235.7584
239.9339
243.7204
246.5279
251.3411
255.8299
259.9004
263.1985
267.0734
271.8325
275.4595
278.0974
282.0314
286.2702
290.2290
294.1178
298.2183
303.2346
307.0330
311.1493
314.0509
318.7895
322.4043
325.8743
328.3668
332.1184
338.5910
341.9994
345.6142
349.6408
354.6131
356.5885
361.2431
364.6702
5.7991
9.0698
12.0891
15.3648
20.7797
22.4151
27.0963
30.4428
34.6381
37.6467
42.7507
45.6904
50.2158
54.9196
58.1862
62.0531
65.6280
69.6525
73.6551
76.2343
81.9067
83.8216
89.4966
93.5612
96.7253
101.8288
105.6216
109.7424
114.0435
116.4520
121.7194
124.7948
130.1189
133.0087
137.8020
140.0093
144.0054
147.6377
152.0806
156.0338
160.1983
165.1072
167.2682
171.6457
176.3471
180.3614
184.4658
188.1630
192.5740
195.4561
199.8144
203.9543
208.2110
211.8271
216.8657
218.5836
222.8887
226.7791
230.9353
235.2713
238.9941
241.6927
246.6018
251.0664
255.0367
258.4680
262.3676
266.9708
270.6910
273.3974
277.1949
281.5581
285.5353
289.2689
293.3830
298.4976
302.2069
306.2992
309.3146
313.9835
317.5763
321.1722
323.5254
327.4005
333.8809
337.1828
340.7915
344.9362
349.8477
351.7819
356.5193
359.8476
8.2939
10.2936
11.0085
16.6608
19.5522
23.2893
27.0123
31.6387
33.6778
38.7416
42.2971
46.4663
51.2471
54.8328
58.4981
61.7352
66.2316
70.0349
72.3801
78.1789
80.1393
85.5411
89.8836
93.1093
97.9488
101.8822
106.0772
110.1245
112.8025
118.0692
120.9084
126.3206
129.3152
133.9556
136.3308
140.3801
143.7971
148.3260
152.3590
156.4374
161.3766
163.6350
167.8634
172.5375
176.7040
180.6917
184.4571
188.9130
191.6289
196.0471
200.2839
204.4646
208.0362
213.1573
214.7652
219.0297
223.0513
227.1829
231.4297
235.2663
237.9079
242.7769
247.3418
251.3313
254.6497
258.6137
263.2387
266.8875
269.6606
273.4918
277.7572
281.7739
285.5636
289.6273
294.7350
298.5265
302.5426
305.5410
310.2923
313.8203
317.4140
319.8128
323.6052
330.1108
333.4810
337.0312
341.1699
346.1179
347.9905
352.7040
356.1177
5.0684
10.6419
13.7501
16.3225
21.4104
22.9852
27.6093
31.2183
35.7972
39.1239
43.8689
47.7703
51.2036
55.6855
58.9231
62.7527
67.1047
69.2109
74.8234
77.2457
82.7229
86.5615
90.0862
95.0955
98.7098
103.1541
107.3363
109.5435
114.9599
118.0656
123.1530
126.3206
131.0853
133.0347
137.2071
140.7435
145.0935
149.2724
153.5431
158.2066
160.5154
164.9221
169.5120
173.6073
177.7979
181.2789
185.8281
188.6975
192.9331
197.1849
201.5285
204.9567
210.0229
211.9036
216.0952
219.9990
224.2397
228.4797
232.1685
235.0402
239.8779
244.2775
248.3429
251.7269
255.5406
260.2975
263.9775
266.5486
270.4665
274.7787
278.7002
282.5555
286.6990
291.7096
295.4459
299.6320
302.5352
307.2087
310.8827
314.3413
316.8078
320.6197
327.0684
330.4276
334.0945
338.1141
343.0595
345.0951
349.7621
353.1224
7.2779
10.2101
11.3400
16.6959
18.6781
22.9518
26.6740
31.4585
34.3856
39.1734
43.3335
46.6089
50.9354
54.3829
58.1433
62.4235
64.7746
70.3665
72.5894
78.2234
82.0536
85.4338
90.5509
94.1847
98.4988
102.7954
104.9933
110.3569
113.5200
118.6661
121.7050
126.5219
128.5180
132.6131
136.2414
140.6019
144.6775
148.9350
153.6753
155.9088
160.3422
164.9785
169.0069
173.1977
176.7357
181.2262
184.1422
188.4047
192.5933
196.9263
200.4307
205.4659
207.3197
211.5613
215.4249
219.6435
223.9400
227.6104
230.4386
235.3104
239.7059
243.7353
247.1634
250.9896
255.6897
259.4008
262.0013
265.8699
270.2235
274.1542
277.9547
282.1006
287.1475
290.8555
295.0286
297.9730
302.6255
306.2877
309.7933
312.2104
316.0637
322.5169
325.8403
329.5018
333.5651
338.4899
340.5070
345.2036
348.5318
6.6502
9.5970
12.4044
16.4243
21.0714
22.6711
27.7697
31.4032
35.4981
40.2771
43.9179
47.5681
50.7307
55.2816
59.0667
61.3757
67.1770
69.1615
74.5441
78.8800
82.1334
86.9520
90.8757
95.1040
99.1347
101.8018
107.0786
109.9165
115.3129
118.3297
122.9651
125.3256
129.3892
132.7939
137.3182
141.3684
145.4559
150.3729
152.6488
156.8744
161.5387
165.7163
169.7104
173.4558
177.9265
180.6386
185.0455
189.2947
193.4832
197.0360
202.1598
203.7851
208.0389
212.0596
216.2009
220.4387
224.2705
226.9321
231.7930
236.3501
240.3513
243.6640
247.6182
252.2612
255.9051
258.6635
262.5082
266.7675
270.7783
274.5820
278.6489
283.7443
287.5403
291.5670
294.5515
299.3043
302.8413
306.4195
308.8314
312.6164
319.1184
322.4953
326.0524
330.1766
335.1282
337.0137
341.7190
345.1356
7.9884
9.6360
10.9373
16.5086
18.2020
22.6239
27.0159
31.1730
35.1193
39.0593
43.2491
45.9573
50.4715
54.5260
56.3129
62.1010
64.5702
69.6938
73.9011
77.4957
82.1612
85.9624
90.4942
94.3582
96.9147
102.3209
105.1294
110.3425
113.6223
118.1983
120.3765
124.6022
127.8779
132.3430
136.6012
140.7591
145.4770
147.8971
152.1156
156.6813
160.9577
164.9991
168.5796
173.1735
175.8414
180.1595
184.5203
188.7648
192.1547
197.3176
199.0541
203.2071
207.2648
211.4700
215.6122
219.4387
222.2296
227.0248
231.5486
235.6303
238.8831
242.7803
247.5514
251.1493
253.8113
257.7593
261.9592
265.9326
269.8446
273.9256
278.9363
282.7691
286.8568
289.7484
294.5200
298.1100
301.5781
304.0888
307.8081
314.2896
317.7246
321.3174
325.3409
330.3261
332.2809
336.9260
340.3835
6.4440
9.4415
12.4057
16.0889
21.2365
23.3248
28.1139
32.7756
35.8016
39.7837
43.5277
47.2563
51.3562
54.0848
59.6523
61.5404
67.3808
71.2426
74.3958
79.6311
83.3193
87.4404
91.8668
94.0997
99.3767
102.5829
107.8353
110.6925
115.5586
117.6605
121.6453
125.3705
129.7631
133.6944
137.9141
142.7753
144.9150
149.3567
154.0565
158.0150
162.1819
165.8179
170.2295
173.1809
177.4945
181.6083
185.9097
189.5176
194.5225
196.3152
200.6221
204.4510
208.6324
212.9939
216.6588
219.4129
224.3256
228.7343
232.7153
236.1846
240.0413
244.6634
248.4049
251.0610
254.8648
259.2584
263.2099
266.9424
271.0815
276.1788
279.8627
284.0016
287.0014
291.6401
295.2722
298.8445
301.2000
305.0959
311.5602
314.8460
318.4878
322.6122
327.5146
329.4931
334.2269
337.5261
7.6955
10.2767
10.7551
16.3354
19.1690
23.2092
28.4284
31.8267
35.2097
38.6343
43.0832
46.7620
49.3948
55.1399
56.8799
62.4781
66.7494
69.8411
74.8070
78.7190
82.8129
86.9995
89.5997
94.8238
97.7631
103.1926
106.0691
110.7816
113.1498
117.1327
120.6608
125.1755
129.1165
133.2125
138.1838
140.3791
144.6555
149.3630
153.4540
157.4740
161.2474
165.6626
168.4479
172.8607
177.0390
181.2368
184.8574
189.9371
191.5701
195.8714
199.8271
203.9588
208.2606
212.0492
214.6953
219.5895
224.1173
228.0896
231.4608
235.4069
240.0056
243.6883
246.4503
250.2522
254.5642
258.5713
262.3236
266.4045
271.5253
275.2827
279.3196
282.3350
287.0535
290.5985
294.2087
296.5760
300.4094
306.9077
310.2436
313.8117
317.9664
322.8945
324.7844
329.5152
332.8880
6.1772
9.5602
13.1720
16.7931
21.4756
24.7915
28.4548
33.1687
36.0594
39.9613
44.3519
46.2311
51.8471
54.4292
59.7882
63.6071
67.2516
72.1574
75.7504
80.3094
84.3977
86.6134
92.0597
95.1174
100.1767
103.4215
108.1403
110.0891
114.3062
117.7673
122.1265
126.3587
130.6272
135.2526
137.6196
141.9826
146.5469
150.7006
154.8721
158.3350
162.9212
165.7404
169.9722
174.2698
178.6051
181.9916
187.0834
188.9622
193.1267
197.0619
201.3107
205.5138
209.2251
212.1113
216.9253
221.3400
225.4284
228.7724
232.5896
237.3780
241.0306
243.6004
247.5457
251.8218
255.7465
259.6365
263.7695
268.7611
272.5278
276.7055
279.5848
284.2846
287.9509
291.3892
293.8852
297.6637
304.1151
307.5025
311.1606
315.1608
320.1206
322.1545
326.8047
330.1926
7.9935
11.0962
11.8566
17.2424
20.8453
23.6917
28.3909
32.0236
35.2298
39.7134
42.2297
47.6459
49.8678
55.7124
59.2378
62.6130
67.9010
71.3865
75.6992
80.1556
82.1235
87.4954
90.8232
95.8803
98.8690
103.7749
105.6481
109.7216
113.4670
117.7689
121.8061
126.1233
130.8178
133.0174
137.5242
142.1638
146.1206
150.3785
153.8578
158.3392
161.3360
165.5542
169.7043
174.0817
177.5899
182.5836
184.5106
188.7621
192.5538
196.7939
201.1263
204.7334
207.6100
212.4908
216.8283
220.8614
224.3355
228.1207
232.8282
236.5660
239.1221
242.9871
247.3783
251.2852
255.0734
259.2439
264.2805
267.9581
272.1735
275.1107
279.7295
283.4269
286.9191
289.3281
293.2097
299.6480
302.9484
306.6401
310.6930
315.6043
317.6597
322.3588
325.6522
5.8633
9.8020
13.0338
17.9393
21.7963
25.2044
28.0622
32.8739
36.5135
38.7487
44.5626
46.5592
51.8961
56.2392
59.5349
64.2940
68.2090
72.4992
76.4909
79.1499
84.4379
87.2661
92.6439
95.6922
100.3145
102.6637
106.7474
110.1266
114.6487
118.7207
122.8201
127.7039
130.0109
134.2244
138.8742
143.0730
147.0733
150.7898
155.2841
157.9862
162.3771
166.6468
170.8452
174.3694
179.4977
181.1488
185.3868
189.4048
193.5609
197.7854
201.6096
204.3024
209.1498
213.6947
217.7153
221.0177
224.9570
229.6284
233.2637
236.0003
239.8656
244.1146
248.1166
251.9426
256.0138
261.0894
264.8940
268.9361
271.8984
276.6547
280.2046
283.7591
286.1912
289.9643
296.4609
299.8487
303.4155
307.5179
312.4747
314.3799
319.0729
322.4937
7.8800
9.8327
12.8739
17.4559
21.4271
23.3848
28.3548
32.2016
33.7187
39.5654
42.1064
47.0744
51.3575
55.0145
59.5440
63.3710
67.9707
71.7407
74.3555
79.7601
82.5086
87.7382
91.0437
95.5793
97.8019
102.0377
105.2601
109.7481
114.0139
118.1560
122.8745
125.3226
129.5003
134.0613
138.3709
142.3883
145.9795
150.5836
153.2187
157.5468
161.9251
166.1551
169.5382
174.7124
176.4346
180.5837
184.6535
188.8566
192.9888
196.8277
199.6144
204.4020
208.9368
213.0246
216.2602
220.1647
224.9410
228.5278
231.1991
235.1513
239.3370
243.3161
247.2361
251.3098
256.3177
260.1644
264.2416
267.1282
271.9126
275.4930
278.9613
281.4775
285.1861
291.6707
295.1143
298.6993
302.7227
307.7111
309.6601
314.3026
317.7683
5.8508
10.5299
12.7767
16.5933
20.5685
24.0181
28.0586
31.0653
36.5058
38.2429
44.2479
47.9794
51.0797
56.3831
60.0250
64.1346
68.6227
70.7871
76.0527
79.3080
84.5498
87.3728
92.2604
94.3550
98.3254
102.0740
106.4624
110.3715
114.6015
119.4558
121.5981
126.0385
130.7398
134.6959
138.8682
142.4957
146.9115
149.8651
154.1729
158.2885
162.5933
166.1967
171.1987
173.0032
177.3087
181.1274
185.3149
189.6766
193.3344
196.1016
201.0091
205.4110
209.4008
212.8659
216.7166
221.3500
225.0872
227.7366
231.5478
235.9360
239.8852
243.6269
247.7665
252.8551
256.5463
260.6889
263.6781
268.3218
271.9563
275.5199
277.8843
281.7730
288.2358
291.5284
295.1717
299.2877
304.1927
306.1780
310.9060
314.2089
7.8075
10.2641
12.1970
15.6453
20.3350
23.5840
26.5500
32.2137
33.6747
39.4153
43.6594
46.6479
51.6492
55.5572
59.6136
63.8525
66.4238
71.6200
74.5955
80.0370
82.8611
87.5955
89.9745
93.9311
97.4890
102.0033
105.9080
110.0123
114.9859
117.1745
121.4539
126.1686
130.2468
134.2759
138.0431
142.4556
145.2545
149.6606
153.8309
158.0358
161.6594
166.7288
168.3799
172.6858
176.6193
180.7581
185.0701
188.8411
191.5036
196.3976
200.9094
204.8877
208.2666
212.2008
216.8074
220.4938
223.2431
227.0476
231.3654
235.3661
239.1207
243.2076
248.3210
252.0762
256.1252
259.1324
263.8462
267.4011
271.0031
273.3736
277.2100
283.7037
287.0380
290.6148
294.7619
299.6880
301.5925
306.3207
309.6863
5.6342
10.7351
11.8533
15.7186
20.1514
21.4855
27.0623
29.9442
35.1256
38.8349
42.6593
47.4330
50.9672
55.6788
59.6727
61.8595
67.3361
70.3644
75.3862
78.6961
83.3781
85.3218
89.5745
92.9766
97.3434
101.6102
105.8804
110.4716
112.8873
117.2120
121.7579
125.9555
130.1128
133.5609
138.1747
140.9569
145.1858
149.5152
153.8438
157.2026
162.3102
164.1898
168.3378
172.2885
176.5434
180.7247
184.4480
187.3457
192.1432
196.5660
200.6708
203.9882
207.8072
212.6164
216.2506
218.8207
222.7827
227.0352
230.9627
234.8744
239.0000
243.9790
247.7671
251.9379
254.8015
259.5195
263.1791
266.6062
269.1197
272.8774
279.3307
282.7358
286.3870
290.3768
295.3447
297.3771
302.0177
305.4214
7.3183
10.3551
11.5576
16.5353
19.2009
24.1897
26.4806
32.5239
35.6013
39.0391
44.4445
47.7506
52.1316
56.6804
58.4381
63.8321
67.2716
72.2411
75.2266
80.1732
81.9621
86.0422
89.8281
94.0973
98.1324
102.4869
107.1328
109.3449
113.8691
118.4977
122.4455
126.7305
130.1678
134.6648
137.6777
141.8704
146.0249
150.4207
153.9091
158.8949
160.8588
165.1014
168.8718
173.1274
177.4585
181.0459
183.9549
188.8267
193.1441
197.1924
200.6659
204.4336
209.1627
212.8974
215.4325
219.3111
223.6991
227.5973
231.3996
235.5752
240.5963
244.2784
248.5076
251.4276
256.0471
259.7553
263.2304
265.6526
269.5276
275.9610
279.2677
282.9672
287.0049
291.9187
293.9896
298.6802
301.9744
6.8610
9.2722
11.6883
16.3074
21.2866
21.8471
28.3473
32.1539
34.7142
40.1674
43.9373
47.7014
52.3455
54.6397
59.7423
62.9973
68.4279
70.9885
75.9025
78.2096
82.0266
85.8461
90.3029
94.0258
98.1789
103.2011
105.2506
109.6519
114.4265
118.3385
122.4456
126.2134
130.5449
133.4923
137.8778
141.9307
146.1757
149.8882
154.8757
156.5803
160.9505
164.7615
168.9004
173.3122
176.9926
179.6630
184.6044
189.0462
192.9893
196.4683
200.3684
204.9241
208.6744
211.4010
215.1517
219.5558
223.5374
227.2224
231.3411
236.4797
240.1687
244.2554
247.2964
251.9481
255.5341
259.1656
261.4786
265.3891
271.8694
275.1416
278.7495
282.9258
287.8170
289.7483
294.5074
297.8025
8.1651
9.5487
11.0672
16.9036
18.8512
23.8723
28.3617
31.7539
36.2438
40.1908
44.6272
48.4583
51.1809
56.4755
59.2224
64.5964
67.7113
72.2740
74.6534
78.7728
82.0648
86.6051
90.7167
94.8140
99.6571
102.0281
106.1902
110.8157
115.0724
119.0575
122.7483
127.2813
129.9394
134.3201
138.6326
142.8294
146.3100
151.4566
153.1231
157.3354
161.3679
165.5389
169.7339
173.5648
176.2883
181.1123
185.6563
189.7042
192.9766
196.9067
201.6162
205.2300
207.9501
211.8448
216.0669
220.0641
223.9247
227.9934
233.0439
236.8712
240.9204
243.8532
248.6258
252.1813
255.7076
258.1696
261.9172
268.4107
271.8206
275.3905
279.4667
284.4342
286.3544
291.0297
294.4662
6.2783
9.5947
13.3059
15.2572
21.6788
24.2118
27.5293
33.1422
36.3039
40.6166
45.3265
46.9211
52.2867
55.8418
60.7934
63.6843
68.6889
70.4605
74.4931
78.3578
82.6148
86.5844
90.9502
95.6151
97.7919
102.3371
106.9855
110.8941
115.1907
118.6388
123.1130
126.1551
130.3502
134.4758
138.8734
142.3902
147.3578
149.3237
153.5861
157.3285
161.5802
165.9365
169.5078
172.4098
177.2927
181.6009
185.6397
189.1311
192.8980
197.6109
201.3570
203.8978
207.7603
212.1638
216.0631
219.8480
224.0257
229.0560
232.7294
236.9570
239.8875
244.4999
248.2060
251.6946
254.1016
257.9900
264.4238
267.7193
271.4182
275.4684
280.3750
282.4432
287.1424
290.4250
7.6756
10.6582
10.1951
17.0747
20.5974
23.0821
28.5569
32.2598
36.0960
40.7336
42.9648
48.0888
51.3546
56.7424
59.3544
64.2547
66.5309
70.3869
74.1659
78.6158
82.3871
86.5596
91.5271
93.6300
98.0127
102.7604
106.7150
110.8278
114.5525
118.9260
121.8472
126.2116
130.3061
134.5620
138.2242
143.2289
144.9614
149.3010
153.1274
157.2858
161.6653
165.3500
168.0586
172.9765
177.4142
181.3861
184.8377
188.7248
193.3234
197.0536
199.7566
203.5418
207.9197
211.8937
215.6172
219.7362
224.8475
228.5570
232.6561
235.6657
240.3319
243.9282
247.5263
249.8736
253.7569
260.2334
263.5298
267.1436
271.2890
276.1933
278.1418
282.8807
286.1947
6.1532
10.5705
13.8299
17.8127
22.1955
26.1116
29.7236
34.8348
38.2946
40.7567
46.2688
48.9808
54.0304
57.5508
62.0235
64.1119
68.4619
71.5835
76.0338
80.4168
84.6165
89.1824
91.7375
95.8960
100.3960
104.7614
108.8145
112.2913
116.9694
119.5899
123.8559
128.2892
132.5578
135.8528
141.0333
142.8417
146.9435
150.9975
155.2431
159.3421
163.1509
166.0257
170.7797
175.2731
179.4072
182.6263
186.4861
191.3308
194.9023
197.5119
201.5117
205.6811
209.6343
213.6018
217.6899
222.6516
226.5088
230.6286
233.4660
238.2493
241.8653
245.2793
247.8365
251.5260
257.9954
261.4563
265.0680
269.0436
274.0399
276.0368
280.6543
284.1210
7.3326
9.4960
11.8713
16.7233
20.8404
23.9788
29.2685
32.9585
34.9047
40.5004
43.5079
48.3340
51.8533
56.4659
58.2891
62.6520
65.9438
70.2839
74.6607
78.9703
83.4314
85.9531
90.2372
94.7273
98.9946
103.1611
106.5268
111.2077
113.9491
118.1384
122.5279
126.8721
130.1546
135.2812
137.2072
141.3119
145.2721
149.5545
153.6948
157.4157
160.3687
165.1328
169.5431
173.6861
176.9692
180.7675
185.6307
189.2394
191.7782
195.7806
200.0017
203.9186
207.8750
212.0004
216.9448
220.7575
224.9425
227.7674
232.5016
236.1725
239.5616
242.1125
245.8401
252.2879
255.7185
259.3760
263.3320
268.3123
270.3653
274.9839
278.4049
8.3266
11.2687
13.0091
18.4911
22.2497
25.9507
30.5945
32.9153
37.9634
41.1781
46.6413
49.1946
54.0636
56.4436
60.2714
64.0081
68.4963
72.2407
76.3811
81.3810
83.5006
87.8316
92.5845
96.5743
100.6493
104.4067
108.7833
111.6617
116.0485
120.1607
124.3924
128.0546
133.0759
134.7772
139.1145
142.9651
147.1159
151.4810
155.1902
157.8828
162.7928
167.2536
171.2297
174.6559
178.5590
183.1606
186.8746
189.5962
193.3863
197.7426
201.7269
205.4614
209.5682
214.6786
218.4085
222.4887
225.4945
230.1806
233.7607
237.3605
239.7164
243.5819
250.0645
253.3756
256.9756
261.1213
266.0327
267.9678
272.7024
276.0337
7.4377
10.7130
12.5596
16.9358
21.8613
24.6762
28.0059
33.2441
35.4514
40.9166
44.2882
48.5430
51.1500
55.3759
58.2875
62.9352
67.1844
71.1916
75.9906
78.5374
82.4937
87.0568
91.5137
95.3822
99.0861
103.7015
106.1753
110.5842
115.0204
119.1588
122.5497
127.7752
129.3847
133.5353
137.6748
141.8459
145.9440
149.8571
152.5794
157.3486
161.9547
166.0449
169.2109
173.1698
177.9353
181.4802
184.2212
188.1691
192.3011
196.3159
200.2478
204.2832
209.3012
213.2001
217.2125
220.1029
224.9394
228.4638
231.9577
234.4776
238.1503
244.6541
248.1255
251.6658
255.7101
260.7087
262.6106
267.2537
270.7534
6.7591
10.0635
12.2235
17.7697
21.6549
23.0457
28.6582
31.9448
36.6469
40.0382
44.7782
46.4930
50.7924
54.2556
58.5484
62.8214
67.1812
71.6468
74.1007
78.4571
82.9800
87.1533
91.3721
94.7286
99.3694
102.1982
106.3726
110.6973
115.0669
118.3998
123.4790
125.4401
129.5832
133.4685
137.7531
141.9530
145.6206
148.5802
153.3708
157.7413
161.8663
165.2051
168.9853
173.8202
177.4641
179.9934
183.9646
188.2336
192.1420
196.0589
200.2008
205.1607
208.9394
213.1422
215.9870
220.6896
224.3744
227.7836
230.3010
234.0696
240.5118
243.9084
247.5803
251.5562
256.5169
258.5814
263.2188
266.6014
7.8976
10.2600
13.0944
18.6276
20.1426
25.0330
28.7445
34.0576
36.3029
41.3986
43.6098
47.3152
51.3251
55.7176
59.3173
63.5444
68.5175
70.5491
74.9981
79.7767
83.6375
87.8061
91.5051
95.8491
98.8516
103.1881
107.2302
111.5171
115.2062
120.1660
121.9532
126.3155
130.0661
134.2387
138.6613
142.2889
145.0310
149.9597
154.3498
158.3232
161.8137
165.6705
170.2703
174.0222
176.6966
180.4739
184.8821
188.8402
192.5513
196.6876
201.7926
205.4823
209.6097
212.6143
217.2582
220.8774
224.4689
226.8085
230.7126
237.1790
240.4590
244.0929
248.2328
253.1268
255.1023
259.8436
263.1323
5.6063
10.0325
12.2555
15.8811
20.8235
22.9805
28.5991
31.7416
36.0392
38.7732
42.8710
45.8834
50.5539
54.6471
58.6489
63.5253
65.9985
69.9780
74.5944
78.9763
82.8585
86.6038
91.1648
93.7006
98.1231
102.4931
106.6351
110.0958
115.2804
116.8940
121.0934
125.1693
129.3322
133.4926
137.3658
140.0742
144.8738
149.4542
153.5206
156.7379
160.6906
165.4179
168.9966
171.7430
175.6531
179.8308
183.8436
187.7313
191.7787
196.8187
200.6870
204.7073
207.6236
212.4328
215.9632
219.4853
221.9674
225.6811
232.1824
235.6198
239.1691
243.2398
248.2186
250.1247
254.7895
258.2524
7.4458
9.9926
11.1170
16.6832
19.7811
24.5281
27.9362
32.5570
34.4631
38.7472
42.0818
46.4627
50.7033
54.9968
59.5261
62.0174
66.2660
70.8045
75.0452
79.1847
82.6205
87.2565
90.0065
94.2358
98.5819
102.8981
106.2533
111.3600
113.2458
117.3999
121.3264
125.5868
129.7757
133.4903
136.3984
141.1866
145.6053
149.7232
153.0276
156.8474
161.6637
165.2880
167.8685
171.8289
176.0717
180.0056
183.9207
188.0388
193.0144
196.8206
200.9788
203.8361
208.5690
212.2154
215.6499
218.1621
221.9139
228.3707
231.7806
235.4219
239.4191
244.3852
246.4125
251.0552
254.4588
8.0730
8.7458
12.3061
16.2683
21.8236
23.3053
28.4971
31.0648
34.4570
38.5831
43.0466
46.3588
50.4947
55.6559
57.5948
61.9801
66.8326
70.6617
74.7579
78.5899
82.8623
85.8424
90.2490
94.2470
98.4768
102.2495
107.2029
108.9049
113.3144
117.0654
121.2011
125.6537
129.3056
131.9761
136.9236
141.3495
145.2951
148.7826
152.6782
157.2301
160.9824
163.7145
167.4560
171.8634
175.8466
179.5281
183.6456
188.7802
192.4792
196.5637
199.5967
204.2557
207.8379
211.4704
213.7840
217.6919
224.1714
227.4470
231.0534
235.2283
240.1177
242.0559
246.8128
250.1054
7.9052
10.5515
10.8063
17.0097
20.1468
23.9016
27.2502
31.2682
33.8278
38.6857
42.7578
46.5834
51.5472
54.1180
57.8638
62.4730
67.0046
70.7356
74.5852
79.1581
81.5344
86.0290
90.4598
94.5182
97.9720
103.2097
104.7197
108.9084
113.0645
117.1990
121.3140
125.2618
127.9146
132.6939
137.3414
141.4112
144.5614
148.5608
153.2855
156.8239
159.6242
163.5396
167.6645
171.7053
175.6120
179.6269
184.6708
188.5838
192.5525
195.4675
200.3213
203.8082
207.3421
209.8367
213.5130
220.0293
223.4958
227.0097
231.0886
236.0809
237.9493
242.6085
246.1080
6.0863
10.8165
14.2545
17.2591
22.3066
23.5780
27.7532
31.5935
35.7379
39.7989
44.2844
48.6958
51.0602
55.5293
60.0923
64.1167
68.4272
71.7426
76.3339
79.2941
83.4325
87.6661
92.0770
95.4724
100.4799
102.5051
106.6984
110.4662
114.7596
119.0412
122.6274
125.6078
130.4286
134.7383
138.8459
142.2555
146.0065
150.8110
154.4980
157.0109
160.9445
165.2728
169.1685
173.0387
177.2015
182.1764
185.9160
190.1420
193.0067
197.6721
201.3743
204.8060
207.2840
211.1012
217.5354
220.8921
224.5817
228.5799
233.5166
235.5974
240.2564
243.5919
7.1443
10.3639
11.4539
16.9731
18.7868
22.3145
26.6153
30.8442
34.3224
38.6935
43.4998
45.5833
50.0710
54.8126
58.6628
62.9099
66.4744
70.8816
73.9135
78.1722
82.2484
86.5890
90.1999
95.1506
97.0452
101.3667
105.0770
109.2988
113.6980
117.2828
120.1235
125.0181
129.3595
133.3840
136.8591
140.6677
145.3414
149.0765
151.6869
155.5159
159.9045
163.8369
167.6012
171.7511
176.8068
180.5134
184.6824
187.6330
192.2821
195.9352
199.4688
201.8560
205.7334
212.1861
215.4909
219.1486
223.2370
228.1432
230.1644
234.8766
238.1753
7.4265
10.1545
13.1066
17.0228
20.8614
23.0944
28.0443
32.0506
35.8233
40.7805
43.4029
47.0644
51.6715
56.2363
59.9487
63.7929
68.3759
70.7375
75.2281
79.6656
83.7253
87.1720
92.4049
93.9337
98.1224
102.2593
106.4033
110.5239
114.4555
117.1290
121.9049
126.5361
130.6150
133.7702
137.7568
142.4924
146.0332
148.8193
152.7389
156.8690
160.9031
164.8129
168.8341
173.8702
177.7804
181.7622
184.6691
189.5172
193.0149
196.5409
199.0378
202.7185
209.2302
212.6935
216.2169
220.2892
225.2788
227.1619
231.8196
235.3101
7.7316
9.5429
10.5963
15.6720
17.6519
22.0306
26.9316
31.2283
35.2023
38.2116
42.1294
46.4282
51.0327
55.0934
58.3111
63.1802
65.6843
69.8359
74.4181
78.7263
81.8359
87.0464
88.9886
92.9980
97.0346
101.3492
105.3780
109.1517
112.1645
116.8495
121.2902
125.5052
128.6732
132.4746
137.4271
140.9592
143.4933
147.5645
151.6916
155.6167
159.6583
163.7553
168.6500
172.5401
176.7014
179.4670
184.2649
187.9136
191.2600
193.8740
197.5275
203.9812
207.4723
211.1072
215.0257
220.0335
222.0825
226.6678
230.1417
6.6840
9.3743
11.4073
16.0430
20.3077
23.0722
27.2734
32.4275
34.3566
38.7134
43.5797
47.3949
51.5168
55.2969
59.5988
62.5812
66.9520
70.9720
75.2229
78.9532
83.9022
85.6649
90.0519
93.7749
97.9429
102.3786
106.0071
108.7426
113.6623
118.0617
122.0483
125.5132
129.3805
133.9888
137.7214
140.4156
144.1968
148.5802
152.5495
156.2756
160.3979
165.4949
169.2170
173.3242
176.3145
180.9870
184.5873
188.1773
190.5306
194.4107
200.8826
204.1835
207.8022
211.9383
216.8398
218.8077
223.5408
226.8481
7.7128
9.4265
10.5862
15.7227
19.1640
22.7387
27.8617
30.4465
33.9625
38.6416
43.1783
46.8451
50.7670
55.2929
57.6735
62.1939
66.5766
70.6214
74.1350
79.3333
80.8558
85.0907
89.1692
93.3052
97.4797
101.3781
104.0401
108.8384
113.4489
117.5119
120.7042
124.6860
129.3935
132.9584
135.7501
139.6404
143.8037
147.8369
151.7141
155.7436
160.7946
164.6847
168.6722
171.5957
176.4252
179.9270
183.4732
185.9428
189.6531
196.1625
199.6015
203.1317
207.2225
212.1971
214.0856
218.7586
222.2211
6.2001
9.2763
12.2893
16.9763
21.8566
25.2342
28.0554
32.4908
36.7688
40.9272
45.3798
48.2697
53.0908
56.0161
59.9538
64.3408
68.8507
72.0008
77.0300
79.2592
83.3205
87.0692
91.4551
95.6378
99.1766
102.3386
107.0741
111.3146
115.5199
118.8699
122.5422
127.4877
131.1264
133.5303
137.5662
141.8378
145.6922
149.6663
153.8429
158.7296
162.5063
166.7909
169.5623
174.2450
177.9947
181.3270
183.8909
187.6510
194.0648
197.4700
201.1901
205.1025
210.0639
212.2076
216.8160
220.1791
8.3941
10.3196
12.1586
17.1135
21.5001
23.3193
28.1723
32.9199
36.4063
40.9225
44.2517
48.6261
51.9227
56.0254
59.9833
64.4481
68.0631
72.8970
74.9895
79.3280
82.8471
87.1252
91.6009
95.0384
97.9973
102.8989
107.1148
111.1585
114.7132
118.4365
123.1383
126.9143
129.4371
133.2691
137.7149
141.6036
145.3588
149.5494
154.5777
158.2433
162.4838
165.4110
170.0126
173.7231
177.2259
179.6108
183.5228
189.9511
193.2290
196.9331
200.9967
205.8867
207.9695
212.6788
215.9323
5.6436
11.0019
14.4991
17.9621
21.5910
24.6960
28.8460
33.8911
37.6378
40.9451
45.8999
48.0758
52.3255
57.0503
61.2243
64.2879
69.5902
71.3922
75.3758
79.5284
83.8092
87.7684
91.6475
94.5915
99.2425
103.7760
108.0015
111.0726
114.9390
119.8902
123.3660
125.9771
130.0536
134.1099
138.0754
142.1400
146.1924
151.0953
155.0465
159.1357
161.9030
166.7610
170.3486
173.7182
176.3425
179.9513
186.4269
189.9524
193.5386
197.4759
202.4984
204.4947
209.0781
212.5950
7.8449
11.8869
13.3440
17.3085
20.9132
24.7207
29.4898
33.7206
36.3632
41.4817
44.0025
47.8977
52.5944
57.0331
59.9161
65.0993
67.3011
71.2073
75.1403
79.5526
83.5444
87.2067
90.4129
95.0415
99.3634
103.6526
106.8295
110.5291
115.5859
119.1145
121.5264
125.6602
129.7923
133.6645
137.7579
141.8901
146.7185
150.5979
154.8406
157.5421
162.3135
166.0281
169.3025
171.9569
175.6086
182.0347
185.5280
189.2123
193.0723
198.0792
200.2036
204.7642
208.2155
5.7030
9.9717
11.3668
16.0736
20.9623
24.3576
28.7671
32.2741
36.5726
39.7979
43.9939
47.9314
52.3114
56.0047
60.8535
62.8357
67.2139
70.7599
75.0017
79.4837
82.9746
85.8588
90.7629
95.0402
99.0726
102.5867
106.3632
111.0364
114.7890
117.3821
121.1962
125.6100
129.5328
133.2836
137.4436
142.4926
146.1947
150.3779
153.3206
157.9617
161.6232
165.1581
167.5369
171.4273
177.8741
181.1695
184.8354
188.9248
193.8217
195.8596
200.5745
203.8549
8.0732
8.7498
11.5857
16.9235
20.6866
24.2684
28.6570
32.7028
35.4189
40.0533
44.0119
48.0274
51.9426
56.9164
58.4110
62.8877
66.6663
70.7470
75.1966
78.9298
81.5062
86.4305
90.9466
94.9063
98.2931
102.2595
106.8084
110.4964
113.3213
117.0646
121.3885
125.4183
129.1332
133.1988
138.3305
142.1173
146.1215
149.1368
153.8778
157.3911
161.0362
163.3779
167.2197
173.7214
177.0517
180.6044
184.7831
189.6948
191.5883
196.3298
199.6805
6.1010
8.3320
11.7273
16.2464
20.5829
23.1128
28.1458
30.8572
34.7390
39.2654
43.7241
46.7843
51.8583
54.0774
58.1078
61.8737
66.2654
70.4091
73.9863
77.1452
81.8432
86.1241
90.3573
93.6365
97.3412
102.3031
105.8978
108.3492
112.3942
116.6130
120.4957
124.4923
128.6371
133.5235
137.3534
141.5863
144.3517
149.0843
152.7880
156.1371
158.7103
162.4358
168.8666
172.2996
175.9823
179.9098
184.8816
186.9878
191.5951
194.9892
7.0796
11.5832
13.1157
18.1323
21.3759
25.3245
29.1640
33.1520
36.7015
41.2309
45.1058
49.7141
51.8897
56.3765
59.6072
63.8717
68.5362
71.8222
74.7661
79.7312
83.8601
87.8553
91.5229
95.2223
99.8437
103.6836
106.2191
109.9717
114.4997
118.3854
122.0575
126.2638
131.3284
134.9504
139.1937
142.1613
146.7265
150.4354
153.9890
156.3116
160.2823
166.7079
169.9376
173.6453
177.7537
182.6136
184.6936
189.4345
192.6388
5.7837
10.0512
12.9648
17.3354
21.5572
23.8760
28.5014
32.7040
36.6743
40.3748
45.4513
46.9927
51.3506
55.2209
59.3576
63.6742
67.4560
70.1359
74.9720
79.5027
83.5533
86.8281
90.7743
95.4471
99.0613
101.8393
105.6798
109.9135
113.9327
117.7555
121.8102
126.8726
130.7247
134.7433
137.6804
142.4693
145.9948
149.5629
151.9894
155.7567
162.2539
165.6472
169.2037
173.3144
178.2591
180.1808
184.8761
188.2776
7.9162
9.7768
12.6240
17.7768
19.2911
23.5720
28.4729
32.5027
35.5036
40.8244
42.6134
46.6103
50.7017
54.9868
58.9731
62.8296
65.7811
70.4220
74.9431
79.1785
82.2473
86.1168
91.0547
94.5323
97.1678
101.2167
105.2854
109.2612
113.2999
117.3482
122.2636
126.2170
130.2927
133.0728
137.9300
141.5039
144.9048
147.4986
151.1310
157.6097
161.1149
164.6956
168.6626
173.6683
175.6596
180.2628
183.7524
6.6126
8.9576
12.2210
16.6242
20.3604
23.5947
28.1732
32.1573
36.6323
38.8809
43.4119
46.4937
50.7700
55.4887
58.7174
61.6824
66.6443
70.7471
74.7534
78.4219
82.1140
86.7407
90.5751
93.1151
96.8665
101.3874
105.2764
108.9542
113.1551
118.2138
121.8529
126.0876
129.0461
133.6260
137.3256
140.8788
143.2078
147.1669
153.5951
156.8353
160.5352
164.6421
169.5055
171.5820
176.3188
179.5321
7.8116
9.6221
11.5506
16.6417
20.2020
23.7920
28.0521
32.9341
34.1568
38.7805
42.4878
46.4941
51.0097
54.7700
57.2436
62.1737
66.7392
70.6890
74.0350
78.0491
82.5654
86.2290
89.1240
92.8405
97.1352
101.1944
104.9028
108.9405
114.0817
117.9069
121.8645
124.8816
129.6577
133.1319
136.7985
139.1371
142.9603
149.4727
152.8173
156.3436
160.5364
165.4504
167.3219
172.0645
175.4291
6.6443
9.5913
11.9211
16.4093
21.1983
23.9294
28.7625
31.5289
35.4753
38.8344
43.3630
47.5901
50.9074
54.3038
58.9698
63.0498
67.3361
70.7010
74.2814
79.2974
82.9313
85.2712
89.3238
93.6046
97.4367
101.4246
105.6125
110.4653
114.2560
118.5625
121.3012
125.9860
129.7453
133.0696
135.6333
139.3991
145.8061
149.2071
152.9332
156.8454
161.7961
163.9601
168.5705
171.9124
7.8022
9.7582
11.3994
16.1773
20.5356
24.5529
26.9918
31.6539
34.3245
38.6076
43.5070
46.5578
49.5464
54.5448
58.5528
62.5375
66.2871
69.9452
74.5324
78.4062
80.9398
84.6482
89.2181
93.0993
96.7351
100.9480
106.0181
109.6358
113.8790
116.8503
121.4110
125.1146
128.6868
130.9889
134.9755
141.3997
144.6181
148.3231
152.4461
157.2951
159.3770
164.1258
167.3149
6.2873
11.0867
13.6623
16.8011
22.2462
23.3380
27.4760
31.7277
35.8328
39.8212
43.8742
46.5404
51.1900
55.9002
60.0770
63.0420
67.0665
71.8837
75.3166
78.1535
82.1139
86.1322
90.1944
94.1749
98.1526
103.1404
107.1487
111.0883
113.9334
118.8527
122.3147
125.8197
128.3570
131.9819
138.4981
142.0040
145.5071
149.5594
154.5578
156.4521
161.0908
164.5985
7.3748
10.9105
12.0590
17.4037
20.1347
23.6221
27.3733
31.9400
35.7647
39.3505
42.7912
47.2511
51.5097
55.9269
58.9783
62.6407
67.8035
71.2559
73.6604
77.8361
81.8998
85.7825
89.9245
94.0305
98.8238
102.7695
106.9810
109.6458
114.4655
118.1473
121.4263
124.0912
127.7159
134.1508
137.6637
141.3226
145.1945
150.2006
152.3119
156.8744
160.3306
6.0987
10.3671
13.2513
16.3697
20.9464
22.9627
27.3640
32.3676
35.1702
38.3501
43.3036
47.1665
51.2112
54.9837
58.5586
63.2152
67.0849
69.5436
73.2891
77.8570
81.7091
85.3823
89.6108
94.6370
98.2659
102.5467
105.4728
110.0348
113.7660
117.2955
119.6302
123.6003
130.0131
133.2470
136.9698
141.0573
145.9130
148.0286
152.7578
155.9506
7.8286
10.3109
10.9017
16.1852
18.8553
22.7248
27.7227
31.1611
33.5501
38.5859
43.0060
46.8975
50.3980
54.3687
58.7871
62.5317
65.4327
69.0509
73.4487
77.4941
81.1130
85.1786
90.3424
94.1203
98.1062
101.1456
105.8748
109.3696
113.0683
115.3523
119.2405
125.7392
129.0326
132.5841
136.8011
141.6821
143.5856
148.3515
151.6533
6.6109
9.5868
11.8019
15.7751
20.4034
23.7455
27.4926
31.0692
35.2887
39.6303
44.1729
46.9746
50.6675
55.9537
59.2708
61.7026
65.9624
69.8804
73.7904
78.0319
82.0857
86.8328
90.8759
95.0317
97.6448
102.5442
106.1802
109.4323
112.1535
115.6985
122.1475
125.7212
129.3424
133.1931
138.2264
140.3115
144.8489
148.3620
7.7329
9.6017
10.2246
15.2125
19.6051
22.1588
26.0871
30.6001
34.2942
38.6877
42.1456
45.5568
50.6322
54.2957
56.5421
60.5792
64.9186
68.7155
72.6792
76.8928
81.7235
85.5005
89.8406
92.5640
97.2268
101.0034
104.3378
106.8743
110.6754
117.0721
120.4454
124.1847
128.1125
133.0405
135.2265
139.8514
143.1511
6.3740
9.9000
12.8296
17.1951
21.4990
23.2420
28.0477
33.0645
37.0032
39.9267
44.2189
48.6772
52.1261
55.3230
59.0204
63.0686
67.2566
71.0330
74.9278
80.0719
84.0890
87.8463
90.8382
95.7852
99.1019
102.8033
105.1894
108.8801
115.4379
118.8817
122.2981
126.5061
131.4591
133.2347
137.9540
141.4235
7.8569
10.6917
12.4304
17.5611
20.1601
24.0188
29.1777
33.6618
35.7817
39.9508
45.1091
48.1173
51.0365
55.2477
58.8198
62.9465
67.2309
71.0644
75.8921
80.1662
83.9820
86.6511
91.7768
95.1457
98.5279
101.2510
104.6456
111.1827
114.8612
118.2912
122.2397
127.3165
129.1859
133.7340
137.3914
5.3280
10.3576
12.3167
15.9251
20.5339
24.2906
28.5571
32.0636
35.6391
40.4760
44.1731
46.6735
50.5313
54.9035
58.7989
62.6251
66.7812
71.7334
75.5304
79.7303
82.5644
87.2652
90.9265
94.4079
96.8443
100.6793
107.1168
110.4614
114.1251
118.1690
123.0758
125.1569
129.8378
133.1338
7.5596
9.4648
11.0030
16.1603
20.4638
24.2670
27.7976
31.8108
36.0939
39.8389
42.8597
46.3731
50.7720
54.8497
58.4230
62.4613
67.6366
71.4545
75.3950
78.4322
83.1918
86.6496
90.3757
92.6456
96.5278
103.0315
106.3301
109.8632
114.0941
118.9694
120.8672
125.6357
128.9357
7.1959
9.2036
11.7487
17.1351
21.7667
23.3807
27.5917
32.8782
35.7244
38.6697
42.9266
46.3906
50.5308
54.8673
58.6735
63.4626
67.7824
71.5872
74.2209
79.3683
82.7317
86.1028
88.8360
92.2214
98.7559
102.4381
105.8712
109.8143
114.8864
116.7727
121.3199
124.9643
7.7091
9.9259
12.1895
17.0594
20.3348
23.4073
28.7503
32.2956
34.4092
38.5296
42.7938
46.5678
50.6124
54.8090
59.5649
63.4194
67.7516
70.4055
75.1191
78.8788
82.1890
84.7593
88.5184
94.9175
98.3239
102.0464
105.9611
110.8971
113.0845
117.6958
121.0133
6.1302
11.1834
14.1407
17.2346
21.8321
25.4850
29.0968
32.7441
35.9372
40.1786
44.4584
47.8790
51.7392
57.0627
60.9999
64.6466
67.8011
72.6896
75.9257
79.8235
82.0133
85.8495
92.4155
95.7375
99.1299
103.4809
108.3567
110.0906
114.8982
118.2567
7.5012
11.0129
11.8869
16.7328
21.2994
24.1491
27.6969
31.4926
35.0456
39.3544
43.3587
47.0833
52.1019
56.3802
59.9940
62.8390
67.9719
71.1928
74.8164
77.3344
80.8527
87.4272
90.9972
94.3597
98.4950
103.4977
105.2714
109.9276
113.4900
5.7861
9.2518
11.5285
16.6861
20.3548
22.4649
26.3458
30.7979
34.5717
38.4270
42.6391
47.4729
51.2776
55.5785
58.3126
62.9892
66.7141
70.1372
72.5935
76.4421
82.8483
86.1848
89.8914
93.8959
98.7881
100.9443
105.6100
108.8665
7.7550
9.7327
12.0563
16.6829
19.6000
22.1938
27.3730
31.2737
34.2364
38.4518
43.7614
47.2695
51.3625
54.5370
59.0387
62.6012
66.4653
68.4897
72.6543
79.0942
82.1751
85.8078
90.1359
94.8874
96.8823
101.7385
104.8159
6.3567
10.5343
12.3465
16.2602
20.0753
23.1609
27.5479
31.7096
35.3214
40.2334
44.6579
48.2161
50.9591
56.1745
59.3687
62.9379
65.5214
68.9695
75.5422
79.1599
82.5176
86.6096
91.6272
93.4280
98.0560
101.6380
8.3331
10.0317
11.1103
15.9107
19.4946
23.1698
27.6873
31.7646
36.1965
40.3339
44.6380
47.0308
51.9168
55.6431
58.8066
61.5476
65.1275
71.5290
75.0668
78.7545
82.5757
87.5625
89.7674
94.3091
97.7134
6.0416
10.0442
10.6165
15.9438
19.9993
22.4196
26.4442
31.9758
35.5793
39.3535
42.6695
47.2838
50.6215
54.6791
56.5977
60.7417
67.2342
70.3264
73.8347
78.2765
83.0211
84.8821
89.7747
92.8946
7.4779
9.0105
11.2330
15.9450
19.6386
22.9958
28.1015
32.5735
35.8751
38.7697
44.0064
47.0481
50.8266
53.2343
56.7774
63.3740
66.9064
70.2109
74.4410
79.3991
81.1356
85.8397
89.3493
7.1497
9.5093
12.2395
17.3233
21.4752
25.3218
29.4574
34.0948
36.1514
40.9452
44.8893
47.8033
50.6687
54.2368
60.5526
64.0921
67.9011
71.5807
76.5596
78.9373
83.4223
86.7673
8.0186
10.4505
12.1020
16.6282
21.8071
25.0933
29.4371
32.5121
36.8468
40.5521
44.3720
46.3419
50.6136
56.9765
59.9942
63.7215
67.9971
72.7059
74.8406
79.6785
82.6677
5.2635
10.5600
13.1443
17.1444
22.2322
25.6301
27.8351
33.3194
36.4951
39.7855
42.6297
45.8504
52.3912
56.1495
59.5398
63.4570
68.5160
70.4538
74.9854
78.5988
8.0251
10.7245
13.1859
18.0409
22.4023
23.9665
29.1064
32.8860
35.6455
38.7219
42.0193
48.3732
52.0842
55.7884
59.4143
64.4549
66.7744
71.2047
74.6708
5.3826
10.6404
13.2130
17.4806
20.8078
24.8865
28.5103
32.6098
34.2576
38.7531
45.0817
47.9448
51.6528
56.0691
60.6890
62.7945
67.7050
70.5904
7.1705
10.6943
12.9514
16.6257
21.4592
24.1947
28.6861
30.3333
34.4456
40.9834
44.0887
47.4088
51.9936
56.7079
58.4401
63.3609
66.5199
6.9130
9.9014
10.8486
16.3202
19.7310
22.7618
25.6292
28.9833
35.3975
39.0343
42.6152
46.4588
51.4279
53.6184
58.1573
61.5573
7.8681
9.6130
11.8112
16.5122
20.0579
21.5418
26.4511
32.3942
35.0033
39.1110
43.2651
47.7678
50.3264
55.1517
57.7754
6.5560
10.2645
11.3425
17.0176
17.6601
22.0663
28.5681
31.4184
34.5140
39.4433
44.0022
45.5463
50.6052
53.6562
7.4751
9.5424
12.1671
15.3410
18.1429
24.6144
28.4558
31.8611
35.6807
40.6861
42.8096
47.3093
50.7999
6.9813
9.1954
10.0985
15.3454
20.7915
23.2393
27.5465
31.5267
35.9640
38.7514
43.4938
46.0328
8.0335
6.8071
11.2674
17.4943
20.2276
23.2157
28.1944
32.6836
34.2960
39.3326
42.3485
7.5022
7.2214
12.7761
17.2006
20.9924
23.7775
28.9098
31.7299
35.8180
39.2874
8.1355
12.3868
13.8093
17.6342
22.5382
26.6099
28.8835
33.9650
36.3387
6.9230
12.2386
14.5386
17.7912
23.0316
24.9953
29.1872
33.1005
7.1161
9.5392
11.0687
16.3828
19.3137
23.0899
26.7428
6.4127
10.0415
12.9733
16.4860
21.2324
22.8247
8.1949
10.5732
11.2521
16.6999
19.2620
6.1265
10.4288
12.6867
16.3489
7.5439
9.5960
10.6831
6.6115
9.6427
8.0870
