# Pairwise distances between all Valine CB atoms (in Å)
7.2369
10.6022
11.1475
16.6275
19.9321
23.1166
27.6543
31.5676
34.1721
38.3300
41.9932
45.4014
49.8601
53.9336
57.5343
61.1621
65.2019
69.4304
71.9145
77.8626
79.7462
84.5106
88.2848
92.0404
95.0159
99.5466
102.7114
107.1235
110.1112
115.3888
117.5468
122.1293
126.1933
130.7122
133.9332
138.1274
142.2362
146.5372
149.1124
153.8246
156.9004
160.7887
164.5966
168.3590
172.2978
176.6809
179.8469
184.7739
187.6259
192.2814
196.0704
199.7066
203.3876
207.6164
211.5364
215.4054
218.9251
223.4456
226.7401
230.9063
234.3840
238.7381
241.6710
245.6500
249.9721
254.2904
257.9788
261.9817
266.0947
270.3489
273.1700
278.9488
281.1926
285.4325
288.6950
292.9361
297.0027
300.7648
303.6790
308.0522
311.8569
316.1064
318.6978
323.5568
327.2720
331.5796
334.1361
338.8322
342.1772
346.5631
349.2343
352.6695
357.9668
361.6304
366.7566
370.4692
373.7202
378.6478
380.8308
386.3758
388.3078
7.2508
10.5792
12.6561
17.8207
21.4667
24.5295
28.3748
32.3356
35.6988
38.9173
43.2764
47.2167
51.0141
55.3590
58.8240
62.4566
67.1210
69.3154
75.0696
77.5715
82.2902
85.7012
89.6922
92.6561
96.9030
100.5066
104.9648
107.5197
113.0170
115.1823
119.4930
123.7901
128.4742
131.3132
135.6682
139.9575
144.0251
146.7349
151.5546
154.3074
158.2609
162.2737
165.8155
169.9316
174.3756
177.3183
182.2189
185.3101
189.8520
193.5404
197.3816
200.9021
205.0833
209.2212
213.0092
216.4249
221.0468
224.2875
228.3507
232.0329
236.3271
239.1237
243.2245
247.5093
251.7347
255.5949
259.5863
263.5486
267.8730
270.7811
276.4756
278.7863
283.1160
286.2028
290.4818
294.6447
298.2924
301.2455
305.6930
309.3742
313.6267
316.3523
321.1164
324.8479
329.2521
331.6683
336.3545
339.8289
344.1495
346.8199
350.3393
355.5756
359.1866
364.4034
368.0905
371.2556
376.2474
378.4032
383.8902
385.9509
7.3660
9.6647
11.9165
16.5346
20.3389
22.9221
27.3117
31.0972
33.5216
37.8857
42.4198
45.7731
49.8235
53.8743
57.0773
61.6292
64.3885
70.0393
72.2411
77.2179
80.3521
84.2489
87.6192
91.7523
95.1047
99.7090
102.2126
107.5558
110.0358
114.3727
118.4406
123.2835
126.1235
130.3247
134.7597
138.9099
141.3599
146.2679
149.0888
152.8853
157.0008
160.6025
164.5300
169.0551
172.1249
176.8967
180.0353
184.6611
188.2371
192.0227
195.7038
199.8189
203.9057
207.8154
211.1074
215.7065
219.1054
223.1232
226.7233
231.1166
233.8342
237.8802
242.2937
246.4943
250.2809
254.3476
258.3320
262.5719
265.5724
271.3007
273.4718
277.8468
280.9741
285.1681
289.4088
293.0796
295.9142
300.4054
304.1538
308.3274
311.0910
315.8895
319.5277
323.9464
326.4434
331.0794
334.5579
338.9400
341.5027
345.0275
350.3370
353.9053
359.0833
362.8480
365.9539
370.9358
373.1869
378.6654
380.6712
7.5256
9.2699
11.9773
16.8168
20.7008
23.0507
27.2534
30.9679
34.2710
38.7488
42.8193
46.4191
50.0413
54.0686
58.3031
60.7889
66.7270
68.6252
73.4008
77.1395
80.9097
83.8985
88.4023
91.5947
96.0158
98.9653
104.2604
106.4232
110.9889
115.0594
119.6031
122.7899
126.9902
131.1230
135.4069
137.9833
142.7092
145.7584
149.6491
153.4763
157.2209
161.1721
165.5623
168.7117
173.6330
176.5085
181.1562
184.9317
188.5868
192.2570
196.4789
200.4193
204.2852
207.7893
212.3190
215.6152
219.7694
223.2638
227.6162
230.5328
234.5215
238.8447
243.1537
246.8557
250.8607
254.9602
259.2171
262.0523
267.8244
270.0678
274.3207
277.5652
281.8066
285.8878
289.6382
292.5516
296.9346
300.7292
304.9754
307.5837
312.4333
316.1463
320.4660
323.0101
327.7026
331.0627
335.4445
338.1102
341.5559
346.8491
350.5046
355.6400
359.3531
362.5916
367.5260
369.7108
375.2490
377.1928
8.1205
10.2674
11.9033
16.3567
20.2449
23.1222
26.6481
31.0269
34.6205
38.5581
43.0824
46.2702
50.0273
54.7500
56.7099
62.4837
65.1174
69.7411
73.2137
77.2488
80.0710
84.3336
88.0447
92.4513
94.9981
100.5587
102.6093
106.9057
111.2765
115.9176
118.7423
123.1464
127.3947
131.4293
134.2225
139.0147
141.7393
145.7461
149.7231
153.2423
157.4231
161.8383
164.7374
169.6798
172.7554
177.2688
180.9919
184.8523
188.3192
192.5204
196.6754
200.4246
203.8777
208.5060
211.6980
215.7750
219.4812
223.7445
226.5664
230.6827
234.9269
239.1613
243.0417
247.0097
250.9671
255.3152
258.1957
263.8807
266.2313
270.5484
273.6219
277.9262
282.0658
285.7062
288.6949
293.1283
296.7898
301.0657
303.7796
308.5329
312.2922
316.6922
319.0840
323.7848
327.2578
331.5604
334.2621
337.7802
342.9940
346.6173
351.8460
355.5096
358.6927
363.6867
365.8148
371.3045
373.3803
5.4182
10.3011
12.0124
15.5587
19.8150
22.3421
26.0969
30.9681
34.4178
38.0867
42.2229
45.6154
49.9560
52.8516
58.5917
60.5036
65.5035
68.8015
72.6010
75.9617
80.2203
83.3974
87.9744
90.6672
95.9321
98.3789
102.8388
106.8152
111.5809
114.5855
118.7262
123.0742
127.3195
129.7321
134.5864
137.5421
141.3283
145.3404
149.0329
152.9058
157.3944
160.5479
165.3469
168.3751
173.0414
176.6737
180.3778
184.1097
188.2529
192.2522
196.1837
199.5341
204.0918
207.4973
211.5651
215.0853
219.4936
222.2803
226.2794
230.6937
234.9388
238.6586
242.7218
246.7702
250.9884
253.9419
259.7034
261.8603
266.1934
269.3900
273.5778
277.7691
281.4857
284.3180
288.7720
292.5656
296.7473
299.4496
304.2839
307.9267
312.3035
314.8497
319.4959
322.9195
327.3224
329.8979
333.3873
338.7130
342.3085
347.4539
351.2197
354.3693
359.3251
361.5766
367.0809
369.0386
6.9720
10.0487
11.1047
15.6012
19.4288
22.3013
26.9205
30.9923
34.4627
38.1189
42.1563
46.3360
48.8819
54.8190
56.6525
61.4582
65.1748
68.9346
71.9579
76.4496
79.6221
84.0550
86.9965
92.2853
94.4646
99.0365
103.0826
107.6466
110.8278
115.0137
119.1637
123.4514
126.0066
130.7417
133.7916
137.6733
141.5075
145.2533
149.1958
153.5914
156.7461
161.6584
164.5408
169.1925
172.9573
176.6136
180.2914
184.5068
188.4492
192.3230
195.8141
200.3442
203.6525
207.8006
211.2928
215.6518
218.5592
222.5461
226.8782
231.1837
234.8833
238.8943
242.9925
247.2432
250.0897
255.8627
258.0949
262.3560
265.5969
269.8325
273.9241
277.6722
280.5771
284.9661
288.7622
293.0017
295.6184
300.4670
304.1728
308.4981
311.0432
315.7309
319.0967
323.4815
326.1374
329.5876
334.8841
338.5334
343.6699
347.3884
350.6185
355.5543
357.7467
363.2818
365.2258
6.8500
9.4242
11.2397
15.4529
19.5368
22.7273
26.8971
31.4866
34.3844
38.3391
43.0399
44.8241
50.6502
53.2999
57.8536
61.4256
65.4627
68.1766
72.4901
76.2227
80.5846
83.1837
88.7621
90.7265
95.0539
99.4405
104.0329
106.8997
111.3133
115.5115
119.5571
122.3855
127.1455
129.8967
133.9300
137.8541
141.3897
145.5886
149.9765
152.8789
157.8519
160.8846
165.3962
169.1545
172.9992
176.4550
180.6750
184.8111
188.5485
192.0376
196.6560
199.8272
203.9265
207.6186
211.8722
214.7279
218.8363
223.0621
227.3149
231.1832
235.1395
239.1153
243.4667
246.3207
252.0122
254.3753
258.6742
261.7634
266.0767
270.1909
273.8425
276.8457
281.2614
284.9286
289.2170
291.9069
296.6667
300.4391
304.8246
307.2214
311.9314
315.3867
319.6885
322.4070
325.9138
331.1232
334.7599
339.9835
343.6378
346.8418
351.8284
353.9456
359.4447
361.5113
8.1861
9.8319
10.6107
15.7922
19.9786
22.8676
27.3838
31.3612
34.2162
38.9866
41.6341
47.1596
49.6218
54.5812
57.5146
61.5200
64.8787
68.8758
72.4229
77.0314
79.3563
84.8040
87.2448
91.4891
95.6425
100.5374
103.2417
107.5039
111.9871
116.0516
118.5687
123.4987
126.2118
130.0527
134.2059
137.7344
141.7447
146.2703
149.2572
154.0433
157.2375
161.8179
165.3837
169.2349
172.8445
176.9569
181.1104
184.9790
188.2622
192.8902
196.2510
200.2499
203.9131
208.2747
210.9731
215.0568
219.4380
223.6222
227.4605
231.5113
235.4579
239.7263
242.7338
248.4371
250.6445
255.0361
258.1116
262.3291
266.5804
270.2189
273.0837
277.5839
281.2915
285.4795
288.2685
293.0372
296.6960
301.1361
303.5843
308.2264
311.7351
316.0914
318.6720
322.2168
327.4973
331.0602
336.2678
340.0117
343.1086
348.1064
350.3347
355.8015
357.8460
5.9706
10.4374
11.4263
16.1521
20.4760
23.5777
27.0641
31.3788
35.3919
37.8830
43.8846
45.5927
50.3614
54.2037
57.9295
60.8734
65.4331
68.5728
72.9675
75.9884
81.2723
83.3806
87.9981
92.0363
96.5530
99.7895
103.9716
108.0728
112.3803
114.9566
119.6611
122.7451
126.6458
130.4284
134.1944
138.1468
142.5177
145.6805
150.6184
153.4596
158.1118
161.9074
165.5473
169.2177
173.4491
177.3732
181.2376
184.7597
189.2804
192.5715
196.7388
200.2179
204.5687
207.5051
211.4849
215.8009
220.1221
223.8113
227.8122
231.9256
236.1791
239.0032
244.7813
247.0244
251.2706
254.5234
258.7669
262.8375
266.5940
269.5118
273.8861
277.6857
281.9360
284.5335
289.3864
293.1038
297.4178
299.9650
304.6604
308.0128
312.3959
315.0663
318.5081
323.7995
327.4595
332.5933
336.3031
339.5498
344.4804
346.6625
352.2046
354.1433
7.3667
9.2090
11.5849
16.3083
20.6675
23.1627
27.5184
32.0426
33.6994
39.6382
42.1355
46.6369
50.3914
54.3738
56.9934
61.4169
65.0694
69.3845
72.1218
77.6684
79.5593
83.9738
88.3184
92.8427
95.8219
100.2063
104.3326
108.4362
111.2597
115.9757
118.8130
122.8518
126.6959
130.2886
134.4644
138.8211
141.7717
146.7707
149.7263
154.2602
158.0615
161.8552
165.3363
169.5776
173.6587
177.4055
180.9372
185.5291
188.6994
192.8329
196.4751
200.7355
203.6387
207.7178
211.9403
216.2231
220.0493
224.0016
228.0187
232.3573
235.1797
240.8923
243.2480
247.5200
250.6521
254.9628
259.0446
262.7249
265.7282
270.1196
273.8147
278.1091
280.7599
285.5418
289.3180
293.6773
296.1041
300.8207
304.2416
308.5563
311.2831
314.7681
319.9870
323.6406
328.8444
332.4990
335.7304
340.7007
342.8180
348.3332
350.3699
7.3511
10.5315
12.3023
17.2903
21.2936
23.6302
28.5677
31.2424
36.6244
39.2209
44.2062
46.9348
50.9960
54.4169
58.3002
61.9277
66.5590
68.7640
74.2494
76.7139
80.9074
85.0736
90.0201
92.6484
96.9212
101.4502
105.4795
107.9960
112.9487
115.6146
119.4574
123.6423
127.1414
131.1689
135.7044
138.6660
143.4429
146.6697
151.2381
154.7849
158.6607
162.2552
166.3581
170.5369
174.4004
177.6646
182.3032
185.6648
189.6496
193.3319
197.6903
200.3709
204.4652
208.8463
213.0203
216.8732
220.9253
224.8575
229.1288
232.1499
237.8458
240.0535
244.4575
247.5144
251.7328
255.9973
259.6241
262.4889
266.9978
270.6949
274.8804
277.6846
282.4440
286.1015
290.5524
292.9882
297.6274
301.1496
305.5013
308.0779
311.6319
316.9076
320.4635
325.6796
329.4229
332.5096
337.5131
339.7417
345.2027
347.2578
7.1097
9.9253
12.1842
16.4257
20.1249
24.0354
27.0824
32.9031
34.4283
39.4362
42.9298
46.6424
49.9208
54.3052
57.3678
61.8874
64.7537
69.9929
72.3183
76.8913
80.8207
85.4966
88.6347
92.7511
96.9985
101.3017
103.7409
108.5305
111.5782
115.3992
119.2928
123.0425
126.9255
131.3597
134.5452
139.4008
142.3277
147.0026
150.7071
154.3652
158.0907
162.2718
166.2197
170.1361
173.5605
178.0925
181.4635
185.5799
189.0602
193.4540
196.3134
200.2906
204.6709
208.9570
212.6445
216.6856
220.7768
224.9983
227.8964
233.6740
235.8532
240.1479
243.3803
247.5855
251.7233
255.4650
258.3264
262.7426
266.5503
270.7577
273.4087
278.2575
281.9276
286.2735
288.8310
293.4965
296.8826
301.2840
303.8948
307.3605
312.6768
316.3006
321.4359
325.1816
328.3757
333.3161
335.5439
341.0677
343.0071
6.3297
10.6494
11.7409
16.3713
20.9018
22.1210
28.0701
30.7474
35.1538
38.8842
42.9210
45.4508
49.8361
53.5998
57.8911
60.5629
66.1641
68.0021
72.3891
76.7695
81.3079
84.2386
88.6459
92.7857
96.8587
99.7082
104.4295
107.2302
111.2869
115.1384
118.7071
122.9118
127.2667
130.1908
135.1942
138.1673
142.6874
146.4834
150.2980
153.7582
157.9970
162.0989
165.8359
169.3603
173.9606
177.1245
181.2503
184.9094
189.1634
192.0576
196.1462
200.3633
204.6404
208.4794
212.4301
216.4365
220.7795
223.6097
229.3162
231.6755
235.9564
239.0727
243.3864
247.4767
251.1473
254.1537
258.5506
262.2361
266.5304
269.1925
273.9661
277.7434
282.1114
284.5264
289.2417
292.6735
296.9836
299.7089
303.2015
308.4152
312.0638
317.2754
320.9282
324.1522
329.1272
331.2438
336.7544
338.8004
7.3235
10.0328
11.4992
16.7548
19.0619
24.3263
27.1971
32.0682
34.7308
38.8813
42.1661
46.0151
49.7983
54.3764
56.5368
62.1076
64.4461
68.6239
72.8643
77.7761
80.3850
84.7073
89.1976
93.1957
95.7956
100.7196
103.3627
107.2624
111.4038
114.8858
118.9786
123.4820
126.4053
131.2284
134.4312
138.9745
142.5616
146.4511
149.9959
154.1220
158.3113
162.1385
165.4454
170.0872
173.4016
177.4055
181.1041
185.4338
188.1469
192.2522
196.5934
200.7817
204.6478
208.6769
212.6115
216.9040
219.8937
225.5843
227.8295
232.2174
235.2687
239.5115
243.7483
247.3731
250.2726
254.7639
258.4470
262.6565
265.4428
270.1958
273.8812
278.3239
280.7412
285.3961
288.9110
293.2478
295.8564
299.4055
304.6613
308.2323
313.4567
317.1774
320.2866
325.2894
327.4914
332.9583
335.0225
7.4068
8.9762
11.9254
16.2758
21.6445
22.4962
27.8556
30.9593
34.5529
38.2590
42.4870
45.3153
49.9603
52.7595
57.8873
60.4393
65.0257
68.7745
73.5768
76.6943
80.7029
85.0565
89.4000
91.6747
96.5230
99.5979
103.3293
107.2845
111.0588
114.8440
119.3231
122.5687
127.3524
130.3133
135.0270
138.6658
142.3045
146.1049
150.2481
154.1801
158.1551
161.5093
166.0337
169.4831
173.5710
177.0183
181.4583
184.2725
188.2273
192.6679
196.9382
200.5965
204.6733
208.7686
212.9510
215.8989
221.6883
223.8023
228.1248
231.3653
235.5320
239.7122
243.4577
246.2657
250.7058
254.5379
258.7085
261.3847
266.2432
269.8713
274.2300
276.8156
281.4571
284.8527
289.2785
291.8396
295.3133
300.6582
304.2591
309.3829
313.1616
316.3240
321.2632
323.5324
329.0489
330.9709
7.9223
10.4329
10.9260
17.1812
19.1908
23.4752
27.6809
31.5210
33.8802
38.5168
42.0272
46.2374
49.2152
54.7088
56.4463
61.0179
65.2718
69.6960
72.8506
77.1753
81.1971
85.3923
88.1943
92.8462
95.8147
99.8569
103.5791
107.2579
111.3943
115.7058
118.7308
123.7609
126.6075
131.1765
135.0310
138.7517
142.2746
146.5407
150.5439
154.3111
157.8913
162.4450
165.6255
169.8015
173.3699
177.6460
180.6077
184.6429
188.8691
193.1907
196.9547
200.9070
204.9808
209.2945
212.0843
217.8271
220.1606
224.4032
227.5917
231.8922
235.9397
239.6574
242.6517
247.0153
250.7507
255.0461
257.6515
262.4628
266.2364
270.5651
273.0346
277.7551
281.1343
285.4699
288.1977
291.6570
296.8926
300.5630
305.7403
309.4010
312.6610
317.6102
319.7360
325.2701
327.2655
6.1543
9.4509
13.5872
16.2014
21.3245
23.3062
27.4438
31.1593
34.7675
38.4128
43.1062
45.1443
50.6413
53.1826
57.3637
61.4463
66.4771
69.0644
73.2917
77.8747
81.9131
84.3667
89.3384
92.0173
95.8403
100.0235
103.5379
107.5410
112.0783
115.0654
119.8317
123.0472
127.6306
131.1706
135.0307
138.6487
142.7475
146.9081
150.7900
154.0475
158.6755
162.0590
166.0482
169.7032
174.0759
176.7640
180.8409
185.2346
189.4187
193.2461
197.3053
201.2573
205.5117
208.5344
214.2427
216.4287
220.8316
223.9052
228.1136
232.3762
236.0147
238.8678
243.3715
247.0859
251.2657
254.0600
258.8296
262.4799
266.9241
269.3772
274.0139
277.5243
281.8871
284.4559
288.0037
293.2881
296.8459
302.0527
305.8022
308.8946
313.8903
316.1282
321.5950
323.6328
7.8837
11.0850
10.9018
16.6213
19.0793
22.6468
26.6976
30.6851
33.4821
38.2095
40.8463
45.9855
48.6302
53.1696
56.8732
61.7752
64.7988
68.7927
73.2271
77.5375
79.7785
84.6675
87.6902
91.4108
95.4147
99.1566
102.9511
107.4499
110.6716
115.4348
118.4432
123.1465
126.7526
130.4231
134.2120
138.3385
142.3043
146.2790
149.5999
154.1391
157.5977
161.6630
165.1352
169.5753
172.3598
176.3285
180.7747
185.0288
188.7068
192.7888
196.8631
201.0473
204.0195
209.7990
211.9089
216.2524
219.4658
223.6312
227.8349
231.5630
234.3675
238.8230
242.6407
246.8052
249.5069
254.3518
257.9754
262.3520
264.9201
269.5558
272.9734
277.3936
279.9456
283.4344
288.7739
292.3626
297.4993
301.2791
304.4233
309.3720
311.6442
317.1508
319.0892
6.4830
10.3097
13.5128
17.4268
21.5834
23.4211
27.8007
31.9543
36.0491
38.6299
44.3949
45.9324
50.2912
54.7964
59.2811
62.1559
66.6357
70.7287
74.7416
77.7059
82.3920
85.1407
89.2716
93.0737
96.6066
100.8984
105.2155
108.0819
113.1315
116.0925
120.5785
124.4050
128.2466
131.6466
135.9018
140.0279
143.7276
147.2790
151.8867
155.0098
159.1436
162.8263
167.0538
169.9652
174.0676
178.2511
182.5345
186.3908
190.3239
194.3246
198.6835
201.4994
207.1980
209.5829
213.8611
216.9602
221.2914
225.3711
229.0322
232.0627
236.4524
240.1215
244.4301
247.0904
251.8528
255.6476
260.0179
262.4119
267.1350
270.5713
274.8691
277.6112
281.1076
286.3047
289.9574
295.1805
298.8186
302.0494
307.0273
309.1285
314.6387
316.6968
7.8712
9.7363
11.5956
16.2058
18.2842
21.8830
26.5881
30.7935
32.6763
38.6260
40.3697
44.4292
49.0199
53.7778
56.2645
60.7972
65.1441
68.9940
71.9169
76.7398
79.2614
83.3602
87.3735
90.7688
95.0943
99.4951
102.2654
107.2309
110.3820
114.8304
118.5314
122.4833
125.8546
130.0457
134.2883
137.9941
141.4188
146.0791
149.2441
153.2926
157.0613
161.2981
164.0909
168.2405
172.4606
176.6783
180.6010
184.5612
188.4853
192.8457
195.7533
201.4189
203.7783
208.1277
211.1453
215.4601
219.6276
223.2351
226.2352
230.6843
234.3150
238.5911
241.3405
246.0660
249.8294
254.2579
256.6109
261.3072
264.8141
269.1032
271.7990
275.3422
280.5375
284.1444
289.3988
293.0558
296.2172
301.2240
303.3510
308.8277
310.9289
6.2536
9.7902
12.5869
16.0769
20.5949
22.9876
27.4763
30.7024
35.7577
37.9971
42.8138
46.4789
51.0967
54.4482
58.4302
62.5926
67.0149
69.3752
74.1070
77.3072
81.1184
84.8778
88.7218
92.5584
96.9448
100.2083
105.0925
107.9091
112.6174
116.3711
119.9624
123.7218
127.9250
131.8039
135.7361
139.2046
143.7021
147.0787
151.2333
154.6495
159.0528
161.9676
165.9074
170.2829
174.6052
178.2409
182.2777
186.4171
190.6195
193.4875
199.2884
201.4542
205.7259
208.9974
213.1997
217.3066
221.0747
223.9374
228.3281
232.1621
236.3757
238.9898
243.8567
247.5322
251.8556
254.4369
259.1085
262.4642
266.8766
269.4954
272.9436
278.2642
281.9027
287.0237
290.7666
293.9861
298.9116
301.1380
306.6760
308.5901
8.0346
10.0539
10.6076
16.0337
19.0334
22.8308
26.4450
31.7705
33.0688
37.9633
42.0468
46.2436
49.7183
53.9436
57.7589
62.0938
64.8891
69.4231
72.5865
76.6470
80.1686
83.9664
88.0629
92.2980
95.4139
100.4974
103.1868
107.7946
111.7297
115.3567
118.9190
123.2217
127.1273
130.9096
134.5612
139.0671
142.2468
146.4786
149.9609
154.2480
157.2873
161.2720
165.4919
169.8618
173.5557
177.5019
181.6412
185.9307
188.6752
194.4506
196.7673
200.9726
204.2230
208.5172
212.5195
216.2782
219.2700
223.5985
227.3750
231.6765
234.2279
239.0695
242.8461
247.1395
249.6512
254.3789
257.7113
262.0660
264.8015
268.2322
273.4810
277.1723
282.3228
285.9853
289.2800
294.2064
296.3356
301.8905
303.8444
5.0131
9.8196
11.8391
15.5388
20.2982
21.8676
27.4200
30.0567
34.2167
38.1443
43.3006
45.8321
49.9904
54.6322
58.6852
61.0678
66.0499
68.7582
72.5712
76.7226
80.2641
84.2496
88.7740
91.7917
96.5628
99.7428
104.3418
107.8928
111.7288
115.3652
119.4696
123.6022
127.4968
130.7662
135.3783
138.7732
142.7785
146.3991
150.7809
153.4943
157.5503
161.9462
166.1498
169.9466
174.0066
177.9868
182.2270
185.2379
190.9612
193.1335
197.5266
200.6228
204.8272
209.0752
212.7296
215.5802
220.0701
223.8027
227.9842
230.7575
235.5391
239.1903
243.6216
246.0917
250.7310
254.2226
258.5943
261.1652
264.7023
269.9914
273.5576
278.7546
282.5043
285.6122
290.5978
292.8375
298.3140
300.3331
7.9764
9.5974
11.0363
16.0980
18.4295
23.3526
26.3274
30.8987
34.2367
39.3370
42.3170
46.1572
50.7080
55.0503
57.1325
62.0669
65.1148
68.7819
72.7988
76.5597
80.3062
84.8187
88.0732
92.8057
95.8198
100.5404
104.1181
107.7817
111.5975
115.7079
119.6682
123.6659
126.9583
131.4929
134.9825
139.0382
142.4943
146.9503
149.7235
153.6818
158.1450
162.3983
166.0624
170.1550
174.2346
178.4030
181.3925
187.1768
189.2633
193.6192
196.8302
200.9853
205.2025
208.9295
211.7208
216.1819
220.0051
224.1603
226.8703
231.7149
235.3289
239.7116
242.2826
246.9121
250.3345
254.7600
257.2993
260.7931
266.1360
269.7177
274.8556
278.6412
281.7774
286.7261
289.0076
294.5119
296.4479
6.6516
10.2730
13.0007
16.4737
22.0350
22.6105
27.4277
31.7992
35.8952
39.2129
43.6014
47.3654
51.5549
54.5696
59.0721
62.0820
66.2646
69.7716
73.4646
77.7244
81.9252
84.9067
90.0468
92.7812
97.3153
101.2690
104.9812
108.4256
112.7404
116.7301
120.4423
124.1083
128.6496
131.7591
135.9783
139.5434
143.7802
146.8100
150.8439
155.0106
159.3657
163.1261
167.0457
171.1405
175.4714
178.2133
183.9579
186.3293
190.5478
193.7381
198.0658
202.0728
205.7944
208.8287
213.1641
216.8906
221.2137
223.7902
228.5973
232.4024
236.7179
239.1717
243.9092
247.2743
251.5972
254.3584
257.8102
263.0243
266.7120
271.8959
275.5326
278.8199
283.7644
285.8646
291.4072
293.4057
7.9908
10.6689
10.9917
17.3456
18.7344
22.6222
27.2220
32.1188
34.4164
38.9355
43.3677
47.1825
50.0600
54.9044
57.4108
61.5053
65.5098
68.9126
73.2244
77.6231
80.4177
85.3705
88.5131
92.9801
96.6662
100.6021
104.0059
108.1877
112.4102
116.1458
119.5509
124.1983
127.4030
131.4516
135.1832
139.4460
142.2386
146.3638
150.6114
154.8378
158.7249
162.7020
166.6500
170.9819
173.9043
179.5877
181.9057
186.2616
189.3002
193.5938
197.7710
201.3929
204.3651
208.8155
212.4729
216.7322
219.4780
224.2181
227.9612
232.3860
234.7672
239.4536
242.9504
247.2597
249.9315
253.4702
258.6847
262.2866
267.5270
271.2018
274.3593
279.3574
281.5081
286.9892
289.0657
5.5527
9.3718
12.9899
15.8568
21.0008
23.6324
28.4774
32.0286
35.5840
39.8685
44.4767
46.4390
51.2255
54.6046
58.2478
61.9993
65.9551
69.5985
74.0205
77.4304
82.2238
85.0155
89.8014
93.4913
97.0130
100.8976
105.0606
108.8766
112.8970
116.2965
120.7642
124.2469
128.3843
131.7228
136.1904
139.0768
142.9684
147.4171
151.7378
155.3108
159.3895
163.5577
167.7025
170.6165
176.4428
178.5232
182.8175
186.1170
190.2721
194.4148
198.1994
200.9999
205.4069
209.2815
213.4549
216.0818
220.9679
224.5972
228.9255
231.5496
236.1963
239.5496
243.9944
246.5603
250.0101
255.3648
258.9836
264.0859
267.8645
271.0593
275.9772
278.2493
283.7849
285.6692
7.8323
10.2882
11.0038
16.8172
19.5964
23.6530
27.7702
31.4489
35.1633
39.8538
42.2159
46.7110
50.2460
54.1166
57.4974
61.5205
65.3450
69.5826
72.9467
77.9487
80.5122
85.2489
89.1544
92.6305
96.3885
100.6632
104.4253
108.3358
111.9418
116.3821
119.7025
123.9452
127.2766
131.6588
134.7016
138.5949
142.9154
147.3077
150.8801
154.8821
159.0955
163.2963
166.0766
171.9053
174.0988
178.3105
181.6405
185.8653
189.8910
193.6987
196.6008
200.9341
204.7921
209.0406
211.5783
216.4677
220.1798
224.4578
227.0581
231.7554
235.0563
239.4687
242.1341
245.5483
250.8572
254.5340
259.6393
263.3561
266.6355
271.5387
273.7353
279.2994
281.1864
6.9338
9.6460
12.7488
16.5032
22.1636
24.0148
28.1945
33.1158
36.9542
39.3259
44.3916
46.8960
50.7486
54.9742
58.4075
62.4856
67.0154
69.9397
74.7092
77.9635
82.5168
86.0361
89.9431
93.5158
97.6073
101.8063
105.6727
108.9153
113.5522
116.9300
120.9129
124.5799
128.9424
131.6341
135.7157
140.0931
144.2844
148.1142
152.1667
156.1216
160.3748
163.4001
169.1077
171.2941
175.7060
178.7627
182.9792
187.2412
190.8721
193.7378
198.2360
201.9433
206.1305
208.9246
213.6857
217.3466
221.7949
224.2338
228.8743
232.3876
236.7451
239.3217
242.8741
248.1456
251.7053
256.9217
260.6604
263.7597
268.7549
270.9845
276.4533
278.4944
7.6886
10.6268
11.1569
17.2723
19.8454
22.9466
28.0067
32.4031
33.8435
38.9732
42.0656
45.4898
49.6408
53.4407
56.9815
61.5798
64.9412
69.5302
72.6100
77.3892
80.8419
84.4848
88.4102
92.4527
96.3988
100.4817
103.6584
108.1841
111.7876
115.7962
119.2095
123.7259
126.4344
130.3642
134.9029
139.1346
142.7630
146.8996
150.9816
155.0995
158.1558
163.9514
165.9569
170.3532
173.5628
177.6738
181.9453
185.6701
188.4023
192.8922
196.7378
200.8516
203.5957
208.4448
212.0139
216.4162
219.0094
223.6119
227.0508
231.4995
233.9849
237.4925
242.8603
246.4150
251.5467
255.3638
258.4641
263.4138
265.7364
271.2308
273.1542
6.5236
9.9555
13.4307
17.0407
21.2390
24.7995
29.0683
32.0693
36.4887
39.5934
43.7932
47.1655
50.9128
55.1581
59.3219
62.3480
67.4905
70.1792
74.7385
78.6886
82.3746
85.8531
90.1596
94.1247
97.8697
101.5130
106.0398
109.1942
113.4101
116.9379
121.2033
124.2260
128.2359
132.4340
136.7931
140.5211
144.4613
148.5737
152.8735
155.6427
161.4021
163.7261
167.9621
171.1618
175.4653
179.4957
183.2237
186.2249
190.5708
194.3181
198.6187
201.2069
206.0222
209.8014
214.1241
216.5983
221.3208
224.6893
229.0308
231.7591
235.2159
240.4483
244.1219
249.2987
252.9567
256.2261
261.1678
263.2967
268.8367
270.8199
7.4139
11.4315
11.9126
17.0734
21.4205
24.6237
28.0652
32.7889
34.8705
39.2572
43.1737
46.3544
50.9965
55.2875
57.8394
62.9112
66.0836
70.4258
74.1659
78.2135
81.4290
85.6422
89.9624
93.5903
97.0434
101.7236
104.8208
108.8737
112.6896
116.8808
119.6956
123.8683
128.0333
132.2624
136.2096
140.1443
144.0623
148.4397
151.3351
156.9916
159.3769
163.7311
166.7179
171.0549
175.2132
178.8059
181.8359
186.2751
189.8864
194.1791
196.9278
201.6376
205.4217
209.8554
212.1821
216.8863
220.3991
224.6762
227.3880
230.9375
236.1123
239.7224
244.9912
248.6316
251.8013
256.8091
258.9222
264.3999
266.5100
7.3490
9.2195
11.9583
16.9964
21.2801
22.9467
27.9748
31.0151
34.6563
38.6173
42.3743
46.1499
50.6343
53.8728
58.6195
61.6233
66.3267
69.9055
73.5980
77.3703
81.4830
85.4703
89.4474
92.7432
97.2841
100.7547
104.8121
108.2831
112.7203
115.5079
119.4755
123.9087
128.1716
131.8476
135.9255
140.0032
144.1812
147.1651
152.9428
155.0476
159.4105
162.5946
166.7685
170.9807
174.6930
177.5116
181.9663
185.7691
189.9404
192.6532
197.4809
201.1164
205.5073
208.0476
212.6858
216.1186
220.5283
223.0870
226.5901
231.9090
235.4939
240.6513
244.4166
247.5598
252.5139
254.7750
260.2779
262.2329
8.1365
9.8580
11.5368
16.6567
19.3677
23.2501
27.1440
31.2481
33.9808
38.1189
42.1332
46.1189
49.4380
54.6442
56.9634
61.6457
65.7377
69.1871
72.8081
77.1688
80.9073
84.7193
88.4738
92.8971
96.0893
100.4003
103.7422
108.0524
111.1995
115.1027
119.3198
123.7574
127.3441
131.2893
135.5199
139.7617
142.4662
148.2872
150.5591
154.7348
158.0527
162.3293
166.2942
170.0973
173.0730
177.3675
181.1954
185.4928
187.9953
192.8687
196.6374
200.9015
203.4604
208.1873
211.4778
215.8595
218.5857
221.9943
227.2611
230.9636
236.0891
239.7617
243.0792
247.9831
250.1295
255.7016
257.6111
6.2493
11.0228
13.1549
16.5228
21.3717
22.9975
27.3761
31.4866
34.5146
39.1723
43.5235
46.0281
51.0086
54.3150
58.6558
62.2801
66.3766
69.6258
73.7812
78.1441
81.8192
85.1647
89.8592
93.0367
97.0378
100.8541
105.0859
107.8298
111.9978
116.2218
120.4227
124.3625
128.3338
132.2382
136.5822
139.5434
145.2029
147.5261
151.9225
154.8952
159.1976
163.4113
166.9949
169.9756
174.4466
178.0702
182.3267
185.1147
189.8243
193.5688
198.0254
200.3660
205.0460
208.5804
212.8759
215.5388
219.1044
224.3011
227.8845
233.1508
236.8206
239.9534
244.9653
247.1162
252.5829
254.6860
7.5138
10.5252
11.1646
16.5456
19.1873
22.7116
26.9058
30.4976
34.3006
38.8520
41.9986
46.6662
49.8282
54.4919
57.9637
61.7520
65.4877
69.5514
73.6306
77.6053
80.8120
85.3894
88.8834
92.8855
96.4138
100.8504
103.5700
107.5685
112.0134
116.2415
119.9588
124.0473
128.0812
132.2623
135.2961
141.0530
143.1490
147.5535
150.6835
154.8548
159.1122
162.7908
165.6025
170.0860
173.8618
178.0215
180.7813
185.5840
189.2107
193.6337
196.1428
200.7704
204.2420
208.6418
211.1840
214.7134
220.0230
223.5864
228.7656
232.5330
235.6450
240.6148
242.8814
248.3676
250.3496
6.5533
9.0658
11.8458
16.1865
20.3311
22.4763
26.7213
30.7988
34.6344
37.9520
43.2279
45.4423
50.1114
54.2530
57.6962
61.2770
65.6536
69.3932
73.1859
76.9597
81.3806
84.5549
88.8719
92.2191
96.5181
99.6751
103.5817
107.7833
112.2248
115.8175
119.7570
123.9847
128.2297
130.9367
136.7541
139.0306
143.2143
146.5160
150.7982
154.7684
158.5620
161.5446
165.8418
169.6597
173.9593
176.4713
181.3355
185.1080
189.3811
191.9258
196.6525
199.9541
204.3304
207.0568
210.4740
215.7331
219.4310
224.5664
228.2353
231.5464
236.4552
238.5995
244.1671
246.0871
7.9104
9.8194
11.0322
16.3130
18.9897
22.0230
27.2451
31.0431
33.3851
38.8152
41.6223
45.8635
49.8927
53.8798
56.9155
61.2619
65.5014
69.0160
72.6933
77.3195
80.2711
84.4460
88.2036
92.3279
95.3204
99.4585
103.5144
107.8347
111.7300
115.6040
119.6037
123.9981
126.7743
132.4579
134.9011
139.1800
142.2251
146.6030
150.6562
154.2914
157.3843
161.7507
165.3820
169.7252
172.3810
177.1135
180.9501
185.3296
187.6715
192.4104
195.8588
200.1321
202.9060
206.4152
211.5722
215.2302
220.4823
224.0886
227.3324
232.3141
234.3887
239.8987
241.9775
6.2844
9.7553
12.1184
16.0053
20.0288
23.2048
27.7788
31.3395
35.8515
38.8082
43.6436
47.0845
50.6673
54.6359
58.6748
62.5684
66.6752
69.8645
74.3606
77.9795
82.0136
85.3729
89.8921
92.6518
96.5533
101.0718
105.3397
108.9316
113.0564
117.1762
121.2835
124.3149
130.1236
132.1311
136.5167
139.7343
143.8583
148.1026
151.8355
154.5914
159.0572
162.9054
167.0379
169.7564
174.6054
178.1974
182.5892
185.1743
189.7897
193.2143
197.6568
200.1671
203.6687
209.0192
212.5888
217.7266
221.5234
224.6499
229.5937
231.8957
237.3996
239.3219
7.8700
10.0068
10.8202
15.7845
19.0331
22.8844
26.7035
31.7146
33.8078
38.6864
42.6740
45.9498
49.8245
54.1063
57.7169
61.7014
65.3209
69.6905
73.0834
77.3556
80.5658
84.9923
88.0767
91.9030
96.2504
100.6769
104.1695
108.1908
112.4562
116.6037
119.4037
125.2599
127.3888
131.6190
134.9622
139.1617
143.2047
147.0213
149.8939
154.2289
158.1105
162.3391
164.8840
169.7780
173.4696
177.7569
180.3699
185.0533
188.3591
192.7877
195.4231
198.8471
204.1647
207.8267
212.9334
216.6640
219.9273
224.8285
227.0487
232.6091
234.4868
6.2248
10.0715
11.5640
17.0349
21.1597
23.0886
28.0776
31.6410
35.7959
39.3018
43.5889
46.6756
50.7851
55.2901
58.9226
62.1803
66.9138
70.0966
74.0465
77.9187
82.1400
84.8332
89.0245
93.2483
97.4294
101.3933
105.3715
109.2511
113.5878
116.5916
122.2408
124.5432
128.9760
131.9082
136.2044
140.4534
144.0149
146.9850
151.4738
155.0860
159.3303
162.1491
166.8438
170.5774
175.0556
177.3816
182.0512
185.6083
189.9041
192.5476
196.1301
201.3246
204.8919
210.1691
213.8449
216.9572
221.9750
224.1380
229.5963
231.7062
7.8329
9.3048
12.2407
17.2778
20.1300
24.0630
27.9792
32.5447
35.4106
39.4591
43.2512
47.0542
51.3622
55.4396
58.2410
62.9015
66.5996
70.3942
74.0110
78.5187
80.9858
85.0242
89.5921
93.7055
97.4773
101.6411
105.5736
109.7057
112.9216
118.6425
120.6302
125.1614
128.1824
132.2958
136.7051
140.3141
143.0418
147.6168
151.3638
155.4527
158.3418
163.1025
166.6594
171.1632
173.6407
178.2175
181.7790
186.1854
188.6369
192.2276
197.5504
201.0445
206.2534
210.0614
213.0754
218.0752
220.3971
225.8414
227.8581
6.5091
9.0203
12.1843
16.0796
21.1468
23.0390
27.8869
31.9195
35.2300
39.0098
43.3010
46.9651
50.9071
54.5280
58.9175
62.2761
66.5366
69.7963
74.1949
77.2694
81.1252
85.4419
89.8596
93.3928
97.4021
101.6390
105.8059
108.6194
114.4568
116.6086
120.8606
124.1554
128.3724
132.4319
136.2195
139.1130
143.4592
147.3082
151.5450
154.1169
158.9855
162.6897
166.9992
169.5728
174.2581
177.5928
182.0032
184.6459
188.0896
193.3865
197.0398
202.1711
205.8896
209.1397
214.0546
216.2631
221.8127
223.7202
7.9769
10.5533
11.5390
16.8551
20.2665
24.2394
27.8821
32.1976
35.1230
39.2984
43.7902
47.3585
50.7161
55.4242
58.5435
62.5517
66.3905
70.5842
73.3644
77.5341
81.7102
85.9394
89.8702
93.8236
97.7491
102.0869
105.0391
110.7060
113.0257
117.4263
120.3895
124.7011
128.9035
132.4879
135.4823
139.9374
143.5647
147.8297
150.6045
155.3128
159.0674
163.5202
165.8586
170.5428
174.0682
178.3663
181.0344
184.5976
189.7873
193.3762
198.6436
202.3067
205.4531
210.4574
212.6067
218.0809
220.1721
5.7490
10.6770
13.4252
16.2479
21.3966
24.2509
27.5428
32.0163
35.8084
39.5091
43.9003
46.8011
51.2174
55.1444
59.0956
62.2635
66.9346
69.6043
73.3985
78.0764
82.3303
85.7956
90.0047
94.1711
98.1631
101.2905
107.1372
108.9863
113.4206
116.6730
120.7154
125.0261
128.7785
131.4328
135.9272
139.8344
143.9025
146.6463
151.5188
155.0410
159.4443
162.0865
166.6639
170.0892
174.5759
177.0094
180.5166
185.9113
189.4514
194.5665
198.4103
201.5014
206.4359
208.7982
214.2974
216.1823
7.2384
10.4792
11.0796
16.4166
20.2354
23.0684
27.3242
31.4847
34.8600
39.0527
42.5327
46.8156
50.4178
54.6569
57.7074
62.2418
65.2862
69.0287
73.4803
77.9061
81.3062
85.3872
89.6879
93.7516
96.6292
102.5122
104.5251
108.8037
112.1559
116.2986
120.4028
124.2232
127.0234
131.3878
135.3030
139.4828
142.0631
146.9648
150.6044
154.9140
157.5548
162.2072
165.5304
169.9876
172.5607
176.0011
181.3467
184.9779
190.0793
193.8452
197.0687
201.9708
204.2380
209.7876
211.6510
6.9765
9.8348
12.8069
16.7175
21.2621
23.5996
27.8880
32.5060
35.8561
39.3552
44.0718
47.0143
51.0731
54.9704
59.0700
61.9363
66.1314
70.1972
74.4628
78.4203
82.3201
86.2527
90.6279
93.5219
99.1799
101.5636
105.9388
108.8861
113.2394
117.3959
120.9753
124.0263
128.4509
132.0563
136.3578
139.1051
143.8024
147.5979
152.0389
154.3500
159.0556
162.5703
166.8488
169.5589
173.1159
178.2778
181.8860
187.1641
190.7978
193.9734
198.9752
201.0922
206.5744
208.6747
7.9813
10.2721
11.3798
16.3767
19.5689
23.0235
27.8625
31.7774
34.2345
39.0414
42.7126
46.3438
50.1732
54.6021
56.9417
61.0855
65.5908
69.6485
73.5434
77.6807
81.5194
85.6958
88.9608
94.6257
96.6624
101.2494
104.1456
108.3000
112.7451
116.2838
119.0632
123.6574
127.3286
131.4402
134.3808
139.0838
142.6752
147.2202
149.6102
154.1961
157.8100
162.1742
164.6526
168.2783
173.5505
177.0350
182.2930
186.0659
189.0682
194.0908
196.3774
201.8057
203.8784
6.0831
10.5958
12.5156
16.5161
20.8716
23.9568
27.9965
31.8185
35.9991
39.3914
43.7785
46.7788
51.2131
54.4548
58.1816
62.4818
66.9907
70.3828
74.3859
78.7318
82.8422
85.6070
91.4910
93.6006
97.8223
101.1784
105.3840
109.4015
113.2281
116.1167
120.4265
124.3164
128.5560
131.0813
135.9734
139.6795
143.9637
146.5684
151.2572
154.5570
158.9839
161.6287
165.0548
170.3580
174.0240
179.1402
182.8584
186.1323
191.0304
193.2428
198.8062
200.6851
6.9680
9.9379
11.2142
15.9999
20.0154
23.1672
27.2773
31.7258
34.4623
38.8291
42.4164
46.4765
49.7196
53.7484
57.6979
62.1519
65.9080
69.7466
73.8823
78.2221
80.9294
86.6737
89.0731
93.3187
96.4305
100.8012
104.7999
108.4853
111.5752
115.8904
119.5807
123.9270
126.5200
131.2865
135.1217
139.4678
141.8600
146.6007
149.9986
154.3045
157.0692
160.5540
165.7282
169.4006
174.6258
178.2420
181.5163
186.4694
188.5655
194.0983
196.1207
7.0239
8.7934
11.6669
16.8831
20.6428
22.8911
27.7377
31.3959
34.9954
38.8450
43.2398
45.6079
49.7539
54.2130
58.3002
62.1879
66.3026
70.1638
74.3452
77.5821
83.2521
85.3080
89.8823
92.7788
96.9540
101.3682
104.9126
107.7229
112.2923
115.9620
120.0961
123.0094
127.7127
131.3296
135.8611
138.2444
142.8451
146.4422
150.7999
153.3057
156.9218
162.1797
165.6814
170.9412
174.6958
177.7258
182.7416
185.0085
190.4478
192.5160
7.9942
10.2264
12.0082
17.1038
19.8704
23.8165
28.1009
32.1733
34.7515
39.5761
42.4869
46.0130
50.7271
55.1325
58.3170
62.5316
66.9017
70.7848
73.8164
79.7492
81.5269
85.8898
89.2739
93.3006
97.5138
101.3484
104.0066
108.4219
112.4064
116.4945
119.1290
124.0518
127.5949
131.9346
134.6368
139.2345
142.5772
147.0874
149.5531
153.0135
158.4129
161.9958
167.0786
170.9068
174.0688
178.9678
181.3146
186.8494
188.6801
5.4143
10.3230
12.4078
16.3539
20.9554
23.4232
27.6273
31.5605
35.4750
38.5567
42.7358
46.6078
50.9745
54.9035
58.7273
62.7248
67.1125
69.9227
75.5975
78.0222
82.3623
85.3179
89.7078
93.7994
97.3942
100.4966
104.8710
108.4812
112.8171
115.5129
120.2145
124.0461
128.4622
130.7708
135.4960
138.9793
143.2546
145.9980
149.5384
154.6836
158.3153
163.5906
167.2029
170.4178
175.4048
177.5027
183.0021
185.0853
7.7914
9.8608
11.5367
16.5797
19.8384
23.3484
27.4957
31.6596
34.0701
38.3344
42.5817
46.6906
50.6981
54.7181
58.5362
62.8039
65.9778
71.6070
73.7867
78.3466
81.1667
85.4220
89.7861
93.2940
96.2075
100.7447
104.3505
108.5463
111.4433
116.1093
119.7972
124.3284
126.6400
131.2748
134.8787
139.1921
141.7677
145.3880
150.5903
154.1155
159.4078
163.1101
166.1744
171.1972
173.4061
178.8496
180.9536
6.5180
9.4553
12.2775
16.4994
20.8533
22.8621
27.6557
30.9891
34.3200
38.8564
43.4409
46.4719
50.5963
55.1155
59.0055
61.8591
67.8327
69.6932
73.9569
77.4081
81.4969
85.5731
89.4519
92.2053
96.5311
100.5216
104.6806
107.2125
112.1485
115.7677
120.0540
122.7465
127.3899
130.6748
135.1647
137.7154
141.1412
146.5032
150.1383
155.2209
158.9977
162.2367
167.1182
169.4060
174.9684
176.7927
7.9036
10.3214
11.4537
16.5098
19.6383
23.3435
27.2499
31.0624
34.6361
39.3363
42.9153
46.6155
50.9347
55.2644
57.7751
63.5743
66.0311
70.1787
73.3632
77.7805
81.6450
85.3831
88.5443
92.7658
96.4852
100.8825
103.3721
108.1617
112.0480
116.3402
118.7488
123.5196
126.8537
131.1612
133.9763
137.4258
142.5832
146.2953
151.5059
155.0939
158.4311
163.3581
165.4279
170.9882
172.9785
5.6262
10.3568
12.6463
16.4000
20.9366
22.8033
26.8875
31.5659
35.5581
39.3547
43.5745
47.4265
51.4678
54.8812
60.5593
62.4317
67.1066
69.9680
74.0693
78.5788
82.1103
84.8336
89.4390
93.1425
97.2200
100.1758
104.8815
108.4432
112.9993
115.4098
119.9782
123.5888
127.9770
130.4202
134.0505
139.3332
142.8081
148.0601
151.8456
154.8474
159.8577
162.1682
167.6032
169.6467
7.7272
9.8227
11.2476
16.4660
18.8765
22.2140
27.1739
31.4560
34.5892
38.9085
43.1941
46.9764
50.2338
56.1174
57.7728
62.2990
65.5151
69.5119
73.8763
77.6128
80.2364
84.7319
88.6511
92.7021
95.4662
100.3185
103.8377
108.2671
110.8837
115.4536
118.8973
123.3827
125.8066
129.3370
134.7062
138.2364
143.3792
147.2067
150.2972
155.2340
157.5894
163.0859
164.9829
6.1465
9.7868
12.1337
16.3243
20.3370
23.2814
27.9734
31.8643
35.3876
39.5239
44.0050
46.5253
52.2114
54.8305
59.0467
62.0033
66.5147
70.4210
74.0364
77.2995
81.5515
85.1356
89.5722
92.1513
96.8463
100.7831
105.1435
107.4142
112.1947
115.6192
119.8626
122.7071
126.2141
131.3035
134.9912
140.2731
143.8216
147.1215
152.0877
154.1195
159.6485
161.7246
8.0681
9.5926
11.1381
16.0809
19.4586
23.3912
27.9507
31.7107
35.2094
39.6835
42.8887
48.3395
50.7416
55.3841
57.8838
62.2829
66.6624
70.0123
73.0945
77.6327
81.0622
85.3370
88.3025
92.8493
96.6353
101.2246
103.3586
108.0265
111.7095
115.9337
118.5876
122.2575
127.3555
130.8793
136.2543
139.8800
142.9453
148.0010
150.1328
155.5566
157.7515
6.4038
9.9470
11.7608
16.4471
21.1698
23.6127
27.8281
32.5481
36.2017
39.1279
45.1518
46.8334
51.1637
54.6046
58.6454
62.7687
66.6390
69.3525
73.6882
77.6924
81.8248
84.3875
89.3089
92.9091
97.2253
99.9029
104.5296
107.8422
112.3367
114.8582
118.3103
123.6647
127.2775
132.3807
136.1613
139.3751
144.2647
146.5655
152.1162
153.9541
7.5834
9.6267
11.3789
16.5747
19.8743
23.2866
27.7809
32.0817
34.4601
40.2797
42.7712
46.9206
50.0387
54.5000
58.3338
62.0485
65.2605
69.4525
73.1494
77.5646
80.0589
84.8216
88.7279
93.0384
95.4092
100.1806
103.5341
107.8336
110.6467
114.1161
119.2519
122.9532
128.1861
131.7656
135.0922
140.0239
142.0958
147.6498
149.6516
6.1172
10.0004
12.8614
17.4508
21.5684
24.7426
28.8424
32.6997
38.0836
39.9612
44.9215
47.2891
51.4437
56.1738
59.4569
62.2374
66.9522
70.4518
74.5282
77.6853
82.2324
85.8191
90.5066
92.7180
97.2726
101.0380
105.3446
107.7869
111.5148
116.7087
120.1276
125.4812
129.2247
132.1532
137.2185
139.4950
144.8802
147.0371
7.6473
10.6118
12.6162
17.4130
21.6071
24.8240
28.6333
34.4570
35.6217
40.4288
43.4916
47.3187
51.9358
55.5890
58.0391
62.6449
66.5721
70.5099
73.4178
78.2290
81.6511
86.1680
88.7695
93.2764
96.8019
101.3078
103.6250
107.2154
112.5994
116.0617
121.2299
125.0963
128.1032
133.0594
135.4711
140.9348
142.8488
5.9021
9.5584
12.3120
16.4075
20.8747
23.4402
29.0634
31.6564
36.0096
38.7362
43.2688
47.2712
50.7947
54.0571
58.3452
61.8850
66.2930
68.9649
73.6071
77.5166
81.9447
84.1677
88.9175
92.4095
96.6568
99.4402
102.9976
108.0828
111.7226
117.0342
120.6045
123.8442
128.8262
130.8987
136.4045
138.4955
7.7409
10.0131
11.9034
16.5475
20.3376
25.3262
27.6977
32.6708
34.5673
39.0061
43.6268
46.7249
49.8249
54.4621
57.7335
61.9766
65.1260
69.5448
73.3148
78.0163
80.0205
84.6557
88.4572
92.6465
95.2518
98.9980
104.0542
107.5192
112.9533
116.5770
119.5713
124.6571
126.8046
132.1936
134.4377
5.6052
10.7638
12.8276
16.2345
22.2722
23.2216
27.8191
31.1975
35.0432
39.3624
43.1924
45.7417
50.1434
54.1881
58.2214
60.8866
65.7799
69.3003
73.6895
76.3580
80.9318
84.3088
88.8258
91.2560
94.7616
100.1244
103.6803
108.8101
112.6207
115.7668
120.6719
123.0202
128.5444
130.3968
7.0915
9.8278
11.3315
17.4272
19.6641
23.7132
26.9507
31.3725
35.0837
38.8856
42.0742
46.1673
49.9700
54.3646
56.7858
61.5890
65.4701
69.7568
72.1921
76.9462
80.2567
84.6067
87.3732
90.8313
95.9953
99.6909
104.8996
108.5065
111.8371
116.7438
118.8615
124.4278
126.3745
6.3739
9.7026
13.5889
16.6154
21.5402
22.7347
27.4931
31.9745
34.8670
38.2811
42.8128
45.8820
50.2728
53.3942
57.7063
61.6287
66.3271
68.1760
72.8758
76.6867
80.7933
83.5228
87.2721
92.2268
95.7326
101.2157
104.7517
107.8074
112.8967
114.9549
120.3551
122.6424
7.5254
11.1625
11.2350
16.8725
18.7957
22.6198
27.6548
30.8886
33.4189
38.1553
41.8029
45.7601
48.9158
53.5055
56.9977
61.6769
64.0029
68.5152
72.2196
76.6122
78.9695
82.6736
87.9219
91.3406
96.6430
100.4288
103.3863
108.4037
110.7422
116.1611
118.2128
6.7453
10.0942
12.9109
16.1876
20.9985
23.9091
27.7928
31.4583
35.1635
38.8784
43.5157
45.6537
50.4324
54.5463
58.7116
61.0495
65.9137
69.1208
73.3937
76.3600
79.7600
84.8130
88.6047
93.8330
97.3227
100.7871
105.6688
107.6636
113.2690
115.2292
8.0228
9.9042
10.2869
16.0270
18.8730
21.9150
26.2789
30.0283
33.0115
37.8806
40.3556
44.7205
49.0675
53.4492
55.2597
60.1810
63.6821
67.7107
70.8151
74.3794
79.1978
82.9320
88.3699
91.7204
95.0950
100.0889
101.9459
107.4672
109.6772
6.7166
9.2212
11.8998
16.8100
20.4650
22.5365
27.0599
31.2062
35.0265
37.8617
42.6989
46.0812
50.5816
53.2388
57.7296
61.1914
65.7412
68.0428
71.6195
76.9879
80.4709
85.6348
89.4789
92.5466
97.4670
99.8712
105.3655
107.2307
8.0274
10.2959
11.7918
16.7347
19.5115
22.7208
27.3469
31.6208
33.2792
38.4842
42.2725
46.1975
49.1230
53.8585
56.7507
61.3219
64.0362
67.2857
72.5998
76.3964
81.3991
85.0742
88.5724
93.3275
95.5350
101.2063
102.8813
6.4698
10.2161
12.1751
16.1727
20.3633
23.1841
27.7238
30.7724
34.9793
39.0201
43.6899
45.4765
50.2146
53.9678
58.0794
60.8522
64.5753
69.4958
73.0411
78.5123
82.0207
85.1532
90.1997
92.2515
97.6935
99.9127
8.2412
9.8589
10.8197
15.9780
19.7417
23.1977
26.6891
31.1820
34.3806
39.2014
41.5986
45.9651
49.7306
54.2168
56.3552
60.1142
65.4220
68.7570
74.0440
77.9066
80.7921
85.7931
88.2383
93.6458
95.6349
6.2175
9.9979
11.4861
15.8038
20.5074
21.7503
26.7761
30.9738
34.8438
37.4255
42.3074
45.2247
49.6213
52.5912
55.8714
60.9718
64.8285
69.9588
73.4675
77.0378
81.8276
83.8721
89.5382
91.3459
7.6441
9.4847
11.1102
16.2831
18.9449
22.8593
27.3252
31.8626
33.3806
38.2688
41.9325
45.9298
48.9385
52.6112
57.3794
61.0245
66.5283
69.9057
73.1803
78.1958
80.1268
85.6132
87.8361
6.6246
10.6220
12.6731
16.5637
20.9868
23.6230
28.5545
31.2059
35.3509
39.1077
43.7537
45.5990
49.3763
54.8117
58.0619
63.2785
67.2590
70.0740
75.0393
77.6241
83.0274
84.9115
7.2887
9.9435
10.8395
16.1939
19.6272
23.6003
26.6821
31.2315
34.1658
38.8621
41.3161
44.6679
50.0266
53.6989
58.7411
62.4994
65.8586
70.6334
72.9648
78.5857
80.2669
6.5710
9.4105
11.8878
16.6908
21.4015
22.2992
27.1969
31.0968
34.9474
37.9530
41.7479
46.3750
49.9484
55.5578
58.8948
62.0944
67.1482
69.0746
74.5212
76.8146
7.9325
9.3306
11.5111
17.2058
18.7789
22.7973
27.1485
31.4685
33.3143
37.3788
42.4987
45.6216
51.1074
54.9380
57.6301
62.7149
65.1769
70.4928
72.6215
6.6449
10.4831
13.1917
16.4737
21.1961
23.4863
28.1670
31.0224
34.1303
39.3304
43.2310
48.2236
51.7971
55.4505
60.1244
62.2822
68.0000
69.6191
7.0939
10.4384
10.6497
15.7965
19.2730
23.1167
26.3567
29.9787
34.5231
38.2491
43.7778
47.0488
50.4606
55.4019
57.2997
62.8434
64.9828
6.7449
9.2882
12.0724
16.0233
20.8427
21.9781
25.9403
31.3987
34.4671
39.7012
43.7512
46.4867
51.4185
54.1137
59.5040
61.3158
8.1508
10.2732
10.8598
16.5243
18.2267
21.0931
26.8546
30.5664
35.2106
39.1646
42.6825
47.1996
49.7682
55.4850
56.7652
5.9075
10.1482
12.8762
16.3687
20.2760
24.1834
27.7605
33.5919
36.6668
39.9443
44.9826
46.7854
52.2416
54.5882
7.5593
10.0328
11.1011
15.7853
20.0558
22.8825
28.7475
32.3348
34.9393
40.0859
42.4307
47.6978
49.9760
6.4699
8.8039
10.8625
16.0244
20.1118
24.8312
28.3800
32.2840
36.7214
38.9668
44.7643
46.1339
8.1121
9.6926
11.6027
16.1107
21.6801
24.0619
28.2465
32.9050
34.2745
40.0140
42.1014
5.7460
10.7050
12.6817
17.8570
22.1951
24.6112
29.4409
32.4760
37.7987
39.4137
7.6308
10.7158
14.1537
18.5293
22.1845
26.2257
29.2007
34.9501
35.7254
5.9812
10.5734
12.5267
17.1793
21.4149
22.9664
28.8258
30.5196
7.2509
10.2878
12.2648
17.2761
19.9329
25.1213
27.1842
6.8012
9.1697
12.1424
16.1804
21.5811
21.7857
8.0838
9.9720
10.7640
16.9223
18.0646
6.0939
10.3257
13.9329
16.1841
7.5063
10.6178
10.4866
6.5831
9.3521
7.9315
