# Pairwise distances between all Valine CB atoms (in Å)
7.9198
10.1298
11.2717
15.8490
20.4114
23.7849
27.5255
32.2207
34.5360
39.4150
42.6129
47.3587
51.6404
55.3360
58.7948
62.5362
66.6579
70.5257
73.3549
78.6632
81.3164
86.2437
89.7837
93.3919
97.0401
100.9856
105.1379
109.3591
113.0772
118.0459
119.5086
124.5133
128.3298
132.2574
136.7616
140.7274
144.3063
148.9322
151.3794
155.8626
159.3361
164.3351
166.6574
172.3029
175.0904
179.1286
182.4053
186.1669
191.2571
194.9408
200.3653
203.5573
206.8581
211.6670
214.9650
219.4557
222.2588
226.9791
230.4909
234.3906
238.2382
242.9124
246.7534
251.4185
253.9479
258.6047
261.8409
266.0285
269.4408
273.3536
277.0604
282.2318
285.0525
289.1595
293.1727
296.8633
300.8485
304.4685
308.0236
312.4083
315.1890
319.8945
324.0295
328.5222
332.1658
335.9297
339.4212
343.6339
347.3187
351.4580
354.6250
357.6710
363.0162
366.7223
372.1530
375.2279
379.8310
384.5671
387.2279
391.7261
394.5179
5.5202
10.4826
11.6915
16.3316
20.6361
23.7640
27.5007
31.4171
35.9819
38.2837
43.3938
47.9611
50.8000
55.0873
58.7908
62.3046
66.6955
69.5099
74.5552
77.5993
82.6909
85.6478
89.5537
93.2195
96.9051
101.3661
105.6714
108.9854
114.1003
115.7941
120.4643
124.3817
128.5850
132.7793
136.7165
140.6151
145.0262
147.4868
152.1244
155.3314
160.3270
162.9114
168.4251
171.1718
175.3754
178.3906
182.1269
187.4217
191.0857
196.3599
199.7203
202.9554
207.6849
211.2192
215.6570
218.3158
223.1054
226.5800
230.3621
234.3915
239.0921
242.7713
247.4427
250.0937
254.6332
257.9765
262.2256
265.4580
269.4729
273.2481
278.3358
281.1858
285.3997
289.2550
292.9674
297.0747
300.6024
304.0872
308.5889
311.2560
315.9382
320.1941
324.7014
328.2242
332.1035
335.5353
339.6961
343.5208
347.5950
350.7243
353.8530
359.1662
362.8050
368.3162
371.4204
375.9011
380.6835
383.3740
387.7903
390.6804
7.5056
9.4257
11.6779
16.2119
20.4298
23.6396
27.2429
32.1445
34.0283
38.9366
43.8191
46.7408
50.6921
54.6614
58.1018
62.2588
65.4282
70.4977
73.2131
78.3794
81.4421
85.1392
89.0595
92.7262
96.9694
101.3832
104.7633
109.7350
111.5551
116.3187
120.0668
124.2245
128.5671
132.4147
136.2682
140.8211
143.1197
147.7563
151.0958
155.9881
158.5780
164.1778
166.8056
170.9837
174.1153
177.8036
183.0516
186.7889
192.0591
195.3417
198.6945
203.4059
206.8582
211.3781
213.9928
218.7474
222.3228
226.0908
230.0333
234.7655
238.5079
243.1166
245.8072
250.3932
253.6392
257.9256
261.1843
265.1350
268.9576
274.0761
276.8454
281.0499
284.9691
288.6198
292.7447
296.3113
299.7567
304.2326
306.9818
311.6286
315.8403
320.3878
323.9060
327.7380
331.2464
335.3908
339.1666
343.2968
346.3728
349.4848
354.8503
358.4844
363.9548
367.0943
371.5894
376.3504
379.0883
383.5168
386.3443
6.8435
10.3587
12.7245
16.6650
21.6077
23.2864
28.2174
31.7003
36.3436
40.4277
44.3843
47.6305
51.3165
55.6235
59.3947
62.1386
67.4963
70.1265
75.0037
78.6363
82.2334
85.8093
89.8086
93.9515
98.1244
101.9063
106.8824
108.2660
113.3126
117.1448
121.0347
125.5546
129.5498
133.0804
137.7070
140.1954
144.6490
148.1341
153.1653
155.4331
161.0775
163.9083
167.9235
171.2124
174.9958
180.0575
183.7211
189.1761
192.3603
195.6365
200.4649
203.7456
208.2212
211.0614
215.7798
219.2682
223.1943
227.0332
231.6924
235.5443
240.2273
242.7217
247.3870
250.6308
254.7976
258.2333
262.1462
265.8280
271.0046
273.8429
277.9357
281.9553
285.6611
289.6204
293.2434
296.8230
301.1950
303.9704
308.6903
312.8178
317.2956
320.9612
324.7202
328.1978
332.4242
336.1005
340.2330
343.4234
346.4606
351.7939
355.5130
360.9431
364.0019
368.6208
373.3554
375.9976
380.5058
383.2992
8.0781
10.5545
12.2487
17.0956
20.3843
24.6257
27.9363
33.0548
36.9384
40.2868
44.3999
47.7625
51.7952
56.1273
58.4726
63.6509
66.8591
71.7527
74.9329
78.9245
82.2374
86.1089
90.6561
94.7595
98.2479
103.4561
104.8341
109.6004
113.6614
117.7510
121.9460
126.0199
129.7703
134.1331
136.7974
141.3340
144.5388
149.6775
152.0767
157.5614
160.4954
164.6243
167.6539
171.4757
176.6911
180.2674
185.6494
189.0020
192.1214
196.9274
200.4162
204.7793
207.5896
212.3802
215.7454
219.6261
223.6475
228.2873
231.9915
236.7427
239.2580
243.8162
247.2138
251.3743
254.6909
258.7215
262.3902
267.4925
270.4279
274.5857
278.4584
282.2389
286.2426
289.7782
293.3627
297.8206
300.4540
305.1985
309.4325
313.8764
317.4856
321.3518
324.7203
328.9371
332.7347
336.7766
340.0030
343.0991
348.3622
352.0521
357.5649
360.6022
365.1444
369.9242
372.5333
376.9878
379.8944
5.2571
10.4138
12.4730
15.8788
20.8661
22.4551
27.2929
32.1948
35.2520
39.0172
43.0242
46.5410
50.6087
53.7996
58.8965
61.5452
66.7024
69.8285
73.4956
77.4066
81.1035
85.3154
89.7119
93.1445
98.1066
99.8873
104.6937
108.4314
112.5582
116.9303
120.7913
124.6033
129.1740
131.4871
136.1006
139.4656
144.3745
146.9191
152.5289
155.1806
159.3367
162.4928
166.1959
171.4136
175.1420
180.4401
183.7069
187.0518
191.7794
195.2064
199.7228
202.3667
207.1158
210.6820
214.4736
218.3975
223.1198
226.8808
231.4993
234.1615
238.7621
242.0033
246.2746
249.5596
253.5025
257.3070
262.4349
265.2113
269.4010
273.3348
276.9931
281.0948
284.6694
288.1345
292.5947
295.3492
300.0063
304.2048
308.7428
312.2828
316.1039
319.6082
323.7647
327.5257
331.6565
334.7495
337.8505
343.2108
346.8577
352.3225
355.4501
359.9637
364.7204
367.4454
371.8861
374.7071
6.8801
9.8450
11.0990
16.3143
19.0479
23.6238
27.9822
31.7927
35.0183
38.8708
42.9525
46.7489
49.7009
54.9807
57.5539
62.5472
66.0202
69.6181
73.3399
77.2309
81.3752
85.6383
89.3062
94.2654
95.8028
100.7755
104.5526
108.5284
113.0058
116.9467
120.5774
125.1947
127.6081
132.1204
135.5704
140.5539
142.9204
148.5579
151.3182
155.3847
158.6301
162.3848
167.4988
171.1888
176.5883
179.7996
183.1059
187.8967
191.2292
195.7241
198.4884
203.2174
206.7394
210.6163
214.4820
219.1658
222.9876
227.6448
230.2024
234.8472
238.0845
242.2930
245.6735
249.5945
253.3254
258.4851
261.2963
265.4267
269.4152
273.1016
277.1158
280.7213
284.2569
288.6615
291.4317
296.1270
300.2799
304.7818
308.4000
312.1816
315.6711
319.8707
323.5782
327.7114
330.8641
333.9252
339.2695
342.9612
348.4041
351.4899
356.0691
360.8114
363.4872
367.9701
370.7718
7.2430
9.0150
12.4508
16.8320
21.7958
24.8971
28.6963
32.5998
35.6633
40.0819
44.3429
46.3452
51.6028
54.9080
59.6722
62.9773
67.0179
70.1123
74.0871
78.6791
82.6622
86.2472
91.5021
92.7057
97.5253
101.6539
105.6817
109.8756
114.0192
117.6888
122.0273
124.7938
129.2753
132.4805
137.6913
139.9914
145.4617
148.4892
152.5781
155.6163
159.4816
164.6513
168.1833
173.6200
176.9655
180.0291
184.8722
188.3356
192.6636
195.5463
200.3356
203.6498
207.5792
211.5916
216.2016
219.9209
224.7085
227.1576
231.7277
235.1460
239.2652
242.6235
246.6580
250.2774
255.3876
258.3600
262.4909
266.3734
270.1842
274.1388
277.6789
281.3096
285.7451
288.3657
293.1381
297.3594
301.7744
305.4244
309.2824
312.6234
316.8658
320.6486
324.6770
327.9473
331.0272
336.2678
339.9817
345.4934
348.5005
353.0720
357.8492
360.4226
364.8954
367.8062
7.9586
10.5200
11.0806
16.5210
20.8919
23.3353
27.9813
31.5172
34.8759
39.4873
42.1295
47.0728
50.3202
55.4272
58.1767
62.2414
65.7907
69.4211
74.0269
78.2895
81.5118
86.7097
88.3818
92.9709
96.9492
101.2135
105.2993
109.2732
113.2239
117.5501
120.0812
124.7293
127.8536
132.9034
135.4928
140.9562
143.7597
147.9846
150.9266
154.6929
160.0082
163.6315
168.9070
172.3102
175.4836
180.2188
183.8019
188.1989
190.8698
195.6782
199.1046
202.8941
206.9631
211.6472
215.2968
219.9987
222.6292
227.1500
230.5338
234.7690
237.9868
242.0297
245.7864
250.8588
253.7431
257.9659
261.7862
265.5289
269.6297
273.1361
276.6402
281.1538
283.7821
288.4806
292.7567
297.2446
300.7699
304.6724
308.0663
312.2347
316.0832
320.1295
323.2860
326.4225
331.7081
335.3498
340.8811
343.9676
348.4416
353.2331
355.9032
360.3145
363.2308
5.6752
10.2969
14.0419
17.1862
21.9718
24.5446
28.0513
32.7832
36.3607
38.8780
44.3052
46.9475
51.7528
55.4670
59.1023
62.5263
66.5830
70.7701
74.8628
78.6902
83.7109
84.9899
90.0515
93.9280
97.8071
102.2921
106.3361
109.8452
114.4300
116.9952
121.4272
124.8788
129.9689
132.1917
137.8080
140.7077
144.7168
147.9731
151.7914
156.8433
160.4677
165.9461
169.1512
172.3722
177.2178
180.5179
184.9581
187.8304
192.5599
196.0025
199.9497
203.8097
208.4493
212.2879
217.0018
219.4627
224.1202
227.3961
231.5423
234.9804
238.9131
242.5694
247.7380
250.6095
254.7020
258.6998
262.4347
266.3775
269.9865
273.5913
277.9666
280.7111
285.4495
289.5889
294.0463
297.7227
301.4973
304.9408
309.1785
312.8698
316.9787
320.1986
323.2386
328.5466
332.2725
337.7182
340.7578
345.3769
350.1182
352.7382
357.2457
360.0607
8.4387
11.4780
12.7107
17.7720
20.6345
23.4142
28.5069
32.3513
34.1278
39.5553
42.6941
47.3257
50.9366
54.8608
57.8564
61.9721
66.4447
70.3503
74.1284
79.3335
80.3986
85.3665
89.4578
93.3685
97.6768
101.8448
105.3770
109.7909
112.5701
116.9825
120.2849
125.5120
127.6941
133.2092
136.2683
140.2911
143.4219
147.3063
152.3904
155.9204
161.4201
164.7047
167.7823
172.6577
176.0362
180.3786
183.3179
188.0827
191.4043
195.3812
199.3269
203.9236
207.7018
212.4908
214.8900
219.5038
222.8838
226.9797
230.4030
234.4013
237.9949
243.1342
246.0975
250.1919
254.1268
257.9328
261.8432
265.4136
269.0715
273.4657
276.1239
280.9055
285.0850
289.4932
293.1861
297.0054
300.3640
304.6250
308.3608
312.4094
315.6953
318.7470
323.9957
327.7331
333.2187
336.2144
340.8273
345.5886
348.1519
352.6525
355.5297
5.6039
10.9136
12.8709
17.1077
21.1006
24.0981
28.4922
31.6601
36.5449
39.4160
44.6672
47.4205
51.2941
55.1454
58.7064
63.1141
67.5072
70.7497
75.8168
77.6503
82.3002
86.1074
90.3601
94.5607
98.4449
102.3830
106.8273
109.2043
113.8653
117.0927
122.0500
124.6613
130.1946
132.8888
137.1035
140.1317
143.8571
149.1413
152.8273
158.0927
161.4384
164.7101
169.4254
172.9523
177.4177
180.0414
184.8243
188.3357
192.1082
196.1115
200.8238
204.5200
209.1699
211.8391
216.3951
219.7005
223.9712
227.2026
231.1961
234.9969
240.0912
242.9088
247.1303
250.9953
254.6885
258.8102
262.3438
265.8129
270.3107
273.0015
277.6702
281.9154
286.4370
289.9535
293.8229
297.2761
301.4293
305.2445
309.3332
312.4456
315.5723
320.8981
324.5335
330.0359
333.1520
337.6326
342.4087
345.1188
349.5367
352.4062
7.2045
9.4310
11.9184
16.5372
19.5528
23.3267
27.0418
31.9912
34.3049
39.6146
42.6357
46.2062
50.3124
53.9142
58.0346
62.5072
65.9083
70.8151
72.7008
77.5078
81.1464
85.3010
89.6887
93.5099
97.3414
101.9407
104.1942
108.8207
112.2032
117.0887
119.6444
125.2671
127.8885
132.0505
135.2143
138.9141
144.1214
147.8600
153.1557
156.4146
159.7769
164.4971
167.9219
172.4516
175.0764
179.8229
183.4061
187.1945
191.1049
195.8315
199.6008
204.2106
206.8790
211.4885
214.7111
218.9929
222.2767
226.2100
230.0265
235.1564
237.9187
242.1138
246.0484
249.7004
253.8087
257.3835
260.8433
265.3026
268.0647
272.7170
276.9122
281.4548
284.9923
288.8115
292.3212
296.4750
300.2345
304.3684
307.4573
310.5583
315.9204
319.5662
325.0298
328.1606
332.6731
337.4278
340.1599
344.6006
347.4149
7.5391
8.1464
10.8981
16.1449
19.6750
21.7258
27.1235
30.0255
34.8148
38.3317
42.1717
45.4115
49.4219
53.8033
57.8415
61.5505
66.6823
67.9450
72.8930
76.8543
80.8292
85.1648
89.2471
92.8525
97.3225
99.9638
104.4305
107.7603
112.9036
115.1750
120.7232
123.6700
127.7288
130.8715
134.7126
139.8223
143.4075
148.8588
152.1346
155.2896
160.1251
163.5150
167.9104
170.7642
175.5243
178.9192
182.8482
186.7800
191.4123
195.1923
199.9327
202.4038
207.0209
210.3532
214.5022
217.8893
221.8672
225.5244
230.6628
233.5681
237.6917
241.6272
245.3905
249.3563
252.9283
256.5320
260.9434
263.6325
268.3782
272.5610
277.0074
280.6579
284.4768
287.8783
292.1097
295.8516
299.9248
303.1561
306.2213
311.5017
315.2141
320.6937
323.7275
328.3129
333.0719
335.6843
340.1688
343.0264
7.9730
10.3572
11.6354
17.1082
19.6810
24.0541
27.6362
32.8947
34.9343
39.2577
42.8378
46.1963
51.0005
55.3188
58.2464
63.5163
65.3643
69.7486
73.7259
78.1540
82.0677
86.0098
90.1252
94.3525
96.8628
101.5822
104.5892
109.6311
112.3309
117.7394
120.5142
124.8074
127.6431
131.4019
136.7849
140.4014
145.6201
149.0813
152.2366
156.9381
160.6053
164.9891
167.5961
172.4264
175.8493
179.5971
183.7175
188.4115
192.0127
196.7108
199.3841
203.8731
207.2770
211.5393
214.6981
218.7656
222.5527
227.5998
230.4817
234.7417
238.5128
242.2569
246.4002
249.8778
253.3559
257.9036
260.5038
265.1909
269.4999
273.9958
277.4826
281.4171
284.7982
288.9485
292.8362
296.8664
300.0073
303.1675
308.4455
312.0665
317.6190
320.7171
325.1548
329.9573
332.6429
337.0307
339.9679
5.7984
9.4951
11.8175
15.5220
20.6361
22.5487
27.7271
31.1831
34.6151
38.5533
42.3537
46.3653
50.7080
54.3629
59.2548
60.9055
65.8876
69.5394
73.5550
78.0427
81.9388
85.6018
90.2453
92.5909
97.1245
100.5823
105.5417
107.9314
113.5771
116.3016
120.3856
123.6221
127.3738
132.4866
136.1866
141.5737
144.7883
148.1104
152.8860
156.2353
160.7431
163.4708
168.2024
171.7435
175.6063
179.4701
184.1622
187.9806
192.6266
195.2042
199.8501
203.0722
207.3015
210.6627
214.5805
218.3352
223.4897
226.2838
230.4328
234.4068
238.0861
242.1228
245.7192
249.2394
253.6551
256.4249
261.1103
265.2714
269.7824
273.3832
277.1743
280.6664
284.8559
288.5764
292.7080
295.8488
298.9194
304.2641
307.9462
313.3957
316.4907
321.0540
325.7987
328.4895
332.9629
335.7654
7.9300
10.1417
10.8412
16.3657
19.4712
24.0693
27.6107
31.5760
34.5201
38.5935
43.0846
47.0039
50.7333
55.9361
57.0774
62.0165
66.0444
70.0197
74.2958
78.4313
82.0269
86.4407
89.1641
93.6129
96.8979
102.0980
104.3345
109.8506
112.8610
116.9173
120.0229
123.8938
128.9999
132.5493
138.0172
141.3143
144.4197
149.2686
152.6782
157.0421
159.9215
164.6914
168.0470
171.9916
175.9434
180.5596
184.3265
189.0917
191.5372
196.1461
199.5058
203.6381
207.0257
211.0202
214.6570
219.7885
222.7204
226.8434
230.7616
234.5472
238.5004
242.0615
245.6840
250.0982
252.7633
257.5229
261.7148
266.1457
269.8041
273.6345
277.0106
281.2503
285.0031
289.0588
292.3117
295.3788
300.6407
304.3582
309.8486
312.8684
317.4541
322.2179
324.8137
329.2978
332.1710
6.8525
9.9965
13.1977
16.4173
21.8889
23.4309
27.6908
31.5995
34.7433
39.4366
43.8943
46.7299
51.9100
53.9559
58.3275
62.1547
66.6207
70.5807
74.4435
78.5888
82.8855
85.2712
90.0158
93.0774
98.0501
100.7855
106.2357
108.9258
113.2239
116.1041
119.8342
125.2040
128.8636
134.0683
137.4972
140.7190
145.4020
149.0416
153.4717
156.0369
160.8527
164.3342
168.0662
172.1465
176.8609
180.4893
185.1518
187.8555
192.3662
195.7177
200.0075
203.1697
207.2058
211.0263
216.0857
218.9220
223.1854
226.9813
230.6929
234.8540
238.3469
241.7998
246.3399
248.9794
253.6458
257.9369
262.4558
265.9339
269.8493
273.2683
277.4072
281.2762
285.3328
288.4441
291.5997
296.9031
300.5186
306.0541
309.1722
313.6116
318.4047
321.1179
325.5086
328.4162
7.8910
10.9164
11.0820
16.7761
19.7947
22.8907
27.4557
30.9310
34.7116
39.2989
42.7868
47.5382
49.5226
54.4318
57.8766
61.9914
66.4900
70.2604
74.0314
78.7260
80.8956
85.4997
88.9713
93.8278
96.3326
102.0022
104.5971
108.7281
111.9599
115.6623
120.8106
124.5645
129.8907
133.1047
136.4993
141.2281
144.6013
149.1561
151.7902
156.5199
160.1282
163.9373
167.7967
172.5223
176.3323
180.9323
183.5825
188.2239
191.4068
195.6875
199.0045
202.9086
206.7241
211.8716
214.6147
218.7955
222.7596
226.4021
230.4940
234.0855
237.5538
241.9907
244.7803
249.4325
253.6028
258.1469
261.7039
265.5010
269.0257
273.1864
276.9200
281.0679
284.1603
287.2468
292.6155
296.2723
301.7211
304.8493
309.3820
314.1270
316.8602
321.3151
324.1065
5.9566
10.1652
13.9338
17.2134
21.5785
23.7693
27.9160
32.7316
36.4034
40.0749
45.4491
46.3890
51.2399
55.4292
59.4441
63.5565
67.7866
71.4100
75.6866
78.5629
82.9993
86.1667
91.4643
93.6761
99.1174
102.2329
106.3036
109.3139
113.2302
118.3570
121.8437
127.3207
130.6723
133.6865
138.5494
142.0166
146.3206
149.2298
154.0227
157.3077
161.2655
165.2707
169.8627
173.5903
178.3973
180.8125
185.3947
188.8123
192.9215
196.2929
200.3255
203.9334
209.0455
212.0253
216.1557
220.0319
223.8560
227.7984
231.3340
234.9810
239.4099
242.0255
246.8059
251.0235
255.4298
259.0909
262.9496
266.2792
270.5282
274.3102
278.3319
281.6166
284.6934
289.9230
293.6431
299.1575
302.1566
306.7332
311.5087
314.0790
318.5557
321.4630
7.5626
10.5802
11.7157
16.8960
18.8908
22.5287
27.8558
31.5955
34.7049
40.2602
41.4856
45.9524
50.2190
54.5170
58.3255
62.5163
66.4332
70.5296
73.3899
77.9571
80.9158
86.1975
88.6212
93.9676
97.0315
101.2254
104.0525
107.9449
113.2131
116.6959
122.0644
125.5230
128.5100
133.3137
136.9313
141.2125
144.0135
148.8471
152.1251
156.0027
160.1117
164.7259
168.3597
173.1599
175.6600
180.1763
183.6432
187.7984
191.0610
195.1453
198.8050
203.8704
206.8528
211.0477
214.8379
218.6642
222.6840
226.1702
229.7677
234.2621
236.8245
241.5846
245.8658
250.2878
253.8767
257.7948
261.1029
265.3185
269.1733
273.1670
276.4204
279.5420
284.7620
288.4425
293.9958
297.0178
301.5270
306.3248
308.9208
313.3534
316.3045
6.0528
9.9043
12.2158
16.6379
20.3232
23.8309
28.2503
32.0778
36.7904
38.4865
43.6031
47.0480
51.0133
55.6076
59.4657
63.0598
67.7869
70.0689
74.5759
78.1085
83.0537
85.3872
91.0690
93.7819
97.8395
101.1257
104.8862
109.9462
113.6523
119.0669
122.2491
125.5896
130.3725
133.6868
138.2106
140.9446
145.6651
149.2215
153.1010
156.9283
161.6181
165.4648
170.1056
172.6683
177.3372
180.5311
184.7606
188.1431
192.0412
195.7962
200.9616
203.7426
207.8846
211.8745
215.5490
219.5762
223.1813
226.7074
231.1095
233.8953
238.5807
242.7269
247.2385
250.8509
254.6298
258.1294
262.3228
266.0292
270.1678
273.3118
276.3743
281.7211
285.4095
290.8516
293.9447
298.5189
303.2578
305.9503
310.4315
313.2204
7.9880
9.1211
11.4930
16.0737
19.4072
23.1359
27.6445
32.4181
33.3089
38.7700
42.4196
46.0712
50.7585
54.8396
58.0992
62.8062
65.3879
69.7021
73.2872
78.4239
80.4466
86.1139
89.0774
93.0040
96.3517
100.2189
105.1413
108.7423
114.3056
117.4504
120.6650
125.5453
128.7727
133.2196
136.1413
140.8512
144.2920
148.2924
152.0862
156.7065
160.5990
165.3208
167.7269
172.4286
175.6651
179.7961
183.2845
187.1859
190.8256
196.0145
198.8769
202.9511
206.9749
210.7131
214.6257
218.2480
221.8773
226.2245
228.9894
233.7360
237.8486
242.2982
246.0038
249.7584
253.2042
257.4547
261.1219
265.2366
268.4736
271.4978
276.8011
280.5425
285.9780
289.0072
293.6484
298.3803
300.9962
305.5190
308.3137
6.5773
9.1847
11.3283
16.6045
20.8143
23.3383
28.7223
30.6758
34.9222
38.8157
43.3472
47.1581
51.1141
55.2532
59.4551
61.9776
66.6822
69.6848
74.7708
77.4076
82.8168
85.6312
89.9043
92.7529
96.5509
101.8752
105.4709
110.7384
114.1772
117.3192
122.0434
125.6770
130.0604
132.6992
137.5211
140.9389
144.7269
148.8050
153.4842
157.1250
161.8340
164.4627
168.9868
172.3636
176.6111
179.8145
183.8585
187.6276
192.6937
195.5721
199.8124
203.6109
207.3603
211.4708
214.9640
218.4695
222.9881
225.6091
230.3077
234.5884
239.0748
242.5967
246.5076
249.8922
254.0596
257.9170
261.9556
265.1178
268.2577
273.5331
277.1747
282.7128
285.7970
290.2666
295.0580
297.7332
302.1432
305.0566
8.3165
9.7260
11.8737
16.9849
20.3444
24.6779
27.1090
32.0284
35.0360
39.1978
43.7862
47.4242
51.2136
56.0049
58.0079
62.6329
66.1687
70.9620
73.4787
79.1844
81.7106
85.8454
89.1076
92.8000
97.9207
101.6979
107.0218
110.2142
113.6461
118.3622
121.7227
126.3040
128.9073
133.6299
137.2702
141.0741
144.9069
149.6405
153.4668
158.0503
160.7112
165.3674
168.5188
172.8156
176.1327
180.0200
183.8539
189.0056
191.7257
195.9130
199.8815
203.5125
207.6139
211.2075
214.6668
219.1014
221.9045
226.5487
230.7129
235.2649
238.8180
242.6107
246.1457
250.3020
254.0319
258.1862
261.2705
264.3567
269.7300
273.3849
278.8306
281.9645
286.4959
291.2377
293.9818
298.4367
301.2179
5.7945
10.6433
12.8762
16.8845
22.3733
22.6500
27.6325
31.9024
35.8218
39.8568
44.2122
47.7127
51.9351
54.9521
59.3060
62.4604
67.8551
69.9338
75.3572
78.5730
82.6033
85.6124
89.5809
94.6435
98.0865
103.6164
106.9575
109.9293
114.8186
118.2668
122.5518
125.5010
130.2908
133.5503
137.5434
141.5284
146.1018
149.8484
154.6728
157.0477
161.6479
165.0597
169.1532
172.5503
176.5749
180.1652
185.2849
188.2715
192.3919
196.2750
200.1094
204.0310
207.5699
211.2367
215.6516
218.2697
223.0595
227.2658
231.6628
235.3422
239.1935
242.5168
246.7755
250.5472
254.5674
257.8674
260.9358
266.1583
269.8884
275.3996
278.3892
282.9787
287.7502
290.3136
294.7992
297.6990
7.6775
10.4003
12.1812
18.0029
19.5964
23.6042
27.7304
32.3235
35.8799
39.9904
44.1230
48.1579
50.8966
55.5506
58.4414
63.6699
66.2110
71.5488
74.5156
78.7710
81.5516
85.4193
90.7204
94.2387
99.5555
103.0256
106.0664
110.8277
114.4805
118.8017
121.5106
126.3460
129.6852
133.5179
137.6197
142.2634
145.8939
150.6536
153.2170
157.7366
161.1592
165.3653
168.5903
172.6572
176.3766
181.4386
184.3682
188.5941
192.3774
196.1687
200.2393
203.7225
207.2736
211.7839
214.3711
219.1002
223.3848
227.8389
231.3910
235.3104
238.6528
242.8429
246.7045
250.7172
253.9259
257.0593
262.3033
265.9630
271.5122
274.5656
279.0513
283.8465
286.4853
290.9047
293.8370
6.1630
9.7811
13.1260
15.6071
20.7954
23.3414
27.3245
32.1298
35.7528
39.3449
44.2555
46.2497
50.7881
54.4404
59.2662
61.6290
67.3772
69.9604
74.0268
77.3682
81.0983
86.1252
89.8817
95.2781
98.4247
101.8418
106.5952
109.8919
114.4682
117.1363
121.8445
125.4667
129.3227
133.1108
137.8228
141.6905
146.2930
148.8939
153.5813
156.7204
160.9870
164.3574
168.2278
172.0263
177.1963
179.9296
184.0883
188.0847
191.7297
195.7871
199.3958
202.8916
207.2968
210.1096
214.7725
218.9125
223.4468
227.0393
230.8124
234.3397
238.5172
242.2210
246.3760
249.4905
252.5573
257.9212
261.5982
267.0342
270.1475
274.7102
279.4447
282.1666
286.6417
289.4125
7.3826
10.7139
10.2624
16.2615
19.6146
23.0542
27.7441
31.9265
35.0305
39.6990
42.4067
46.6463
50.1975
55.4357
57.3470
62.9782
66.0441
69.9595
73.2546
77.1777
82.0694
85.6164
91.2089
94.3819
97.5304
102.4241
105.6878
110.0981
113.0349
117.7600
121.1576
125.1728
128.9917
133.5952
137.4680
142.2167
144.6014
149.2931
152.5565
156.6805
160.1552
164.0774
167.7077
172.8836
175.7694
179.8571
183.8470
187.6091
191.5231
195.1246
198.7657
203.1262
205.8592
210.6159
214.7480
219.1853
222.8863
226.6637
230.0798
234.3324
238.0245
242.1163
245.3698
248.4046
253.6863
257.4255
262.8802
265.9001
270.5283
275.2686
277.8761
282.3900
285.2062
6.7710
9.4875
11.9097
15.6665
20.7712
23.8768
27.8329
32.2935
36.2224
38.7871
43.5611
46.3510
51.5029
54.2072
59.5221
62.3721
66.7041
69.4193
73.2529
78.6076
82.1620
87.4125
90.9050
93.9940
98.7079
102.4084
106.7617
109.3770
114.2179
117.6090
121.3915
125.5006
130.1720
133.7870
138.5112
141.1383
145.6504
149.0441
153.2960
156.4770
160.5366
164.3090
169.3620
172.2506
176.5076
180.2756
184.0392
188.1582
191.6334
195.1421
199.6725
202.2721
206.9747
211.2696
215.7499
219.2650
223.1922
226.5582
230.7249
234.6000
238.6237
241.7946
244.9421
250.2033
253.8425
259.3929
262.4723
266.9325
271.7284
274.4012
278.8054
281.7295
7.9111
9.8458
10.4757
15.4139
19.5826
22.7719
27.0268
31.7312
33.3908
38.2042
41.5945
46.2914
49.0283
54.6731
57.0782
61.3351
64.4507
68.1271
73.3333
77.1172
82.3577
85.6244
89.0515
93.7127
97.1895
101.7645
104.2633
109.0157
112.6636
116.4114
120.3044
125.0535
128.8214
133.3983
136.1156
140.7356
143.9061
148.2419
151.4833
155.4002
159.2758
164.3954
167.1112
171.3486
175.2522
178.8880
183.0425
186.5983
190.0283
194.5059
197.2715
201.9040
206.1103
210.6699
214.1778
218.0125
221.5267
225.6630
229.4434
233.5743
236.6455
239.7611
245.1206
248.7521
254.2270
257.3711
261.8594
266.6159
269.3745
273.8017
276.6118
7.5829
10.8408
13.4959
17.8565
22.4230
25.1539
29.5631
32.7513
36.7865
40.1930
45.6892
47.3481
52.8669
56.2138
60.0686
63.2683
67.3033
72.1383
75.5549
81.2277
84.4454
87.4303
92.3811
95.6739
99.9848
103.0290
107.7742
111.0485
115.1258
118.9872
123.5375
127.3861
132.2086
134.5031
139.1798
142.5174
146.5828
150.0780
154.0397
157.6010
162.7652
165.7269
169.7996
173.7577
177.5800
181.4452
185.0264
188.7261
193.0830
195.7597
200.5569
204.7034
209.0964
212.8297
216.6273
219.9805
224.2600
227.9685
232.0194
235.3331
238.3654
243.6019
247.3600
252.8358
255.8161
260.4558
265.2051
267.7650
272.2846
275.1351
6.9973
11.5705
12.4960
17.2992
21.6249
24.6746
28.2032
32.7131
35.0211
40.6757
43.0496
48.0893
51.4513
55.7147
58.1898
62.2248
67.5252
70.8366
76.2149
79.8095
82.5891
87.4058
91.1724
95.3361
98.1511
103.0316
106.1904
110.0865
114.2806
118.8531
122.4220
127.2852
129.7430
134.2265
137.7614
141.8993
145.1251
149.2574
152.8951
157.9298
160.9622
165.1834
168.9019
172.7771
176.7964
180.2402
183.8630
188.3797
190.8806
195.6612
199.9755
204.3715
207.9560
211.9125
215.1651
219.3866
223.2814
227.2339
230.5204
233.6565
238.8364
242.5164
248.0997
251.1022
255.5946
260.4040
262.9834
267.4053
270.3867
6.5770
9.2912
12.4304
16.9100
21.2866
23.1744
27.9678
31.1479
36.0560
38.6978
44.2292
46.8407
51.1029
54.0875
57.8651
63.0642
66.7412
72.0359
75.3676
78.6513
83.3556
86.8885
91.3760
93.9522
98.7328
102.2729
106.0687
110.0147
114.7208
118.4584
123.1045
125.7494
130.3518
133.5953
137.8840
141.1351
145.0943
148.9123
154.0186
156.8056
161.0358
164.9036
168.5971
172.7126
176.2463
179.7292
184.2087
186.9185
191.5890
195.8136
200.3329
203.8682
207.7261
211.1798
215.3407
219.1411
223.2321
226.3600
229.4758
234.7921
238.4405
243.9383
247.0456
251.5428
256.3093
259.0235
263.4551
266.2999
7.9806
10.6408
12.0566
17.7570
19.7075
23.6386
27.8603
32.8155
34.4116
40.3176
43.1689
46.9397
50.5614
54.4337
59.0968
62.7555
68.4041
71.3996
74.7387
79.6166
82.7122
87.2561
90.1394
94.8030
98.3493
102.3680
106.0277
110.6663
114.6488
119.3146
121.7294
126.5013
129.6161
133.7884
137.3088
141.1374
144.8276
150.0448
152.8249
156.9034
160.9691
164.6602
168.5921
172.2372
175.8378
180.1644
182.9932
187.7103
191.7891
196.2701
199.9688
203.6944
207.1914
211.4269
215.0666
219.2164
222.4166
225.4337
230.7662
234.5014
239.9157
242.9711
247.6133
252.3306
254.9896
259.5156
262.2655
5.7930
10.0498
12.3658
15.9516
20.3658
22.6112
28.2876
30.5936
35.6789
38.9837
43.2272
45.7763
49.8127
55.0330
58.3907
63.7946
67.3221
70.1917
75.0016
78.7010
82.9348
85.7147
90.5690
93.8108
97.7096
101.8215
106.4165
110.0478
114.8668
117.3443
121.8767
125.3264
129.4947
132.7491
136.8273
140.5016
145.5636
148.5333
152.7490
156.5164
160.3495
164.3786
167.8515
171.4519
175.9465
178.5094
183.2675
187.5469
191.9704
195.5575
199.4793
202.7845
206.9978
210.8563
214.8478
218.1026
221.2254
226.4391
230.1195
235.6753
238.6994
243.2058
247.9997
250.6107
255.0438
257.9801
7.6459
10.1943
11.1190
16.3291
18.8946
23.6837
26.7601
32.0879
34.5423
39.0024
41.7070
45.4666
50.8122
54.4826
59.6536
63.0968
66.3590
70.9926
74.6786
79.1482
81.5996
86.4170
89.9605
93.6851
97.7097
102.4338
106.0982
110.7353
113.4490
118.0053
121.2743
125.6051
128.7702
132.7631
136.6268
141.6974
144.4787
148.7607
152.5620
156.2562
160.4298
163.9255
167.3727
171.8976
174.5715
179.2266
183.4939
188.0242
191.5099
195.4084
198.8467
202.9847
206.8342
210.9054
214.0135
217.1589
222.4665
226.0892
231.6130
234.7345
239.1878
243.9679
246.7003
251.1036
253.9742
7.5898
8.7817
11.6780
16.4371
21.3463
22.3620
28.3596
31.3386
34.9616
38.6811
42.6195
47.1109
50.7187
56.4564
59.4094
62.7076
67.6195
70.6738
75.2010
78.1347
82.7913
86.3088
90.3695
94.0035
98.6201
102.6227
107.3091
109.6777
114.4659
117.5804
121.7339
125.2782
129.1039
132.7724
137.9940
140.7887
144.8587
148.9240
152.6317
156.5423
160.1858
163.8090
168.1264
170.9469
175.6766
179.7515
184.2192
187.9342
191.6599
195.1410
199.3868
203.0250
207.1654
210.3860
213.3987
218.7177
222.4617
227.8796
230.9222
235.5723
240.2898
242.9360
247.4669
250.2209
7.8895
9.8203
10.8980
17.4106
18.6871
23.4599
27.4655
31.4411
33.8915
38.1620
43.1183
46.2443
51.8617
55.3672
58.0112
62.9439
66.5726
70.6918
73.6817
78.5284
81.6239
85.6590
89.7381
94.2522
97.9258
102.8317
105.1457
109.7130
113.2012
117.2780
120.6288
124.7091
128.2796
133.3616
136.4031
140.5629
144.3534
148.2449
152.1752
155.6593
159.3498
163.7970
166.3411
171.1505
175.4011
179.7726
183.4367
187.3391
190.5988
194.8583
198.6855
202.6568
205.9872
209.0792
214.2563
217.9788
223.5295
226.5035
231.0620
235.8492
238.4035
242.8693
245.8068
5.9638
9.7367
13.1651
16.1092
21.8879
23.7133
28.0215
31.2789
34.9052
39.9440
43.8253
49.0667
52.2349
55.8010
60.4181
63.8317
68.4940
70.9045
75.6290
79.3738
83.1229
86.9148
91.6799
95.5127
100.0484
102.7715
107.4458
110.5222
114.8892
118.1543
122.0178
125.9265
131.0654
133.7265
137.9660
141.8963
145.5077
149.6652
153.2351
156.6589
161.1160
163.9219
168.5428
172.7215
177.2927
180.8105
184.6230
188.1614
192.2972
196.0535
200.2024
203.2672
206.3715
211.7404
215.3783
220.8389
223.9873
228.4894
233.2346
236.0071
240.4452
243.2255
7.6368
10.5714
10.9286
17.3031
19.7417
23.3132
27.2714
31.0956
35.4621
39.2118
44.8895
47.7621
51.2456
56.0782
59.1109
63.7509
66.5295
71.1675
74.8207
78.8131
82.3950
87.0642
91.0855
95.6954
98.1599
102.9629
105.9935
110.2221
113.7221
117.5119
121.2665
126.4873
129.2014
133.3095
137.3750
141.0293
145.0073
148.6513
152.2101
156.5465
159.4043
164.0913
168.1688
172.6796
176.3466
180.0724
183.5998
187.8124
191.4583
195.6238
198.7861
201.8141
207.1647
210.8818
216.2946
219.3766
223.9964
228.7117
231.4089
235.9221
238.6564
7.3632
9.7435
13.4203
16.9632
21.4343
23.1807
27.3624
32.6936
35.9094
41.2026
44.9019
47.6564
52.3988
56.3032
60.4883
63.1307
68.0300
71.2607
75.1002
79.2835
83.8886
87.4542
92.2673
94.8043
99.3050
102.7613
106.9785
110.1522
114.2520
117.9802
123.0118
125.9614
130.2311
133.9375
137.7655
141.8536
145.2925
148.8559
153.3885
155.9304
160.6689
164.9804
169.4202
172.9611
176.9140
180.2157
184.4053
188.3021
192.2835
195.5129
198.6603
203.8723
207.5288
213.1027
216.1458
220.6140
225.4158
228.0548
232.4648
235.4103
7.6873
10.9430
11.0238
16.1978
18.4054
21.8387
27.3805
31.2998
36.1125
39.5723
43.1341
47.5327
51.3307
55.9594
58.0310
62.8407
66.6129
70.1722
74.1521
78.9671
82.6243
87.1289
90.0251
94.5869
97.7219
102.1854
105.2523
109.1923
113.2041
118.2625
120.9101
125.2611
129.0484
132.6572
136.9429
140.4323
143.7744
148.3309
151.0601
155.6464
159.9177
164.5135
167.9232
171.8216
175.3296
179.4156
183.2755
187.3840
190.4039
193.5707
198.9242
202.5069
208.0210
211.2004
215.6100
220.3842
223.1935
227.5722
230.4081
7.0566
10.2360
12.9146
17.0033
21.0600
24.8912
28.3798
34.3141
37.1551
40.3974
45.3462
48.3444
52.8642
55.8250
60.4725
63.9700
68.0771
71.6677
76.2620
80.2872
84.9898
87.3187
92.1282
95.2273
99.3812
102.9303
106.7522
110.4204
115.6389
118.4362
122.5190
126.5625
130.2851
134.1967
137.8257
141.4588
145.7808
148.5859
153.3208
157.4041
161.8650
165.5782
169.3179
172.7803
177.0270
180.6810
184.8067
188.0384
191.0580
196.3613
200.1039
205.5350
208.5724
213.2130
217.9349
220.5803
225.1053
227.8692
7.7728
9.9207
11.1861
15.9074
20.0946
22.7993
28.6594
32.1336
34.5736
39.5746
43.1784
47.2567
50.2904
55.1239
58.1979
62.2991
66.3027
70.7925
74.5220
79.4311
81.6991
86.3191
89.7471
93.8309
97.2169
101.2578
104.8390
109.9403
112.9484
117.1062
120.9182
124.7973
128.7221
132.2185
135.9108
140.3377
142.9158
147.7178
151.9431
156.3243
159.9987
163.8806
167.1632
171.4223
175.2272
179.2169
182.5386
185.6204
190.8093
194.5362
200.0723
203.0543
207.6240
212.4003
214.9731
219.4482
222.3549
5.9402
8.5873
11.4819
16.3903
20.6083
25.4815
28.6025
32.4916
36.8641
40.3695
45.1745
47.2300
51.9511
55.8840
59.5037
63.2529
68.0829
71.9066
76.3494
79.2008
83.8780
86.8578
91.3249
94.5070
98.3403
102.3559
107.4766
110.0518
114.3518
118.2488
121.8145
126.0534
129.6042
132.9619
137.4497
140.2732
144.8529
149.0471
153.6549
157.1180
160.9457
164.5111
168.6133
172.3933
176.5514
179.5690
182.6945
188.0788
191.6891
197.1563
200.3359
204.8013
209.5482
212.3643
216.7808
219.5529
8.0445
10.2034
12.2825
16.5566
22.2629
24.5014
28.5738
33.2408
35.9080
40.8580
43.4049
47.9238
51.8821
55.8289
59.1401
63.8791
68.0474
72.5084
75.0534
79.9549
82.7622
87.0870
90.6043
94.2738
98.1375
103.3922
105.9579
110.0830
114.2089
117.7728
121.8034
125.4798
128.9707
133.2887
136.2426
140.8739
144.9098
149.4760
153.1154
156.8029
160.4125
164.5942
168.2066
172.4250
175.5203
178.5436
183.9433
187.6436
193.0268
196.1525
200.7651
205.4629
208.2221
212.7335
215.4121
5.0355
10.5832
13.3905
18.0253
22.1092
24.8570
29.2989
33.5999
37.8173
39.9941
44.9470
48.3321
51.9873
56.2166
60.8981
64.3962
69.1103
71.8349
76.3124
79.6787
84.0332
87.0712
91.1511
95.0295
100.0302
102.8676
107.2268
110.8813
114.6430
118.8550
122.2674
125.7281
130.3100
132.8803
137.5555
141.8909
146.3911
149.8464
153.8185
157.1719
161.3083
165.2359
169.2406
172.3876
175.5659
180.8132
184.4258
190.0025
193.1011
197.5151
202.3173
205.0307
209.4093
212.3338
7.6185
11.2050
14.3938
18.3986
22.0224
25.8787
30.2553
34.8343
36.3004
41.2022
45.0626
48.3844
52.5153
57.3807
60.8782
65.3310
68.3969
72.8728
76.0131
80.5806
83.4691
87.4543
91.5708
96.5605
99.1743
103.6238
107.2907
110.8938
115.2829
118.7054
121.9847
126.6121
129.2889
133.8470
138.1812
142.7945
146.1277
150.0864
153.5713
157.6222
161.5533
165.6319
168.6241
171.8327
177.1703
180.7175
186.2683
189.4659
193.8149
198.6064
201.4417
205.7827
208.6502
5.6751
10.3485
12.3155
16.7746
21.0758
23.9844
29.0071
31.1451
35.7266
39.7849
43.5772
46.9874
51.7798
55.8365
60.2645
62.9482
67.7819
70.6094
75.0243
78.3902
82.1120
86.0665
91.2621
93.8113
98.0299
102.0435
105.6090
109.7406
113.3537
116.7866
121.1815
124.0766
128.6846
132.7922
137.3765
140.9369
144.6925
148.2755
152.4222
156.1156
160.3011
163.3682
166.4396
171.8241
175.4852
180.9122
184.0586
188.6031
193.3239
196.1088
200.5768
203.2991
7.3593
9.9949
12.0728
17.0983
20.4874
24.6904
27.5958
32.3529
35.6107
39.7499
43.5062
48.0301
51.9106
56.7198
59.0199
63.7559
66.9764
71.1462
74.5665
78.4933
82.1726
87.3154
90.1860
94.3594
98.2350
102.0341
106.0017
109.5344
113.1718
117.5736
120.2535
125.0059
129.1828
133.6186
137.2768
141.1138
144.4827
148.7166
152.4787
156.5275
159.7857
162.8572
168.0991
171.8151
177.3160
180.3415
184.9143
189.6695
192.3062
196.7870
199.6271
6.3244
8.4043
11.4883
16.6386
20.7815
22.0138
27.0378
30.6798
34.0656
38.3030
43.0753
46.5172
51.0997
54.0275
58.4979
61.7292
66.2290
69.1441
73.1810
77.2105
82.1884
84.9008
89.3365
92.9592
96.6509
100.9680
104.3655
107.7361
112.3490
114.9613
119.5789
123.9207
128.4744
131.8658
135.8412
139.2482
143.3423
147.2810
151.3134
154.3920
157.5881
162.8691
166.4507
172.0213
175.1645
179.5446
184.3419
187.1161
191.4763
194.3720
7.7364
10.0766
12.0872
17.6201
19.0381
23.4479
27.9532
31.6022
34.7067
39.5861
43.7603
48.0272
50.8126
55.7162
58.3434
62.8556
66.2073
69.8366
73.8910
79.1006
81.5325
85.7766
89.8179
93.3183
97.4986
101.1257
104.5053
108.8951
111.8489
116.4167
120.5033
125.1248
128.6603
132.3972
136.0294
140.1536
143.8325
148.0476
151.0716
154.1437
159.5561
163.2042
168.6166
171.7902
176.3257
181.0374
183.8605
188.3246
191.0165
5.9150
10.3454
13.0525
16.2165
21.1175
23.6335
27.9242
32.0244
36.3417
39.9765
45.0208
47.1564
51.7697
55.2488
59.3315
62.6574
66.7421
70.3254
75.3857
78.4239
82.6411
86.3459
90.2750
94.2236
97.6608
101.3656
105.8228
108.3441
113.1539
117.4149
121.7835
125.4353
129.3603
132.5989
136.8513
140.7029
144.6583
147.9924
151.0955
156.2532
159.9689
165.5344
168.5138
173.0531
177.8389
180.4219
184.8792
187.8030
8.1553
10.2066
10.9457
16.1671
19.2062
22.7547
27.1976
31.7752
35.1094
39.9075
42.6052
47.0545
50.4428
54.8297
57.7809
61.8974
65.7964
70.7550
73.6082
78.0215
81.5826
85.3895
89.6132
92.9766
96.4597
101.0569
103.5827
108.2729
112.6276
117.1074
120.5646
124.5629
127.8738
132.0173
135.9688
139.9440
143.1218
146.3055
151.5194
155.1380
160.7329
163.8139
168.2253
173.0305
175.7344
180.1133
183.0454
6.7932
9.5105
12.7793
16.9425
21.3770
23.5078
28.0465
32.7523
37.1830
39.2733
44.4762
46.9953
51.2111
55.0216
58.5193
62.2635
67.6059
70.1679
74.1995
78.4207
82.0337
85.9082
89.6253
93.2477
97.4594
100.4434
105.1319
109.0886
113.5949
117.3537
120.9926
124.5603
128.8034
132.3549
136.5591
139.7524
142.7276
148.0807
151.8401
157.2114
160.2752
164.9591
169.6412
172.3426
176.8990
179.5608
7.7733
10.5429
11.5671
17.0028
19.9857
23.7793
27.9782
33.1679
34.5536
39.5126
42.8003
46.6056
50.4077
54.2967
57.6166
62.8303
65.9136
69.9201
73.8479
77.8234
81.5006
85.0543
88.9469
93.2126
95.8368
100.7222
104.8214
109.1202
112.9699
116.7625
120.0097
124.3537
128.0468
132.0400
135.4794
138.4810
143.6288
147.4390
152.9330
155.8440
160.5263
165.2669
167.7819
172.3300
175.1748
5.4124
9.9105
12.6051
16.3637
21.2191
24.8002
29.1826
32.2030
36.8187
39.7221
44.3528
47.2906
51.1790
55.3190
60.3357
62.8989
67.3466
71.0323
74.6630
78.9877
82.4216
85.7775
90.3409
93.0501
97.6425
101.9183
106.4986
109.9176
113.8373
117.3035
121.3998
125.2773
129.3554
132.4191
135.5859
140.8949
144.4933
150.0268
153.1794
157.5972
162.3695
165.1679
169.5557
172.3876
7.7234
9.6331
11.3211
16.4284
20.7205
24.6470
27.6446
32.5991
34.9213
39.6332
42.8346
46.4009
50.6192
55.7785
58.1058
62.4577
66.3992
69.8854
74.1586
77.7276
81.0616
85.4995
88.4239
92.9690
97.0969
101.7310
105.2153
109.0000
112.6072
116.7089
120.4438
124.6303
127.6467
130.7498
136.1387
139.7658
145.2120
148.3916
152.8847
157.6098
160.4486
164.8870
167.6037
6.4244
10.3312
13.3267
16.5151
22.0522
23.5990
28.1678
31.8823
35.8238
39.1005
43.3022
46.7653
51.7562
54.9376
59.1948
62.7342
66.7932
70.6990
74.0502
77.8370
82.3128
84.7197
89.5799
93.8833
98.1937
101.8597
105.8377
108.9788
113.2513
117.1531
121.0438
124.4421
127.5576
132.6503
136.3742
141.9778
144.9215
149.4491
154.2474
156.8007
161.2508
164.2106
7.9728
11.2133
12.5899
17.4629
20.7125
24.6036
28.2188
32.8546
35.1250
39.4827
43.6108
48.3134
51.1578
55.8303
59.0053
62.8531
67.3015
70.4707
73.8368
78.6035
80.9637
85.6120
90.1199
94.6139
97.9139
102.0525
105.2858
109.3642
113.4717
117.3691
120.5079
123.7755
128.9438
132.4951
138.1671
141.2742
145.5687
150.4097
153.1527
157.4600
160.4603
5.6456
10.7950
13.8848
16.6779
21.9315
23.6442
28.4289
31.8028
35.1380
39.3834
44.6083
46.8276
51.1375
55.1729
58.6359
62.8453
66.4587
69.8354
74.2017
77.1926
81.7462
85.8075
90.4324
93.9777
97.7130
101.3365
105.4629
109.1422
113.3476
116.3921
119.4621
124.8503
128.5073
133.9297
137.0912
141.6293
146.3376
149.1633
153.6310
156.3147
7.0564
10.5672
11.3753
17.0042
19.0580
23.2739
27.1368
30.5759
34.3053
39.5987
42.2130
46.3438
50.3752
54.1110
57.9963
61.6019
65.2861
69.5528
72.3986
77.1290
81.1681
85.6247
89.3604
93.0993
96.5423
100.7913
104.4503
108.5605
111.8171
114.8373
120.1044
123.8525
129.3005
132.3324
136.9620
141.6769
144.3530
148.8743
151.6147
6.8218
8.6328
12.0513
16.1609
20.4723
22.7052
27.2333
31.0853
35.7416
38.8305
43.4509
46.5254
50.5689
54.8294
57.9599
61.5260
66.2284
68.4943
73.2553
77.7410
82.1266
85.5547
89.6892
92.8097
96.9694
101.0522
104.8943
108.1726
111.3997
116.4907
120.1078
125.7873
128.8105
133.1768
138.0135
140.6676
145.0199
148.0339
7.7539
10.1950
11.3589
17.0867
18.5350
22.3049
27.2781
31.9090
33.9760
38.8604
42.1379
45.5977
50.3542
53.5960
56.6540
61.4051
64.0858
68.5258
72.9199
77.6085
80.7991
84.8239
88.3255
92.3036
96.3082
100.3737
103.3037
106.5571
111.8825
115.3880
120.9673
124.2004
128.4884
133.2787
136.1867
140.4987
143.3395
6.4708
9.0688
12.2571
16.2576
20.0444
23.1961
28.3470
31.5012
35.6280
39.2976
43.4057
47.1004
50.5250
54.4603
58.7678
61.2939
66.1874
70.3448
74.6294
78.4288
82.2988
85.4791
89.8009
93.5810
97.5217
100.9626
104.0081
109.1127
112.8926
118.4369
121.3606
125.9767
130.7340
133.2884
137.7975
140.6661
7.8604
9.9571
11.2717
16.5075
19.5459
23.8492
27.5921
32.1716
34.7790
39.2334
43.2376
46.1699
50.0206
54.7175
56.6729
61.6075
66.1662
70.3621
73.8951
78.1161
80.9883
85.2372
89.3866
93.0803
96.5542
99.7732
104.7115
108.3827
114.1246
117.0307
121.4257
126.2845
128.8115
133.1797
136.2800
6.5814
9.2658
11.5302
16.2361
21.3169
23.2149
27.7054
31.5678
35.0731
39.3187
42.8386
46.2570
50.6328
53.5663
58.1398
62.2259
66.8156
70.3677
74.1540
77.6938
81.8343
85.5651
89.7099
92.8164
95.9017
101.2227
104.8886
110.3544
113.4812
118.0058
122.7271
125.5279
129.9881
132.7067
7.8502
9.3362
11.0526
16.6397
19.8062
23.4869
27.5061
31.6884
34.9197
38.5016
42.7067
46.7242
49.3997
54.3656
58.3054
62.5163
66.5331
70.2477
73.4484
77.8567
81.4669
85.4544
88.9862
91.9306
97.0312
100.8960
106.3675
109.2386
113.9804
118.6911
121.2039
125.7914
128.5744
6.5687
10.4627
13.6701
16.6867
21.8357
23.9166
28.1086
32.6585
35.4373
38.8885
43.7673
45.8394
50.5595
55.1815
59.5725
62.8625
67.1161
70.1676
74.2729
78.4737
82.2569
85.5057
88.7899
93.8432
97.4149
103.1428
106.1884
110.4793
115.3309
118.0315
122.3428
125.3728
7.3699
11.1342
11.7206
16.6771
20.2494
23.5472
28.0833
31.4926
34.7292
39.1739
42.1507
46.6262
50.7410
55.3970
58.8466
62.6685
66.2411
70.3256
74.1030
78.2515
81.2949
84.4149
89.7471
93.3746
98.8568
102.0215
106.4935
111.2193
114.0741
118.5044
121.2176
6.2006
10.0821
13.0361
16.7442
21.3419
24.0275
27.5033
32.0599
35.9349
38.4353
43.5330
47.4516
51.5193
55.6469
59.3870
62.4325
66.9050
70.5349
74.4379
78.0936
81.0241
86.0315
89.9319
95.4351
98.2406
103.0001
107.7186
110.1714
114.7682
117.5882
7.4205
10.3777
11.3483
16.8160
19.7334
22.4015
26.9739
31.3026
33.0565
38.2543
42.6291
46.5752
50.4365
54.5544
57.2604
61.6719
65.6794
69.3297
73.0318
76.1310
80.9712
84.7729
90.4673
93.2543
97.8107
102.6245
105.0544
109.5256
112.5550
6.2509
9.2520
11.9438
16.6246
19.9945
23.1433
27.4593
30.6287
35.0266
39.0233
43.7113
47.1970
50.9562
54.5775
58.6643
62.3827
66.5633
69.6089
72.7009
78.0398
81.6866
87.1442
90.3069
94.8097
99.5155
102.3836
106.8350
109.5026
8.0403
10.0071
11.8060
16.2264
20.3872
23.4521
27.2033
31.8295
35.0640
39.4872
43.6950
46.9487
50.6144
54.9825
58.1862
62.4907
65.8327
68.6264
73.9454
77.8437
83.1039
86.0892
90.9531
95.5458
98.2350
102.9012
105.3935
6.6533
9.9188
11.5629
15.6431
20.2728
22.0341
26.9686
31.4812
35.6648
39.1953
43.4024
46.2927
50.5259
54.6360
58.3711
61.8152
65.0083
69.9674
73.6479
79.3468
82.2942
86.7158
91.5299
94.1598
98.5574
101.5218
8.1183
9.9843
11.3006
15.9754
19.4742
23.2732
27.3473
32.3370
35.3907
39.2314
43.0457
46.9124
50.7448
54.9805
57.7659
60.9595
66.3814
69.8992
75.3764
78.6746
83.0271
87.7389
90.7736
95.1401
97.7765
5.6041
10.8515
12.3003
15.9930
20.7860
23.6541
27.7381
32.3014
35.5023
38.8866
43.4059
46.5834
50.7501
54.3469
57.0892
62.2395
66.2220
71.5283
74.3856
79.3041
83.9069
86.4775
91.1720
93.7267
7.4187
9.8548
11.0983
16.4573
20.4320
24.1927
28.2882
32.2599
34.9580
39.4213
43.2870
46.9985
50.7251
53.7479
58.6070
62.4528
68.0771
70.8852
75.5090
80.2672
82.7774
87.2965
90.1816
6.8709
9.2508
12.0087
16.7040
21.7672
24.1702
28.4355
32.0391
35.7126
39.9207
43.9603
46.6718
50.0379
55.3430
58.7417
64.3696
67.6932
71.8527
76.6289
79.7041
83.9617
86.7198
8.0165
9.7725
11.6380
16.7232
20.5115
23.5515
27.7002
31.7495
34.9470
39.4252
42.3938
45.2847
50.7485
54.4911
59.7551
62.9432
67.6210
72.2059
75.1614
79.7200
82.1302
6.4494
11.5177
14.4114
17.6693
22.4787
24.3607
28.6548
33.2179
36.4675
40.2141
43.5058
48.0970
51.7657
57.6525
60.4686
64.7796
69.6523
72.1982
76.5395
79.6489
7.1539
11.2182
12.3100
17.4155
20.2790
23.7872
28.5409
32.1646
35.0041
38.5353
43.5536
46.8897
52.7156
55.9561
59.9699
64.8195
67.8305
72.0132
74.9351
6.5547
9.5626
11.9589
16.5691
20.3218
23.3997
27.9806
30.7721
33.6824
39.1818
42.8712
48.1342
51.3892
56.0020
60.5743
63.6310
68.1533
70.5206
7.7588
9.4431
11.3444
16.2476
19.2410
23.0147
27.1584
29.7881
34.5279
38.6205
44.0416
46.7315
51.6396
56.2580
58.7613
63.4424
66.0709
7.0366
9.1206
11.5772
16.7676
20.2194
22.7242
26.3829
31.3719
34.5949
40.4395
43.7686
47.6903
52.5182
55.6660
59.8176
62.6511
8.2276
10.0780
11.6752
16.9597
19.0299
21.7505
27.5716
31.1967
36.2242
39.6619
44.2980
48.7495
52.0352
56.5682
58.6775
5.9075
10.2979
12.1089
17.0108
19.9363
23.7736
27.7158
33.6053
36.1314
40.6492
45.4447
47.8722
52.3496
55.3426
8.0689
9.1989
11.9618
15.8127
19.9809
23.1549
29.2704
32.3993
36.2089
41.0964
44.1275
48.2514
51.2189
6.9812
9.3178
10.6298
16.1745
20.2970
24.9787
28.0795
33.1935
37.4783
40.5323
45.2921
47.2398
8.2195
9.5857
11.7082
16.0710
21.8349
24.0336
28.7901
33.4716
35.8229
40.4296
43.2690
5.2629
10.5355
12.5387
17.8917
22.0269
25.5507
30.0978
34.0708
38.0979
40.2621
7.7047
10.7367
14.5090
18.3950
23.1538
27.1902
30.9528
35.5138
37.0127
5.7282
10.5187
12.4380
17.4214
21.8405
24.4746
29.1604
31.5884
7.3914
10.7145
13.1402
17.9621
21.7510
25.5686
28.1839
6.3149
9.7226
12.8224
17.5477
21.7736
22.5960
8.2999
10.6912
12.7643
18.0829
19.4714
5.5414
10.2422
12.7693
15.6110
7.6197
9.7237
10.3624
6.4923
9.4497
7.9437
