# Pairwise distances between all Valine CB atoms (in Å)
7.5962
9.6003
10.8042
16.0773
18.2061
22.6035
26.4190
31.2414
34.0732
38.3785
40.9692
45.4082
49.8149
52.9068
56.9247
61.0564
65.1205
69.4598
72.7762
77.1014
79.9885
84.5188
88.6819
91.4837
95.3272
99.5386
102.6085
106.7616
109.9982
114.3091
119.0048
123.3467
126.9042
130.9238
134.9050
138.7791
142.4324
146.6893
150.3761
154.6858
158.3044
162.3916
165.5243
170.3801
173.0139
177.7388
181.4069
185.4141
189.5325
193.9328
198.0203
201.0138
204.5826
209.0849
213.1768
217.4248
220.0494
224.7688
228.2743
233.4631
235.7918
240.1456
244.0478
248.2460
250.8223
254.9800
259.4202
263.2897
267.2562
270.5493
274.7109
278.5634
282.8661
286.1048
290.7160
294.8582
298.5122
302.3481
305.3490
309.8318
313.0418
317.6181
321.0117
325.5987
328.2767
332.3765
337.2691
341.1968
344.8187
348.9448
352.0878
355.8290
360.6718
364.7184
369.1825
373.3992
376.4649
382.1032
382.9867
388.7077
391.2959
5.9853
9.0551
12.2382
15.4895
20.4859
22.1341
27.2355
30.8127
34.3575
37.7927
42.4242
46.0859
49.1415
53.8038
57.5782
61.5102
66.1858
69.1104
73.2489
76.7862
81.1039
84.9374
88.2170
91.9076
95.9136
99.4158
103.5161
106.4046
110.8835
115.6173
119.7278
123.5477
127.6775
131.3339
135.3421
139.1363
143.1699
146.9257
151.4080
154.7629
158.8556
162.2352
166.9310
169.6718
174.4827
177.9324
181.9102
186.2273
190.5558
194.5271
197.7361
201.1214
205.5981
209.8834
214.0191
216.5274
221.3996
224.7449
229.9125
232.4442
236.7387
240.5382
244.8770
247.3510
251.4434
256.0250
259.9353
263.7535
267.1645
271.3253
275.0831
279.4677
282.7974
287.2472
291.4725
295.2027
298.9228
301.9563
306.5218
309.5661
314.1666
317.6231
322.1378
324.9067
329.0701
333.8626
337.7599
341.5097
345.5502
348.6858
352.5061
357.2507
361.2756
365.8416
370.0380
373.0102
378.7060
379.5367
385.1956
387.8926
7.7322
10.3753
10.5479
16.1328
18.2802
22.6918
26.8505
30.5353
33.0552
37.8347
42.0048
44.5566
49.2577
53.3007
56.9058
61.4817
64.8767
68.9255
72.2002
76.7513
80.5200
83.5641
87.5536
91.4600
94.7455
99.0281
101.9217
106.2570
111.1639
115.3528
118.9436
123.1280
126.9250
130.7554
134.6520
138.7658
142.3580
146.8361
150.3479
154.3385
157.7062
162.4982
165.0663
169.8745
173.4611
177.3528
181.6676
186.0632
189.9892
193.1474
196.6627
201.0881
205.3554
209.5633
212.0231
216.8438
220.3101
225.4330
227.8809
232.2652
236.0259
240.3154
242.9100
246.9706
251.4849
255.4306
259.2556
262.6054
266.8466
270.6094
274.9151
278.2591
282.7515
286.9132
290.6801
294.4413
297.3916
301.9701
305.0650
309.6210
313.1252
317.6657
320.3469
324.5124
329.3661
333.2396
336.9661
341.0616
344.1306
347.9459
352.7584
356.7515
361.2849
365.5285
368.4873
374.1662
375.0733
380.7239
383.3621
5.6409
9.7317
12.9629
16.5514
21.9684
23.7776
28.1027
31.4668
35.6468
39.6078
43.3259
47.0857
50.9579
55.4619
59.8371
62.6520
67.1285
70.1758
74.4606
78.7752
81.7626
85.2643
89.6318
92.8922
96.8199
100.1145
104.5753
109.0367
113.3312
117.1178
121.0476
124.9144
128.9837
132.4821
136.6798
140.5554
144.8369
148.3097
152.5220
155.6221
160.3870
163.2173
167.9303
171.4623
175.5871
179.6675
183.9958
188.1626
191.1808
194.6180
199.1882
203.2691
207.4468
210.1524
214.9063
218.2922
223.5400
225.9344
230.1869
234.1565
238.3895
240.8352
245.0439
249.5401
253.3592
257.3435
260.6912
264.7533
268.6154
273.0015
276.2076
280.7924
284.9995
288.5958
292.3989
295.4983
299.9507
303.1255
307.7537
311.0758
315.6435
318.4146
322.5016
327.3338
331.2962
334.9263
338.9977
342.2249
345.9590
350.7330
354.8230
359.3104
363.4717
366.5700
372.2189
373.0176
378.7599
381.4006
7.9112
10.1326
11.7284
17.6480
19.3008
23.1782
27.3647
31.4975
34.8682
38.8245
42.7837
46.3737
50.9757
55.5127
57.9607
62.4037
65.8007
69.9005
74.1165
77.3774
80.6949
85.0209
88.5325
92.3614
95.5209
100.1012
104.5025
108.6811
112.6514
116.5991
120.2903
124.4762
127.9862
132.0698
136.0315
140.3766
143.6931
147.9449
151.1386
155.8083
158.7417
163.4865
166.8859
171.0328
175.1843
179.4608
183.6021
186.7168
190.0388
194.6178
198.7754
202.8857
205.5664
210.3930
213.6779
218.9338
221.4305
225.6291
229.5754
233.8760
236.2422
240.4383
245.0083
248.8296
252.7578
256.1693
260.2025
264.0283
268.4713
271.7054
276.2163
280.4756
284.0866
287.8328
290.9732
295.4506
298.5477
303.2002
306.5277
311.0604
313.8945
318.0037
322.7780
326.7376
330.4220
334.4431
337.6906
341.4548
346.1696
350.2626
354.7979
358.9354
362.0047
367.6797
368.4334
374.1564
376.8556
6.0066
9.3164
13.2210
16.7105
20.8273
22.8349
27.4594
31.9687
34.7091
38.9460
43.1135
46.9359
51.3434
54.7874
58.9882
61.9619
66.5456
70.5426
73.4026
77.3525
81.4170
84.5579
88.7831
91.8741
96.1850
100.9812
105.2739
108.8175
112.9141
116.8314
120.6704
124.4380
128.6410
132.2717
136.6536
140.2412
144.2784
147.5106
152.3473
154.9406
159.7030
163.3418
167.2981
171.4980
175.9004
179.9171
182.9794
186.5318
190.9973
195.1664
199.4016
201.9514
206.7102
210.2090
215.3664
217.7401
222.1130
225.9522
230.1864
232.7794
236.8929
241.3596
245.2656
249.1710
252.4851
256.6869
260.4998
264.7996
268.0865
272.6466
276.7947
280.5017
284.3054
287.2805
291.8066
294.9677
299.5339
302.9776
307.5458
310.2210
314.3509
319.2280
323.1307
326.7992
330.9136
334.0211
337.7952
342.6269
346.6486
351.1425
355.3732
358.3909
364.0462
364.9446
370.6346
373.2407
7.7228
11.1221
11.8861
16.8151
18.8541
22.9271
27.5707
31.0241
34.4197
38.5846
42.9612
47.1405
50.3509
54.8297
57.4988
61.9843
66.3532
69.0647
72.7837
77.1343
80.1666
84.2101
87.5842
91.9238
96.4729
100.8684
104.4562
108.3972
112.4143
116.3475
119.8818
124.1702
127.9302
132.1771
135.7951
139.9420
142.9908
147.8433
150.5482
155.2459
158.8959
162.9750
167.0188
171.3998
175.5579
178.5107
182.0566
186.5979
190.6393
194.8794
197.5715
202.2685
205.7566
210.9788
213.2889
217.6070
221.5673
225.7478
228.2860
232.4833
236.9151
240.7518
244.7610
248.0530
252.1671
256.0447
260.3690
263.5728
268.2054
272.3610
275.9717
279.8152
282.8574
287.3076
290.5357
295.1329
298.4766
303.0704
305.7735
309.8544
314.7375
318.6883
322.2885
326.4054
329.5907
333.3121
338.1413
342.2134
346.6677
350.8618
353.9627
359.5933
360.4487
366.1934
368.7816
6.2407
9.5251
12.3099
16.3371
20.7929
23.9732
27.3114
31.9061
35.4817
39.5909
44.3085
46.9778
51.1658
54.7904
58.9952
62.8719
66.2423
69.7921
73.8373
77.4418
81.4415
84.3365
88.8843
93.5156
97.6144
101.5160
105.6120
109.2248
113.3055
117.0412
121.0535
124.8764
129.3448
132.6514
136.7897
140.1507
144.8167
147.6281
152.4336
155.8327
159.8611
164.1528
168.4558
172.4626
175.6736
179.0146
183.5166
187.7927
191.9070
194.4490
199.3247
202.6374
207.8271
210.3703
214.6315
218.4610
222.8039
225.2384
229.3521
233.9435
237.8350
241.6675
245.0910
249.2173
252.9826
257.3921
260.7069
265.1542
269.3985
273.1057
276.8185
279.8859
284.4362
287.4764
292.0950
295.5212
300.0338
302.8300
306.9862
311.7615
315.6727
319.4196
323.4449
326.6106
330.4240
335.1492
339.1908
343.7592
347.9373
350.9267
356.6220
357.4279
363.0988
365.8049
8.0802
9.3689
11.1069
16.0872
19.7822
21.9247
27.0452
30.8969
34.3055
39.0428
42.3147
46.2455
49.7618
54.2349
57.8484
61.0755
65.0133
68.8123
72.2844
76.5301
79.2819
83.6931
88.5894
92.7030
96.3879
100.6053
104.2832
108.1707
112.1032
116.1370
119.7632
124.2932
127.7099
131.7125
135.1521
139.8854
142.5070
147.3415
150.8399
154.7435
159.1065
163.4708
167.3751
170.5993
174.0422
178.4680
182.7913
186.9578
189.3950
194.2598
197.6700
202.7946
205.3037
209.6582
213.4014
217.7317
220.2831
224.3329
228.8893
232.8401
236.6286
240.0166
244.2441
247.9823
252.3212
255.6857
260.1300
264.3236
268.1034
271.8272
274.8018
279.3972
282.4428
287.0144
290.5219
295.0415
297.7601
301.9409
306.7576
310.6287
314.3908
318.4548
321.5354
325.3698
330.1454
334.1401
338.7033
342.9326
345.8734
351.5675
352.4495
358.0888
360.7598
5.6099
9.4915
12.5120
15.9327
20.4913
23.5632
27.2001
32.1364
36.4486
38.8954
43.4925
46.5610
50.7005
55.1161
58.1848
61.5014
65.9312
69.3057
73.1088
76.4129
80.9520
85.2944
89.5705
93.4518
97.3507
101.1561
105.3043
108.7537
112.9156
116.8582
121.1394
124.5471
128.7996
131.9043
136.6289
139.5299
144.2467
147.7122
151.8776
155.9556
160.2551
164.4382
167.4818
170.8628
175.4490
179.5461
183.6945
186.4113
191.1845
194.5288
199.7898
202.2157
206.4372
210.4156
214.6680
217.0744
221.2893
225.8086
229.6208
233.5955
236.9665
241.0060
244.8600
249.2730
252.4823
257.0427
261.2735
264.8663
268.6478
271.7736
276.2279
279.3766
284.0201
287.3310
291.8876
294.6881
298.7803
303.5868
307.5532
311.2007
315.2502
318.4944
322.2359
326.9836
331.0803
335.5841
339.7317
342.8264
348.4828
349.2605
355.0010
357.6612
8.0641
10.4915
11.8236
16.4559
20.4123
23.4459
28.1816
32.8759
34.8727
39.2513
43.0048
46.9284
50.9886
54.5088
57.7066
61.9156
65.6728
69.4439
72.4204
77.0914
81.4890
85.5707
89.6448
93.6451
97.1909
101.4243
105.0077
108.9932
112.9656
117.3869
120.6028
124.8427
128.1447
132.7547
135.7123
140.4959
143.8090
147.9372
152.1696
156.4230
160.5076
163.7095
166.9693
171.5267
175.7690
179.8429
182.4623
187.3425
190.5856
195.8228
198.3872
202.5788
206.4733
210.8222
213.1726
217.3331
221.9456
225.7939
229.6596
233.1072
237.1594
240.9442
245.4037
248.6821
253.1310
257.4115
261.0661
264.7697
267.9049
272.4212
275.4580
280.1113
283.4757
287.9843
290.8353
294.9735
299.7180
303.6582
307.3936
311.3909
314.6180
318.4152
323.1040
327.1796
331.7505
335.8914
338.9171
344.6114
345.3647
351.0596
353.7867
5.2879
10.7812
12.3417
16.2863
20.6984
24.2023
28.5146
32.2661
36.3813
39.1601
43.8599
47.8078
50.5712
54.6412
58.6274
61.7367
66.0071
69.0664
73.3544
78.1855
82.4983
85.9830
90.1031
94.0350
97.8365
101.6397
105.8450
109.4378
113.8297
117.4369
121.4505
124.6947
129.5410
132.1072
136.8774
140.5196
144.4663
148.6718
153.0801
157.0842
160.1528
163.7123
168.1662
172.3482
176.5880
179.1211
183.8779
187.3912
192.5393
194.9087
199.2927
203.1204
207.3535
209.9621
214.0657
218.5271
222.4430
226.3399
229.6516
233.8668
237.6729
241.9658
245.2629
249.8161
253.9611
257.6808
261.4799
264.4464
268.9803
272.1359
276.6991
280.1517
284.7194
287.3882
291.5242
296.4006
300.2977
303.9741
308.0889
311.1869
314.9664
319.7989
323.8151
328.3122
332.5476
335.5571
341.2132
342.1201
347.8055
350.4083
7.1822
9.6667
11.5185
16.0311
20.3081
24.2658
27.7352
32.1677
34.5904
39.1914
43.5276
46.1458
49.9820
54.2444
57.2661
61.3609
64.6762
68.9987
73.6018
78.0029
81.5371
85.5239
89.5328
93.4229
97.0290
101.3009
105.0081
109.2918
112.9155
117.0227
120.1223
124.9765
127.6410
132.3614
136.0039
140.0522
144.1367
148.5251
152.6411
155.6291
159.1762
163.6909
167.7779
172.0176
174.6610
179.3742
182.8734
188.0728
190.3991
194.7376
198.6578
202.8540
205.4154
209.5832
214.0223
217.8856
221.8588
225.1576
229.3043
233.1576
237.4730
240.7090
245.3126
249.4669
253.1149
256.9405
259.9606
264.4390
267.6403
272.2286
275.6063
280.1911
282.8851
286.9859
291.8632
295.7964
299.4254
303.5388
306.6965
310.4386
315.2655
319.3196
323.7905
327.9972
331.0668
336.7064
337.5785
343.3035
345.8967
7.6599
9.3838
11.6355
16.9945
21.4781
23.0969
27.6369
31.2644
35.1087
39.3206
42.7875
45.8934
50.1850
53.9194
57.6234
60.6835
65.3621
69.6827
73.8146
77.8718
81.8327
85.4258
89.6644
93.1946
97.2165
101.2009
105.5830
108.8338
113.0887
116.3365
120.9680
123.9290
128.6957
132.0310
136.1835
140.3690
144.6282
148.7457
151.9093
155.1896
159.7581
163.9648
168.0541
170.7024
175.5546
178.8215
184.0675
186.5965
190.7921
194.7120
199.0358
201.3980
205.5743
210.1621
214.0006
217.8955
221.3242
225.3713
229.1736
233.6230
236.8840
241.3597
245.6293
249.2682
252.9896
256.1252
260.6252
263.6893
268.3421
271.6903
276.2115
279.0509
283.1779
287.9361
291.8835
295.5979
299.6072
302.8399
306.6230
311.3253
315.4070
319.9613
324.1033
327.1471
332.8313
333.5915
339.2989
342.0072
7.8923
10.8406
12.4062
17.4058
21.1106
24.5677
28.1851
32.7669
36.0114
39.2743
43.4315
46.9541
50.4889
54.8390
57.3994
61.7868
66.8055
70.8900
74.5021
78.7973
82.4438
86.2627
90.3061
94.3092
97.8555
102.4346
105.8604
109.8062
113.3073
118.0447
120.6070
125.4645
128.9633
132.8264
137.2299
141.6053
145.4637
148.7162
152.1707
156.5661
160.9279
165.0999
167.4895
172.3613
175.7938
180.8942
183.4060
187.7857
191.4932
195.8289
198.4120
202.4354
206.9878
210.9619
214.7249
218.1100
222.3698
226.0908
230.4137
233.8021
238.2306
242.4156
246.2248
249.9405
252.8908
257.5057
260.5395
265.1005
268.6341
273.1512
275.8532
280.0467
284.8660
288.7232
292.5004
296.5683
299.6242
303.4702
308.2518
312.2320
316.8008
321.0429
323.9639
329.6604
330.5623
336.1896
338.8545
5.5097
9.8481
13.0831
16.5532
21.0430
23.0949
27.7088
32.1659
34.6957
38.4836
42.7833
45.8084
49.8486
53.1991
57.5436
62.0833
66.5021
70.0503
74.0184
78.0227
81.9371
85.5159
89.7844
93.5146
97.7901
101.3999
105.5233
108.6137
113.4581
116.1489
120.8687
124.4887
128.5585
132.6328
137.0111
141.1394
144.1315
147.6594
152.1820
156.2706
160.5012
163.1534
167.8696
171.3565
176.5626
178.8959
183.2224
187.1504
191.3506
193.8979
198.0706
202.5153
206.3745
210.3481
213.6540
217.7905
221.6428
225.9684
229.2034
233.8002
237.9634
241.6078
245.4264
248.4583
252.9351
256.1289
260.7242
264.0943
268.6762
271.3816
275.4832
280.3509
284.2870
287.9208
292.0262
295.1925
298.9358
303.7527
307.8109
312.2868
316.4874
319.5583
325.1998
326.0633
331.7895
334.3887
7.7535
10.8242
11.7856
16.6467
19.6984
23.5454
28.0544
31.2651
34.3536
38.7671
42.3464
46.0191
49.2397
53.8705
58.1323
62.3744
66.3263
70.2422
73.9595
78.1506
81.6283
85.7325
89.6886
94.0101
97.3585
101.6081
104.7715
109.4614
112.3821
117.1235
120.5287
124.6936
128.8119
133.0967
137.2501
140.3464
143.6881
148.2606
152.4119
156.5399
159.2182
164.0202
167.3467
172.5952
175.0571
179.2778
183.2244
187.5035
189.9071
194.0986
198.6389
202.4712
206.4074
209.7981
213.8543
217.6819
222.1017
225.3416
229.8629
234.1049
237.7293
241.4836
244.6031
249.0835
252.1949
256.8381
260.1740
264.7171
267.5240
271.6362
276.4251
280.3777
284.0591
288.0952
291.3227
295.0861
299.8195
303.9033
308.4293
312.5817
315.6471
321.3149
322.0980
327.8203
330.4935
5.5821
10.2351
12.7344
16.0568
20.8012
23.7641
26.8936
31.2725
34.6216
38.1045
42.5240
45.0424
49.3888
54.4539
58.5779
62.0984
66.4091
70.1031
73.8698
77.9323
81.9623
85.4663
90.0335
93.5085
97.4347
100.9137
105.6789
108.2077
113.0599
116.5888
120.4513
124.8309
129.2194
133.0868
136.3142
139.7971
144.1893
148.5328
152.7227
155.1193
159.9685
163.4318
168.5307
171.0114
175.4048
179.1217
183.4370
186.0421
190.0703
194.5997
198.5731
202.3533
205.7209
209.9867
213.7177
218.0266
221.4071
225.8546
230.0274
233.8316
237.5607
240.5040
245.1105
248.1647
252.7221
256.2493
260.7765
263.4640
267.6513
272.4833
276.3430
280.1061
284.1853
287.2396
291.0766
295.8713
299.8530
304.4093
308.6553
311.5869
317.2756
318.1877
323.8226
326.4706
8.3659
10.2290
11.0615
16.5004
19.9274
22.0872
26.8283
30.3863
33.2689
37.7906
40.7105
44.8541
49.8805
54.2523
57.4896
61.7016
65.7051
69.3425
73.2827
77.5082
80.9493
85.3724
89.0663
92.9867
96.2672
101.1586
103.6076
108.3964
112.0854
115.9758
120.2047
124.6444
128.5993
131.6734
135.2827
139.6942
143.9038
148.1701
150.6489
155.3931
158.9638
164.0781
166.4230
170.8535
174.6411
178.8639
181.5333
185.6055
190.0433
193.9896
197.8659
201.1594
205.4232
209.2143
213.4741
216.7972
221.3442
225.4677
229.2236
233.0225
235.9495
240.5045
243.6588
248.2038
251.6895
256.2601
258.8959
263.0451
267.9345
271.8138
275.5014
279.6295
282.6915
286.4816
291.3315
295.3278
299.8251
304.0812
307.0689
312.7241
313.6645
319.3367
321.9223
5.7327
9.8697
12.2319
16.5806
20.5060
22.8972
27.2218
31.3610
34.7278
37.6909
42.5399
46.6424
50.7208
54.9304
58.8611
62.3332
66.6737
70.1663
74.1236
78.1744
82.5696
85.7387
90.0261
93.2970
97.8822
100.9058
105.6818
108.9428
113.1289
117.3197
121.5527
125.6743
128.8690
132.0991
136.6737
140.9056
144.9709
147.6162
152.4846
155.7253
160.9758
163.5286
167.7064
171.6248
175.9634
178.3055
182.4798
187.0815
190.9216
194.8035
198.2473
202.2873
206.0793
210.5426
213.8124
218.2670
222.5501
226.1950
229.8993
233.0460
237.5521
240.5963
245.2565
248.6037
253.1178
255.9706
260.1044
264.8470
268.7931
272.5226
276.5195
279.7556
283.5462
288.2344
292.3161
296.8814
301.0189
304.0555
309.7441
310.4989
316.2025
318.9185
8.1067
9.7031
11.7782
16.5747
19.5007
22.7808
27.3684
31.0801
33.2701
38.1055
42.6859
46.5279
50.6674
54.8832
58.1368
62.3219
66.2128
70.0031
73.8433
78.4574
81.5615
85.6782
89.2340
93.7827
96.6468
101.5180
104.7455
108.7616
113.1717
117.4274
121.3523
124.7022
127.9308
132.4014
136.8082
140.8613
143.3165
148.2663
151.5180
156.6838
159.3200
163.5645
167.3281
171.7351
174.1442
178.2119
182.8569
186.7830
190.5341
194.0064
198.1525
201.8631
206.2975
209.6692
214.0320
218.3075
222.0686
225.7215
228.7899
233.3863
236.3477
240.9726
244.4361
248.9190
251.7405
255.9323
260.6644
264.5541
268.3649
272.3564
275.5031
279.3552
284.0434
288.0672
292.6789
296.8570
299.7978
305.5143
306.3178
311.9588
314.6949
6.3193
10.7356
11.7134
15.9826
20.1097
22.7466
26.8742
30.3149
34.5324
39.0904
43.6354
46.9653
50.9525
55.0655
58.8672
62.4895
66.8055
70.4407
74.7066
78.4014
82.4719
85.5504
90.4388
93.0551
97.7792
101.4387
105.4869
109.5517
113.9532
118.0650
121.0450
124.6129
129.1120
133.2066
137.4606
140.0870
144.7845
148.3187
153.5051
155.8101
160.1691
164.0784
168.2640
170.8562
175.0121
179.4335
183.3112
187.2785
190.5674
194.7359
198.5820
202.8829
206.1322
210.7304
214.8768
218.5432
222.3649
225.3702
229.8585
233.0565
237.6395
241.0290
245.6156
248.2960
252.4052
257.2840
261.2090
264.8476
268.9641
272.1063
275.8549
280.6860
284.7315
289.2051
293.4204
296.4787
302.1180
303.0065
308.7255
311.3093
7.3163
9.6196
10.8143
15.8384
19.5583
22.5513
26.0615
30.8284
34.6081
38.9512
42.9929
46.7609
50.4929
54.7927
58.0931
62.2232
66.2772
70.5202
73.8585
78.1752
81.2463
85.9298
88.9267
93.6416
97.0155
101.2580
105.2970
109.5630
113.7811
116.8409
120.1623
124.7646
128.8765
133.0011
135.7310
140.5077
143.8329
149.1041
151.5414
155.7414
159.7307
163.9899
166.3776
170.5956
175.1198
178.9327
182.9008
186.2841
190.3148
194.1596
198.5866
201.8051
206.3431
210.5887
214.1890
217.9501
221.0901
225.5501
228.6775
233.3313
236.6373
241.1883
244.0020
248.1032
252.8906
256.8554
260.5220
264.5573
267.8045
271.5550
276.2862
280.3826
284.8992
289.0427
292.1285
297.7888
298.5650
304.3016
306.9655
7.1537
9.3834
11.0524
16.2129
19.8926
21.5179
26.3701
31.1215
34.9128
38.9298
43.2544
46.4808
50.5560
54.5931
58.3641
62.0848
66.7474
69.9000
73.9392
77.5470
82.1255
84.8933
89.7839
93.0485
97.0121
101.4512
105.7348
109.6147
112.9707
116.2455
120.6805
125.1092
129.1880
131.5975
136.5361
139.8404
144.9779
147.5898
151.8778
155.6084
160.0036
162.4695
166.5121
171.1338
175.0849
178.8239
182.2758
186.4656
190.1680
194.5694
197.9593
202.3265
206.5782
210.3672
214.0280
217.0582
221.6694
224.6399
229.2461
232.7379
237.2277
240.0138
244.2133
248.9653
252.8408
256.6527
260.6630
263.7770
267.6337
272.3456
276.3525
280.9575
285.1564
288.0835
293.7961
294.6330
300.2658
302.9807
7.9154
9.5358
11.2179
16.1033
19.0388
22.8984
27.9743
32.5319
35.4262
39.6398
43.8079
47.3143
51.2498
55.5502
58.9132
63.2861
67.0819
70.9776
74.1880
79.1273
81.5389
86.3130
90.0383
93.9525
98.1196
102.5717
106.5598
109.5893
113.2274
117.6437
121.8189
126.1047
128.6088
133.3173
136.9227
142.0427
144.3448
148.7815
152.5950
156.7895
159.4745
163.5612
167.9700
171.9081
175.8129
179.0880
183.3461
187.1525
191.4041
194.7119
199.2805
203.3966
207.1382
210.9493
213.8815
218.4208
221.5968
226.1451
229.6108
234.1922
236.8221
240.9620
245.8581
249.7453
253.4171
257.5512
260.6231
264.4010
269.2568
273.2612
277.7464
281.9994
285.0047
290.6512
291.5933
297.2780
299.8489
6.9303
10.5947
11.9888
15.8240
20.7456
23.8490
28.2408
32.4558
36.0647
39.7410
44.1824
47.3161
51.4325
55.6002
59.7907
63.0733
67.4576
70.4763
75.1284
78.2134
82.9122
86.2309
90.5367
94.5317
98.7708
103.0321
106.0846
109.3655
113.9928
118.0896
122.1970
124.9610
129.7350
133.0358
138.3260
140.7673
144.9401
148.9563
153.2149
155.5732
159.8088
164.3370
168.1351
172.1158
175.5063
179.5118
183.3627
187.8062
191.0134
195.5505
199.8083
203.3925
207.1489
210.3116
214.7607
217.8859
222.5515
225.8369
230.3869
233.2176
237.3141
242.0904
246.0638
249.7286
253.7545
257.0200
260.7661
265.4853
269.5917
274.1096
278.2421
281.3380
286.9976
287.7598
293.5034
296.1718
7.3997
9.7916
10.5058
15.5439
20.1413
23.9689
27.9220
32.2331
35.4914
39.5505
43.5576
47.3661
51.0747
55.6969
58.9076
62.9528
66.4968
71.1103
73.8685
78.7417
82.0382
86.0325
90.4100
94.7051
98.6259
101.9319
105.2387
109.6853
114.0699
118.1720
120.6162
125.5166
128.8579
134.0053
136.5681
140.8646
144.6274
148.9890
151.4740
155.5362
160.1241
164.0642
167.8409
171.2678
175.4525
179.1776
183.5654
186.9336
191.3354
195.5730
199.3424
203.0262
206.0567
210.6474
213.6531
218.2589
221.7298
226.2360
229.0074
233.1930
237.9623
241.8472
245.6326
249.6580
252.7796
256.6186
261.3472
265.3623
269.9466
274.1465
277.0969
282.7969
283.6417
289.2907
291.9824
6.6212
9.5974
12.2072
17.3390
22.2361
24.3767
28.5475
33.0882
36.3081
40.2115
44.6815
47.8839
52.1483
56.1574
59.9923
63.0666
68.1116
70.4154
75.1530
78.9959
82.9095
86.9809
91.4736
95.4992
98.4356
102.1634
106.5751
110.6798
115.0169
117.5509
122.1921
125.8767
130.9934
133.2103
137.6797
141.5210
145.6602
148.3971
152.4980
156.8489
160.7805
164.7305
167.9611
172.2302
176.0631
180.2805
183.5653
188.1822
192.2678
195.9938
199.8388
202.7538
207.2719
210.4969
215.0350
218.4864
223.0899
225.6866
229.8109
234.7369
238.6295
242.2675
246.4275
249.4953
253.2527
258.1381
262.1452
266.6020
270.8639
273.8913
279.5211
280.4842
286.1839
288.7204
7.2644
10.3679
12.4002
17.5557
20.8592
24.2615
28.5818
32.6532
35.6731
40.1159
44.0482
48.0580
51.7249
56.0051
58.8030
63.6631
66.5279
71.1711
74.7347
79.0039
82.8597
87.1947
91.4937
94.3855
97.8649
102.4643
106.4503
110.6708
113.4554
118.1108
121.5855
126.8502
129.1307
133.3977
137.4331
141.5912
144.0848
148.3244
152.7400
156.5485
160.5955
163.8939
167.9580
171.8488
176.2047
179.3887
184.0153
188.1986
191.7818
195.6072
198.7022
203.1308
206.3492
210.9776
214.2710
218.8645
221.6044
225.6818
230.5318
234.4998
238.1077
242.1980
245.4225
249.1396
253.9348
258.0278
262.4918
266.6617
269.7792
275.4088
276.2389
281.9974
284.5911
5.9176
10.3445
13.7718
17.5634
22.0487
25.1101
29.0631
33.2665
36.9853
40.5742
45.2692
48.4816
52.4542
56.0732
60.6880
63.3792
68.2773
71.5707
75.5286
79.9401
84.2470
88.1266
91.4550
94.7770
99.1952
103.6110
107.7217
110.1257
115.0265
118.3953
123.5218
126.0787
130.4003
134.1357
138.4964
141.0138
145.0556
149.6342
153.5931
157.3540
160.7737
164.9863
168.7006
173.0715
176.4563
180.8515
185.0786
188.8698
192.5516
195.5605
200.1642
203.1670
207.7631
211.2532
215.7604
218.5144
222.7078
227.4837
231.3585
235.1510
239.1832
242.2850
246.1302
250.8680
254.8723
259.4570
263.6682
266.6065
272.3063
273.1691
278.8109
281.4936
8.1040
11.5518
12.8135
17.7817
21.6186
24.5143
29.2090
33.2319
36.1272
40.7963
44.5592
48.1818
51.7341
56.6301
58.8295
63.7200
67.3780
71.1282
75.5107
79.9757
83.7655
86.9625
90.5763
94.8865
99.2462
103.5080
105.8272
110.6126
114.2237
119.2658
121.6499
126.1366
129.8124
134.0731
136.8071
140.7987
145.2495
149.2630
153.0477
156.3571
160.6986
164.4279
168.6667
172.0659
176.5402
180.6625
184.5031
188.2558
191.1373
195.7534
198.8445
203.3734
206.9269
211.4768
214.0970
218.2885
223.1588
227.0022
230.7518
234.8673
237.8772
241.7091
246.5478
250.5101
255.0423
259.3189
262.2463
267.9186
268.8879
274.5229
277.1186
5.8906
9.4554
12.3886
16.1910
20.6119
23.5447
27.7450
31.8448
35.9591
39.3604
43.6958
46.6568
51.3753
54.3748
59.0752
62.4362
66.7341
70.6943
74.9682
79.2150
82.2444
85.5885
90.1812
94.2861
98.4347
101.1601
105.8999
109.2848
114.5438
116.9333
121.1633
125.1508
129.3822
131.8205
136.0293
140.5153
144.3451
148.3189
151.6775
155.7397
159.5831
163.9815
167.2114
171.7568
175.9826
179.6037
183.3706
186.4842
190.9517
194.0907
198.7331
202.0529
206.6140
209.3966
213.5043
218.3061
222.2607
225.9287
229.9791
233.2009
236.9538
241.7039
245.7879
250.2975
254.4583
257.5351
263.1893
263.9983
269.7310
272.3689
7.8845
10.5148
11.6368
16.9114
20.2413
23.4846
27.8513
32.4115
35.0456
39.4175
42.9383
47.2702
50.5012
55.3452
58.2646
62.5216
66.8109
70.9498
75.0099
78.3727
81.4252
85.9793
90.3606
94.3444
96.9088
101.8515
105.0246
110.2573
112.9025
117.0554
120.9157
125.3151
127.6316
131.7629
136.4108
140.2864
144.0911
147.5803
151.6412
155.3795
159.8648
163.1919
167.5639
171.8757
175.5760
179.2217
182.3673
186.9177
189.8889
194.5549
197.9370
202.4266
205.2964
209.4654
214.1696
218.0939
221.8836
225.8525
229.0655
232.8920
237.5506
241.6133
246.2160
250.3582
253.3490
259.0544
259.8175
265.4941
268.2277
5.8033
10.0581
11.9489
16.6063
20.8157
23.5084
27.9900
31.9933
35.6211
38.9325
43.9250
46.1306
50.9637
54.6852
58.5447
62.7497
67.2232
71.1396
74.2175
77.8673
82.2273
86.4762
90.7668
93.1932
97.9055
101.5520
106.6350
108.9388
113.4068
117.1726
121.3764
124.1011
128.1504
132.5542
136.5264
140.3920
143.6713
147.9669
151.7438
155.9854
159.3304
163.8626
167.9802
171.7627
175.5481
178.4638
183.0307
186.1753
190.7204
194.2117
198.7843
201.4097
205.5707
210.4527
214.3248
218.0285
222.1530
225.2047
229.0024
233.8481
237.8392
242.3424
246.6022
249.5813
255.2353
256.1892
261.8589
264.4330
7.4319
9.5821
11.6967
16.7090
20.1503
23.8028
27.9696
32.0692
34.6019
39.6686
42.3002
46.9101
50.6395
54.8839
58.6251
63.0340
67.3336
70.1361
73.7504
78.3008
82.2556
86.5521
89.3030
93.8846
97.4936
102.7166
104.8998
109.2470
113.2580
117.3625
119.9675
124.1800
128.5260
132.3678
136.4213
139.6682
143.7995
147.6896
151.9835
155.1854
159.8354
163.9735
167.5927
171.4392
174.4748
178.9175
182.1640
186.7635
190.0909
194.7015
197.3806
201.4660
206.3507
210.2993
213.9024
218.0251
221.2013
224.9208
229.7556
233.8248
238.2737
242.4755
245.5769
251.1971
252.0810
257.8304
260.3851
7.1774
9.5041
11.9019
16.5030
21.0298
23.4302
27.8483
31.3903
35.6600
38.9428
43.7849
46.6310
50.9309
55.1913
59.3204
63.3918
66.7531
69.8003
74.3512
78.7350
82.7257
85.2891
90.2151
93.4152
98.6446
101.2658
105.4312
109.2950
113.6790
116.0188
120.1493
124.7766
128.6575
132.4708
135.9458
140.0186
143.7605
148.2318
151.5593
155.9413
160.2422
163.9467
167.5998
170.7349
175.2836
178.2676
182.9290
186.3120
190.8094
193.6633
197.8313
202.5458
206.4686
210.2517
214.2307
217.4356
221.2583
225.9291
229.9890
234.5833
238.7327
241.7263
247.4260
248.2039
253.8833
256.6009
7.9458
10.4148
11.6142
16.6460
20.5202
23.7209
27.4897
32.3670
34.3641
39.3267
42.9172
46.6391
51.0559
55.5176
59.2591
62.5073
66.0964
70.3741
74.7906
79.0404
81.3202
86.1093
89.7330
94.7627
97.1515
101.6398
105.3041
109.5708
112.3091
116.2907
120.7406
124.7639
128.5361
131.8536
136.1967
139.9146
144.1614
147.5720
152.0262
156.1600
160.0086
163.7438
166.6371
171.2575
174.3318
178.8705
182.4171
186.9628
189.5958
193.7932
198.6469
202.4917
206.2541
210.3567
213.3753
217.2116
222.0348
226.0014
230.5424
234.8113
237.7384
243.4128
244.3741
250.0108
252.6109
6.2685
10.4371
12.7879
16.6573
21.2199
23.1797
28.0923
31.2657
35.7397
39.1822
43.7605
47.2611
51.5360
56.0505
58.8156
62.2337
66.9086
70.7927
75.0052
77.9126
82.4980
85.9751
91.2854
93.5097
97.7299
101.8520
105.9704
108.4307
112.7177
117.1025
120.8790
124.9762
128.2672
132.2857
136.1985
140.5728
143.7290
148.3678
152.5650
156.1163
159.9395
163.0736
167.4758
170.7033
175.3529
178.6009
183.2008
185.9606
190.0282
194.8630
198.8469
202.4475
206.5263
209.7805
213.4866
218.2663
222.3764
226.8377
230.9917
234.1296
239.7534
240.5693
246.3428
248.9317
7.4046
10.4062
11.6472
16.6427
19.7720
23.7878
27.5681
32.2679
34.8502
39.4429
43.4607
47.4924
51.7552
55.0370
57.9773
62.6237
66.9095
70.8699
73.5738
78.4551
81.6144
86.9087
89.4961
93.5929
97.5613
101.9121
104.1876
108.3853
112.9945
116.8228
120.7059
124.1758
128.1770
131.9586
136.4586
139.7334
144.1503
148.4667
152.1093
155.7768
158.9660
163.4676
166.4825
171.1697
174.4853
178.9954
181.8758
186.0171
190.7251
194.6774
198.4276
202.4006
205.6556
209.4503
214.1111
218.2018
222.7785
226.9037
229.9427
235.6299
236.3805
242.0901
244.8002
6.3835
9.8993
12.1718
16.3238
21.0611
22.8390
27.8832
31.3493
35.0467
39.5167
43.9589
47.6504
50.9639
54.5064
58.7601
63.2356
67.4626
69.7077
74.5135
78.1283
83.1505
85.5601
90.0409
93.6932
97.9746
100.7039
104.6769
109.1374
113.1673
116.9235
120.2548
124.5956
128.3014
132.5604
135.9817
140.4141
144.5612
148.4167
152.1347
155.0394
159.6656
162.7207
167.2678
170.8115
175.3508
177.9981
182.2013
187.0392
190.8844
194.6601
198.7501
201.7753
205.6175
210.4259
214.3949
218.9459
223.2083
226.1319
231.8102
232.7628
238.3982
241.0067
7.5993
9.7971
11.0034
16.5986
18.5780
23.1227
27.1086
31.3113
34.8471
39.3585
43.6387
46.3459
50.1145
54.5826
58.5347
62.9089
65.5903
70.0982
73.8535
79.0172
81.1122
85.5456
89.5105
93.5736
96.2927
100.4616
104.7481
108.6349
112.6717
115.8799
120.0849
123.9581
128.1978
131.4339
136.0821
140.1860
143.8552
147.7043
150.6843
155.1538
158.4036
162.9785
166.3478
170.9653
173.5966
177.6997
182.6032
186.5283
190.1456
194.2871
197.4155
201.1484
206.0072
210.0507
214.4990
218.7283
221.8022
227.4206
228.3494
234.0823
236.6130
6.3492
9.5456
12.3494
16.7150
21.3311
23.2568
27.9766
32.0798
35.9802
40.1701
43.6200
46.3817
51.0050
55.4263
59.3150
61.9411
66.8868
69.9929
75.2684
77.9302
82.0137
85.9291
90.3275
92.5894
96.7506
101.3957
105.2522
109.0761
112.5772
116.5985
120.3417
124.8532
128.1687
132.5310
136.8634
140.5454
144.1766
147.3588
151.8921
154.8600
159.5472
162.8922
167.3856
170.2739
174.4379
179.1250
183.0616
186.8492
190.8069
194.0435
197.8616
202.5068
206.5834
211.1834
215.3135
218.3217
224.0206
224.7765
230.4672
233.1908
7.6994
10.1336
11.7700
16.9731
19.4447
23.1111
27.9727
32.1961
35.6756
39.3655
42.5495
46.7664
51.5132
55.5665
57.6847
62.6563
66.0857
71.1024
73.7136
78.1081
81.6895
86.0953
88.7089
92.6421
97.2200
101.2691
104.9193
108.3499
112.6627
116.3021
120.6393
124.1145
128.4281
132.6476
136.5373
140.1686
143.1225
147.7890
150.7335
155.3117
158.8682
163.3619
166.0852
170.3210
175.0837
178.9216
182.7700
186.7978
189.8418
193.7230
198.4604
202.4302
207.0386
211.2754
214.1618
219.8696
220.7767
226.3891
229.0594
6.5136
9.0322
12.7719
16.4735
21.2790
24.0856
28.4642
33.1416
35.6388
39.2564
43.8871
47.6586
51.9867
54.9010
59.3413
63.0134
68.2787
70.3445
74.6578
78.7774
82.8103
85.4056
89.6718
93.9575
97.7663
101.8869
105.1113
109.2000
113.1184
117.4220
120.5920
125.2633
129.4099
132.9954
136.8438
139.9173
144.3298
147.5927
152.2136
155.4908
160.1117
162.8064
166.8807
171.7524
175.7179
179.3109
183.4240
186.6306
190.3369
195.1582
199.2454
203.6892
207.8753
211.0000
216.6125
217.4841
223.2505
225.7965
8.0389
10.6183
11.3091
16.9883
20.0330
23.7441
28.4572
31.5416
34.2436
39.0470
43.1640
47.0915
50.0097
54.7749
57.9361
63.3077
65.7931
69.8246
73.9337
78.2076
80.4503
84.7266
89.2711
93.0475
97.0272
100.4631
104.4055
108.2374
112.7420
115.9601
120.4320
124.7447
128.3295
132.0248
135.2511
139.7011
142.7691
147.4738
150.7230
155.2589
158.1381
162.2515
166.9701
170.9480
174.6558
178.6395
181.9287
185.6906
190.3615
194.4761
199.0229
203.1369
206.2222
211.8886
212.6374
218.3790
221.0567
5.4434
10.2070
13.0391
16.8925
21.6873
25.2804
28.1809
32.2656
36.3241
40.6019
45.0679
47.2872
51.8145
55.8130
60.7510
62.8358
67.4891
71.1713
75.2663
78.2297
82.2028
86.4621
90.5072
94.3705
97.5586
101.9758
105.7391
109.8761
113.2589
117.8139
121.8643
125.7080
129.5127
132.3454
136.9326
140.1116
144.6215
148.1502
152.7468
155.2907
159.4644
164.3838
168.2317
171.9322
176.0928
179.0881
182.8872
187.7763
191.7413
196.2253
200.5196
203.4848
209.1234
210.1422
215.8061
218.3259
7.5405
10.2062
11.9835
17.0030
21.1935
23.2867
27.7342
31.9192
35.6721
40.3118
42.8812
47.1029
51.2739
56.2944
58.0860
62.7284
66.6397
70.5463
73.5343
77.6416
81.7492
85.6969
89.7636
92.8488
97.1833
101.0636
105.1720
108.4283
113.1371
117.1477
120.8695
124.7671
127.6399
132.1225
135.4375
139.9604
143.3767
148.0278
150.5509
154.6589
159.6266
163.5239
167.1191
171.3179
174.3736
178.1012
183.0282
187.0381
191.4530
195.7299
198.7898
204.3880
205.3985
211.1234
213.5880
6.8412
9.5495
12.8779
17.1583
20.6595
23.2109
27.7974
32.2873
36.1902
38.7715
43.6320
46.8871
52.1247
54.6746
58.8325
62.7374
67.0717
69.4559
73.5941
78.1510
82.0446
85.8862
89.3286
93.4185
97.1654
101.6118
104.9426
109.3354
113.6209
117.3353
120.9916
124.1183
128.6581
131.6665
136.3284
139.6950
144.2140
147.0363
151.2036
155.9306
159.8532
163.6257
167.6213
170.8153
174.6276
179.3188
183.3772
187.9525
192.1140
195.1194
200.8024
201.6157
207.3072
209.9791
7.9348
11.2902
12.6963
17.2022
20.4193
23.9180
29.2301
33.2787
34.7603
39.7588
43.4639
48.2159
50.7920
55.4107
58.7086
63.1184
65.9948
69.7404
74.2516
78.4434
81.9584
85.3420
89.8482
93.4033
97.6273
101.2140
105.4754
109.6291
113.6538
117.2674
120.0895
124.8346
127.7563
132.2765
135.9452
140.4395
143.0675
147.3468
152.1421
155.9241
159.8108
163.8722
166.8114
170.7260
175.5085
179.4214
184.0332
188.3253
191.1491
196.8569
197.8496
203.4239
206.0547
5.4075
10.2811
11.5855
15.8837
20.1831
23.7570
28.3294
31.1203
35.2803
39.3437
44.4613
46.2778
50.7778
54.8217
58.7455
61.5772
65.7627
69.9157
73.8052
77.9066
81.0510
85.2721
89.1649
93.3677
96.5930
101.2690
105.3525
109.0201
112.8778
115.8557
120.3101
123.5852
128.1636
131.5087
136.1430
138.7560
142.8569
147.7633
151.6917
155.3028
159.4493
162.5792
166.3045
171.1676
175.2144
179.6542
183.8846
186.9682
192.5767
193.5196
199.2613
201.7682
7.3730
8.5574
10.8932
15.8204
19.4509
23.5555
26.7132
31.0868
34.5921
39.9432
42.0768
46.2170
50.4292
54.5081
56.9447
61.2464
65.5929
69.3808
73.4697
76.7772
80.7871
84.6695
89.0679
92.2610
96.8332
101.0630
104.6517
108.4162
111.5740
116.0004
119.1686
123.8389
127.0876
131.6739
134.4548
138.5530
143.3427
147.3143
150.9709
155.0181
158.2640
161.9989
166.7438
170.8442
175.3395
179.4922
182.5965
188.2319
189.0550
194.8110
197.4081
7.1545
8.6957
11.2357
17.1464
20.9016
22.0867
27.1396
30.8298
35.5534
38.1674
42.7414
46.0473
50.4742
53.3090
57.0663
61.5848
65.7649
69.2886
72.6946
77.1575
80.7150
84.9770
88.5508
92.7989
96.9840
100.9818
104.5784
107.4524
112.1766
115.0909
119.6406
123.2623
127.7566
130.4220
134.6925
139.4628
143.2652
147.1484
151.1896
154.1711
158.0752
162.8326
166.7695
171.3828
175.6509
178.5008
184.2061
185.1690
190.7622
193.3997
7.6666
10.1335
12.6671
17.7456
20.3493
23.8803
28.5935
33.4647
34.8178
39.5817
43.5748
47.2860
50.4298
54.5489
58.4876
62.4332
66.5799
69.5863
73.9341
77.8415
81.9086
85.1439
89.8913
93.8796
97.5887
101.5010
104.3772
108.8372
112.1836
116.7123
120.0959
124.7640
127.2750
131.3755
136.3457
140.2514
143.8341
148.0361
151.1034
154.8192
159.7473
163.7663
168.1714
172.4435
175.5204
181.1089
182.1227
187.8603
190.3072
5.9420
10.1003
13.0612
16.1580
20.8803
23.7595
29.1962
31.7847
35.6393
39.7761
44.0932
46.2514
50.5097
55.0756
58.8820
62.7946
66.2797
70.2240
73.9982
78.5345
81.8117
86.1888
90.5375
94.1779
97.8043
101.0406
105.5282
108.5256
113.2430
116.5126
121.0311
123.9226
128.0701
132.7500
136.7088
140.4728
144.4318
147.6989
151.4913
156.1378
160.2356
164.8124
168.9332
171.9803
177.6573
178.4235
184.1444
186.8249
7.9421
10.2662
11.0147
16.1832
19.6321
24.4426
27.1598
31.5279
34.9718
39.4274
42.0775
45.9265
50.4836
54.5934
58.1738
61.6323
65.9625
69.5485
73.9049
77.4258
81.6657
85.9175
89.8370
93.4113
96.3985
101.0706
103.9773
108.5850
112.1096
116.6025
119.3469
123.5938
128.3188
132.1634
136.0330
140.0366
143.1024
146.9841
151.6943
155.6776
160.2929
164.5145
167.4137
173.1156
174.0172
179.6443
182.3011
5.9047
10.5796
12.3417
16.8225
22.0217
22.9590
27.1959
31.8756
35.3778
38.0815
42.5553
46.4521
50.1323
54.5610
57.6075
61.5948
65.6417
69.8956
72.9385
77.7502
81.8577
85.3374
89.2473
92.3747
96.6850
100.0605
104.7071
107.8578
112.5324
115.2066
119.2368
124.1259
128.1298
131.6575
135.7885
139.0433
142.6985
147.5343
151.6556
156.0538
160.2250
163.4158
168.9934
169.8724
175.6841
178.1724
7.4988
9.5011
11.6196
17.4479
19.4591
22.7562
27.5961
31.5692
33.4480
38.0351
42.4103
45.9852
50.2188
53.6226
57.3177
61.2528
65.8417
68.9279
73.4551
77.8163
81.2634
84.9607
88.3285
92.6684
95.7884
100.5598
103.6459
108.2137
111.1416
115.2113
119.8999
123.9309
127.5920
131.5578
134.9336
138.6476
143.2945
147.4599
151.9775
156.0535
159.2115
164.8500
165.5735
171.3661
174.0085
6.9168
9.4228
13.4727
16.8672
21.1391
24.0123
28.7590
31.4034
34.9832
39.6941
43.9451
47.2368
50.8138
55.2381
58.6642
63.0480
66.7127
70.7608
75.0588
79.1033
82.5618
85.5219
90.2867
93.0545
97.6599
101.2673
105.7105
108.4780
112.7826
117.4498
121.2540
125.2167
129.1782
132.2014
136.1394
140.8074
144.7585
149.4295
153.6580
156.4868
162.2165
163.1229
168.7068
171.4001
7.7547
10.5783
11.0587
16.1838
19.8119
23.4838
26.8701
30.7480
34.6575
38.7647
42.7024
45.7857
50.2398
54.0014
58.1007
61.4892
66.0386
70.0943
73.9379
77.7128
80.5931
85.1532
88.3353
92.8855
96.3378
100.9499
103.5165
107.6891
112.5696
116.4396
120.1470
124.2798
127.3230
131.1105
135.9632
139.9577
144.4450
148.7102
151.7076
157.3366
158.3334
164.0244
166.5321
6.4078
10.8275
12.6603
16.6058
21.4481
22.6965
26.8734
31.8762
35.6714
39.2212
43.0457
46.8151
50.3775
55.1643
58.5753
62.5960
67.1461
70.8602
74.2452
77.6184
82.1860
84.9155
89.7110
92.9905
97.4108
100.4633
104.6791
109.1905
113.1312
117.0469
120.8772
124.1755
128.0433
132.5502
136.6453
141.3286
145.4043
148.3773
154.1038
154.8009
160.4785
163.2570
7.4428
9.3695
10.7861
16.2535
18.3121
21.5503
26.6399
30.9498
33.8664
37.7078
42.0408
45.2836
49.8388
53.6078
57.3949
61.8348
65.9255
69.2160
72.2780
77.0878
79.6797
84.3453
87.9409
92.3212
95.2053
99.5457
104.0986
107.9020
111.9514
115.8254
118.8901
122.8659
127.4379
131.4009
136.1341
140.3215
143.1230
148.8802
149.7266
155.2963
158.0525
6.9700
9.9731
12.4753
16.6836
20.3463
23.6746
27.8352
31.9138
34.7761
39.3303
43.1344
47.0954
50.4559
55.1021
59.0757
62.9153
66.7458
69.5781
74.1076
77.3735
81.9029
85.3334
89.9837
92.4860
96.6420
101.5651
105.4380
109.1043
113.2736
116.3040
120.0668
124.9589
128.9535
133.4057
137.6851
140.7064
146.3133
147.3432
153.0503
155.5107
7.7133
9.9770
10.9204
15.8788
19.8730
23.2741
27.6709
31.0395
34.5886
38.5388
43.1652
46.2358
50.7243
55.1125
58.5579
62.2134
65.6187
69.9482
73.0500
77.8410
80.8990
85.4738
88.3995
92.4819
97.1507
101.1771
104.8597
108.8181
112.1842
115.9060
120.5472
124.7060
129.2295
133.3127
136.4588
142.0941
142.8421
148.6304
151.2529
6.6324
9.4776
11.2033
16.0315
20.7421
23.2542
26.9811
31.6941
34.7797
39.1132
43.0369
46.7917
51.1108
55.3624
58.6674
61.5508
66.4281
69.0592
73.6518
77.3499
81.7614
84.5044
88.8708
93.4970
97.2545
101.2981
105.2386
108.2013
112.1835
116.8363
120.7526
125.4549
129.7034
132.4782
138.2173
139.1617
144.7172
147.4014
7.9199
9.3687
11.2474
15.8371
19.6503
22.3067
27.1876
30.8263
34.6272
38.1448
42.6831
46.6133
50.6026
54.3690
57.1123
61.7206
64.9245
69.4289
72.9364
77.5722
80.0360
84.2388
89.1477
92.9817
96.7066
100.8690
103.8433
107.6433
112.5312
116.4934
120.9723
125.2728
128.2439
133.8621
134.9239
140.6016
143.0619
6.4087
10.7125
13.3984
17.3261
21.2474
24.1670
27.8895
32.9713
36.0996
40.1439
44.8299
48.2590
51.6260
55.2791
59.6443
62.4470
67.3572
70.3614
74.8257
77.9776
82.1094
86.5779
90.6112
94.4355
98.2412
101.6873
105.4718
109.9468
114.1271
118.7582
122.7708
125.8670
131.5526
132.1937
137.9532
140.6926
7.1213
11.1843
12.4068
16.9145
21.0145
23.7704
28.5982
32.5546
35.8762
40.5141
44.6744
47.7182
50.9134
55.7556
58.1544
62.8996
66.4463
70.7777
73.7691
78.1373
82.5758
86.3879
90.5043
94.3014
97.4157
101.4089
105.9012
109.8857
114.6554
118.8045
121.6073
127.3728
128.1785
133.7560
136.5349
5.7805
8.8282
11.2161
16.1989
19.6314
23.4751
27.0906
31.4412
35.4749
39.4972
43.1356
45.9825
50.6042
53.6990
58.2681
61.7278
66.3328
68.8898
73.1138
77.9348
81.7827
85.5639
89.6601
92.6860
96.5052
101.3185
105.3029
109.8237
114.0865
117.0543
122.6893
123.6995
129.3789
131.8814
7.8736
9.0915
11.5416
16.0449
20.3445
22.9660
27.8831
32.0827
35.2960
39.1353
42.5666
46.6889
50.0734
54.8540
57.7287
62.4283
65.2207
69.2275
73.9982
78.0624
81.6104
85.6592
89.0315
92.6687
97.4060
101.5838
106.0064
110.1151
113.3449
118.9168
119.7414
125.5837
128.0794
5.9625
10.1708
11.6780
16.2893
20.6658
23.5526
28.1343
32.5678
35.4914
38.5102
43.4564
45.8203
50.5110
54.1622
58.5135
61.3786
65.7873
70.2711
74.0359
78.1670
82.0139
85.0338
89.0391
93.5954
97.5378
102.2851
106.4874
109.2648
115.0140
115.9096
121.4757
124.1865
7.9330
9.8937
12.3243
16.4266
20.6347
24.3103
28.7055
32.3222
34.8084
39.5619
42.6922
47.1355
50.7617
55.3949
57.7436
62.0217
66.9206
70.6907
74.4933
78.6582
81.5389
85.3840
90.2793
94.1945
98.6968
103.0322
105.9433
111.5655
112.6891
118.3344
120.7681
5.9016
10.5921
12.2082
16.8124
21.3648
24.1043
27.7078
31.6544
35.5621
38.7907
43.7579
46.3387
50.9917
54.0421
58.0170
62.6018
66.7409
70.3308
74.2450
77.7827
81.4118
85.9995
90.2498
94.7232
98.7370
102.0044
107.5923
108.2950
114.1633
116.7327
7.0239
10.4586
12.2708
17.4589
21.3104
23.9511
27.6430
32.2457
34.5648
39.5120
42.6932
47.0624
50.2116
54.5031
58.8409
62.7618
66.8064
70.5525
73.8451
77.7510
82.1893
86.2755
90.9952
95.0693
98.0116
103.7318
104.4755
110.1493
112.8803
6.4233
8.8359
12.0134
17.0325
20.2923
22.5091
27.4324
30.4101
34.8246
38.5411
43.1488
45.4460
49.7946
54.6435
58.3694
62.2547
66.3914
69.2254
73.1111
77.9803
81.8715
86.4072
90.7506
93.6196
99.2521
100.3942
106.0180
108.4539
8.2601
10.2809
12.4806
17.0255
20.2181
23.7641
27.9167
32.5305
35.0734
40.0307
42.4343
46.3110
51.3208
55.4078
58.7194
62.9592
66.2672
69.7764
74.7087
78.8784
83.1352
87.3167
90.6411
96.1143
97.0979
102.9944
105.2852
6.3375
10.7521
12.1115
15.5554
20.4225
22.3384
27.2470
30.6469
34.9804
37.9850
42.3956
46.7193
50.5385
54.6936
58.4628
61.5949
65.5649
70.0495
74.0558
78.7921
82.9395
85.7944
91.5165
92.3764
98.0025
100.6778
7.6154
9.7040
10.5194
15.7026
18.7480
22.9385
26.7866
31.4469
33.4394
37.8396
42.7642
46.4238
50.3030
54.5066
57.2301
61.1136
66.0563
69.9067
74.4054
78.7975
81.6557
87.2606
88.4911
94.1108
96.4678
6.3337
10.1876
11.6489
16.6008
21.2444
22.7444
27.8810
30.3895
34.0301
38.9763
43.2311
46.3551
50.5546
54.1035
57.4748
62.3420
66.6326
70.8246
74.9087
78.3856
83.8099
84.7020
90.6881
92.9559
7.5909
9.5856
11.4764
16.8708
18.7614
23.2939
26.7189
30.7864
34.9534
39.0834
42.9412
46.6389
50.2123
53.9416
58.3368
62.5733
67.1775
71.1592
74.3194
79.9506
80.6458
86.4600
89.0795
7.0879
9.1590
12.5338
17.0293
21.5502
23.0002
27.6127
32.5499
36.0086
40.0344
44.2702
46.7433
50.7154
55.7091
59.4475
63.9720
68.4445
71.1872
76.7969
78.1480
83.7016
86.0116
8.2012
10.9402
12.0067
17.3991
18.8437
22.5534
27.8554
31.9036
34.9998
39.4377
42.6016
46.0169
51.1243
55.2441
59.3804
63.6499
66.9945
72.3902
73.5526
79.4536
81.5677
5.9169
9.5737
13.0327
16.2221
21.0016
24.6606
28.2432
32.8925
36.4030
39.3588
43.5155
47.8262
51.7353
56.6180
60.7825
63.4645
69.2296
70.1529
75.6952
78.3838
8.3026
10.6573
11.4711
16.8182
20.8816
23.8090
28.6352
32.4818
34.5916
38.9279
43.6301
47.1831
52.0049
56.4878
58.8951
64.6331
65.9898
71.3642
73.8341
5.6991
9.2299
12.4823
16.2794
20.6952
24.2349
27.9431
31.7522
35.2515
39.6833
44.0295
48.4699
52.4225
55.7699
61.2881
62.0440
67.9673
70.4067
7.6720
10.6355
12.0067
16.1870
20.7792
23.6196
27.4844
31.3622
35.1578
39.4455
44.3115
48.1240
51.1486
56.8545
57.4151
63.1740
65.9346
5.7044
10.5519
13.4055
17.2862
21.7225
23.8605
27.7280
32.9115
36.6110
40.9741
45.5062
48.3521
53.8464
55.3490
60.9694
63.0611
7.4321
10.8884
12.5200
17.5862
20.4996
23.4764
28.9662
33.0475
36.8514
41.2217
44.7183
49.9298
51.3337
57.2886
59.0980
5.5510
9.1343
11.7667
16.0518
19.4470
23.4086
27.8470
32.3909
36.2318
39.5495
45.0679
45.7987
51.7145
54.1588
7.7251
9.4734
11.3247
15.7957
19.8435
23.5307
28.4770
32.7442
35.2876
40.9871
42.2005
47.7109
50.1508
6.5700
9.8635
11.2708
16.8813
21.2212
24.5504
28.7446
32.6686
37.6546
38.9934
45.1271
46.7586
8.2044
9.3843
11.8785
16.9758
21.1973
24.5578
28.3737
33.6848
34.1519
40.3101
42.6639
6.1010
10.6750
12.9313
17.5704
22.4919
24.5638
30.0848
32.1514
37.4101
39.3118
7.9986
10.8763
13.3819
18.1806
21.7704
26.5479
28.6023
34.4694
35.6984
6.1300
10.4381
13.1632
16.6185
21.9611
22.4597
28.4703
30.8788
7.1076
10.9556
11.7642
17.5874
19.4775
24.4790
26.7037
6.3739
9.5569
13.2620
16.3461
21.8474
22.3602
8.0344
10.2398
10.8853
17.5108
18.5201
6.5219
9.7398
13.1604
15.1913
7.5571
9.8137
9.2386
7.6139
10.6622
7.2188
