# Pairwise distances between all Valine CB atoms (in Å)
7.5629
9.9342
12.9557
16.9677
21.1426
24.5767
28.0408
31.8751
35.3803
39.7047
43.5464
47.7719
50.9600
55.1344
58.3156
63.0612
66.6153
71.2868
73.4889
78.6188
81.8081
86.0075
89.6582
93.0999
96.8786
101.4681
104.4502
108.7554
112.2701
117.2813
119.3532
124.4390
127.5647
132.2130
135.6206
139.9818
143.2347
147.9458
150.1841
155.0928
157.9443
162.9572
165.3853
170.9699
173.4966
177.8123
181.1010
184.8861
189.1934
192.4478
197.7693
199.8710
205.0530
208.7199
213.2616
217.0770
221.0863
225.1596
228.4108
232.3396
236.7278
241.0331
243.7768
248.4853
250.8077
255.3303
258.8221
263.0796
266.5555
270.0180
273.9514
278.9380
281.9677
285.8213
290.0132
293.6472
297.1916
301.1810
304.9765
309.5797
312.7090
317.3268
320.1823
324.1456
328.2797
332.0812
336.1553
340.4105
343.1046
347.3942
351.3575
354.9555
358.5256
363.2135
366.0680
369.8940
374.8156
379.5397
382.1318
387.2186
390.6565
6.2829
10.7856
11.5958
16.5701
20.6519
22.3614
26.5548
30.9123
34.5038
38.6171
43.2049
45.5991
49.8270
53.6770
58.1388
61.5573
66.6111
68.3759
73.4013
77.0982
81.0751
84.4252
88.2442
91.8086
96.2666
99.5870
103.9215
107.1079
112.3403
114.4390
119.2555
122.6756
127.3888
130.4917
134.9227
138.3422
142.8769
145.2638
150.2434
152.8340
157.9158
160.4450
165.8930
168.5194
172.9446
175.9886
179.8365
184.2902
187.4339
192.7438
194.9802
200.0871
203.6654
208.3910
212.1337
216.0223
220.2219
223.4221
227.2779
231.8024
236.0957
238.7026
243.4824
245.8429
250.2455
253.8867
258.1196
261.4656
265.0197
268.9709
273.9094
276.9886
280.9366
284.9857
288.6743
292.2671
296.1752
300.0115
304.6656
307.6811
312.3061
315.2658
319.1655
323.2549
327.1646
331.1644
335.3843
338.2003
342.4419
346.3793
350.0585
353.5185
358.1942
361.1525
364.9324
369.7976
374.5617
377.1250
382.1821
385.6961
7.6603
8.6065
11.4489
16.0859
19.0767
22.3513
26.7028
30.9238
34.1479
38.6814
41.8548
45.7056
49.1816
54.0866
57.2245
62.0911
64.4121
69.3465
72.7384
77.0137
80.3655
83.9012
87.8230
92.2255
95.2309
99.6860
103.0087
108.0150
110.3066
115.2276
118.3943
123.1525
126.4381
130.7299
134.1805
138.8381
140.9827
146.0007
148.7477
153.6965
156.2947
161.8228
164.2614
168.6664
171.8760
175.6162
180.0423
183.3071
188.5318
190.7251
195.9429
199.5166
204.1347
207.9714
211.8728
215.9777
219.3079
223.1568
227.5570
231.9246
234.5541
239.2646
241.6917
246.1529
249.6651
253.9771
257.3863
260.8326
264.8543
269.7981
272.7757
276.7087
280.8504
284.4524
288.0914
292.0388
295.7830
300.4444
303.5543
308.1212
311.0627
315.0262
319.0908
322.9317
327.0269
331.2340
333.9674
338.2849
342.1765
345.8172
349.3708
354.0202
356.9354
360.7774
365.6332
370.3628
373.0057
378.0573
381.4933
6.9660
11.3334
12.1879
16.6925
20.5961
22.8139
27.3783
31.6317
35.4308
38.7422
43.1743
45.9466
50.5218
54.4895
58.9374
61.0190
66.3187
69.2882
73.4177
77.3504
80.6719
84.3307
89.0819
92.0278
96.1860
99.8790
104.8880
106.7558
111.9914
115.0656
119.6180
123.1308
127.5472
130.6260
135.3831
137.6981
142.5096
145.4491
150.5176
152.7933
158.4251
161.0289
165.2659
168.6196
172.4459
176.6445
179.8861
185.2922
187.3154
192.4626
196.2069
200.6876
204.4803
208.5792
212.6267
215.8096
219.8027
224.1832
228.4338
231.2729
235.9800
238.2120
242.7853
246.2603
250.4715
254.0021
257.4764
261.3377
266.3568
269.4310
273.2214
277.4488
281.1119
284.5779
288.5983
292.4391
296.9939
300.1350
304.7962
307.5821
311.5425
315.7329
319.5051
323.5580
327.8517
330.5181
334.7816
338.8030
342.3696
345.9472
350.6672
353.4746
357.2851
362.2588
366.9793
369.5289
374.6431
378.0845
7.2378
9.5791
11.0932
15.4969
19.3486
22.9978
27.3403
31.7465
34.1964
38.5679
42.2174
46.6061
50.2369
55.1797
56.9042
62.0218
65.5909
69.5563
73.0609
76.7938
80.3308
84.8748
88.1485
92.4165
95.7172
100.9295
102.9362
107.8513
111.2143
115.8829
119.0668
123.5140
126.8416
131.4194
133.8198
138.7512
141.4121
146.5109
148.9623
154.4498
157.0965
161.4750
164.5794
168.4382
172.8255
175.9788
181.3277
183.5130
188.6161
192.2393
196.9157
200.6588
204.6022
208.7738
211.9538
215.8466
220.3491
224.6219
227.2887
232.0580
234.3755
238.8176
242.4297
246.6480
250.0365
253.5810
257.5014
262.4602
265.5503
269.4596
273.5438
277.2368
280.7908
284.7235
288.5729
293.1998
296.2372
300.8793
303.7951
307.7034
311.8225
315.7045
319.7069
323.9479
326.7348
330.9731
334.9380
338.5929
342.0722
346.7632
349.6869
353.4675
358.3626
363.1193
365.6704
370.7431
374.2467
7.0921
9.7545
11.2675
16.2356
20.5362
22.8036
27.4808
30.9288
34.4298
37.9083
43.0086
45.8561
50.7532
53.2733
58.0825
61.4727
65.8540
69.0777
72.5674
76.6403
80.9472
83.8788
88.4164
91.6985
96.6463
99.0633
103.9469
107.0627
111.8719
115.1536
119.3852
122.9135
127.5788
129.6324
134.6967
137.4411
142.3372
145.0075
150.5331
152.8996
157.3295
160.5479
164.2501
168.7070
172.0003
177.1746
179.3885
184.6406
188.1816
192.8026
196.6647
200.5330
204.6276
208.0112
211.8314
216.2091
220.6118
223.2091
227.9053
230.3793
234.8331
238.3239
242.6699
246.0712
249.4881
253.5536
258.4837
261.4233
265.3791
269.5222
273.0966
276.7751
280.7163
284.4257
289.1066
292.2290
296.7679
299.7329
303.7090
307.7461
311.5859
315.7063
319.8952
322.6250
326.9660
330.8254
334.4724
338.0383
342.6705
345.5963
349.4552
354.2881
359.0125
361.6872
366.7264
370.1460
7.6972
9.5326
10.9096
15.9933
19.5150
23.2834
26.9807
31.1431
33.8181
38.5991
42.3446
46.8075
49.0929
54.2871
57.2532
61.5038
65.3114
68.5909
72.4165
77.0678
79.9437
84.2014
87.8422
92.7966
94.8139
99.9996
103.0299
107.6509
111.1470
115.4972
118.6827
123.4432
125.6558
130.5325
133.4548
138.4635
140.8391
146.4618
148.9810
153.2595
156.6094
160.3917
164.6434
167.9161
173.2566
175.3177
180.5071
184.2028
188.7023
192.5253
196.5716
200.6162
203.8680
207.8180
212.1798
216.4785
219.2634
223.9578
226.2578
230.8120
234.2711
238.5278
242.0372
245.4800
249.4035
254.4010
257.4273
261.2578
265.4765
269.1061
272.6318
276.6375
280.4336
285.0209
288.1704
292.7935
295.6217
299.5951
303.7435
307.5239
311.6067
315.8723
318.5442
322.8375
326.8116
330.3943
333.9807
338.6755
341.5074
345.3385
350.2752
354.9922
357.5849
362.6793
366.1044
5.9543
10.1375
12.3275
17.0914
21.6405
23.2466
27.7374
31.8425
35.9079
39.5183
44.6849
46.0503
51.1176
54.9862
58.7890
62.1410
66.0783
69.4739
73.9549
77.4153
81.6765
84.8124
90.1442
92.1416
96.9272
100.4343
105.1284
108.1617
112.6465
116.0447
120.5369
123.0140
127.9721
130.5100
135.6461
138.1336
143.5581
146.2573
150.6814
153.6736
157.5654
162.0108
165.1105
170.4595
172.7017
177.7668
181.3531
186.1106
189.8178
193.7109
197.9376
201.0914
204.9535
209.5161
213.7803
216.3913
221.1915
223.5207
227.9128
231.5884
235.7941
239.1288
242.7117
246.6380
251.5761
254.6891
258.6373
262.6596
266.3775
269.9494
273.8472
277.7163
282.3626
285.3513
289.9981
292.9557
296.8363
300.9380
304.8653
308.8347
313.0618
315.8999
320.1165
324.0719
327.7607
331.1926
335.8796
338.8455
342.6059
347.4786
352.2518
354.7898
359.8506
363.3855
7.8165
10.2212
12.1699
17.2279
19.7973
23.3830
27.4337
32.1702
35.0401
40.2229
42.2799
47.0717
50.8203
54.9796
58.0783
61.8293
65.6769
69.9559
73.1463
77.6367
80.7491
85.8755
88.2111
92.9663
96.2819
101.0950
104.2006
108.5156
112.0808
116.6406
118.8450
123.9125
126.5119
131.4909
134.1543
139.6078
142.0891
146.5570
149.6350
153.4066
157.9099
161.1177
166.3316
168.5989
173.7797
177.3012
182.0198
185.8186
189.6523
193.8222
197.1331
200.9385
205.4076
209.7722
212.3282
217.0739
219.5242
223.9243
227.5090
231.8130
235.1562
238.6427
242.6809
247.5967
250.5955
254.5810
258.6468
262.2753
265.9431
269.8466
273.6099
278.2984
281.3506
285.9193
288.9158
292.8475
296.8866
300.7833
304.8418
309.0292
311.8256
316.1198
319.9950
323.6791
327.1755
331.8182
334.7870
338.6063
343.4316
348.1810
350.8125
355.8478
359.3202
6.1708
9.9819
12.8735
16.4032
20.8510
23.2769
27.7319
31.8571
36.2655
38.2400
43.5449
46.5375
50.6468
54.5633
57.8945
61.5536
66.2763
69.2559
73.4205
77.0665
82.1051
83.9918
89.1845
92.2865
96.8717
100.3273
104.7395
107.8746
112.6040
114.9178
119.7602
122.6461
127.7156
130.0319
135.6381
138.2402
142.5095
145.8149
149.6454
153.8813
157.1086
162.4974
164.5580
169.7018
173.4137
177.9411
181.7261
185.7848
189.8576
193.0531
197.0162
201.4200
205.6835
208.4783
213.1961
215.4569
220.0011
223.5002
227.7231
231.2212
234.7007
238.5902
243.5904
246.6585
250.4852
254.6766
258.3411
261.8391
265.8354
269.6709
274.2481
277.3670
282.0170
284.8408
288.7919
292.9572
296.7572
300.8040
305.0796
307.7764
312.0399
316.0377
319.6301
323.1845
327.8934
330.7334
334.5411
339.4883
344.2165
346.7769
351.8768
355.3284
8.3742
10.9785
11.5184
16.8320
20.3896
23.8096
28.1958
33.0825
34.0403
39.3732
43.0420
46.6825
50.3924
54.2284
57.4238
62.1105
65.5707
69.6441
72.9740
78.3273
80.0743
85.0258
88.4919
93.0798
96.2200
100.7740
103.9817
108.5218
111.0912
115.9444
118.5736
123.7744
126.0970
131.5729
134.3578
138.6990
141.7596
145.6970
150.0274
153.1140
158.5534
160.7133
165.7435
169.4113
174.1053
177.7903
181.7776
185.9766
189.0624
192.9916
197.5444
201.7543
204.4647
209.2624
211.5004
215.9470
219.6020
223.7632
227.1565
230.7482
234.6037
239.5758
242.7311
246.6149
250.6768
254.4217
257.9159
261.8470
265.7591
270.3568
273.3615
278.0503
280.9368
284.8176
288.9753
292.8705
296.8229
301.0886
303.8953
308.0894
312.1015
315.7571
319.2010
323.9195
326.8361
330.5841
335.5091
340.2772
342.7767
347.8650
351.3996
5.6980
9.6821
11.9035
15.3452
20.5745
23.0887
28.0834
30.6368
35.3261
38.7707
43.1683
46.3093
49.7920
53.9069
58.1650
61.1089
65.6514
68.9044
73.8730
76.2907
81.1555
84.2789
89.1030
92.3543
96.5901
100.1325
104.7835
106.8505
111.9181
114.6387
119.5508
122.2138
127.7302
130.1181
134.5523
137.7490
141.4690
145.9224
149.1985
154.3874
156.6067
161.8427
165.3834
170.0233
173.8696
177.7366
181.8442
185.2114
189.0306
193.4265
197.8179
200.4152
205.1210
207.5822
212.0313
215.5371
219.8730
223.2687
226.6962
230.7546
235.6821
238.6370
242.5966
246.7233
250.3128
253.9836
257.9174
261.6437
266.3219
269.4295
273.9794
276.9454
280.9113
284.9532
288.8042
292.9083
297.0999
299.8437
304.1715
308.0388
311.6934
315.2420
319.8804
322.8120
326.6603
331.4959
336.2256
338.8879
343.9283
347.3595
7.8479
9.5355
10.5446
15.9643
19.2735
23.5348
26.3137
31.2920
34.0780
38.5682
42.2406
45.3417
49.4604
53.9721
56.6863
61.0637
64.6805
69.5327
71.7320
76.8840
79.8138
84.5173
88.0169
92.2745
95.5756
100.3529
102.4266
107.3745
110.2929
115.2272
117.7076
123.3275
125.7438
130.0619
133.4205
137.1518
141.4490
144.7602
150.0298
152.1254
157.3628
161.0078
165.5215
169.3781
173.3715
177.4077
180.7362
184.6403
188.9771
193.3270
196.0592
200.7370
203.1067
207.6454
211.0806
215.3870
218.8786
222.2823
226.2730
231.2470
234.2211
238.0924
242.3031
245.8970
249.4842
253.4748
257.2241
261.8436
265.0035
269.5871
272.4570
276.4444
280.5498
284.3370
288.4511
292.6879
295.3643
299.6885
303.6136
307.2128
310.8080
315.4775
318.3330
322.1855
327.0846
331.7973
334.4349
339.5089
342.9159
6.3724
10.8741
13.0561
17.1202
22.4091
22.8343
27.9657
32.1341
35.6351
38.9782
43.0626
46.2410
50.7429
54.3643
58.5308
61.6124
67.0463
68.9356
73.6955
77.2733
81.9522
84.9234
89.4519
92.8315
97.2916
99.8367
104.7758
107.2750
112.4535
114.9039
120.3144
123.0665
127.4862
130.4459
134.3705
138.8009
141.8710
147.2498
149.4917
154.5290
158.1225
162.8985
166.5822
170.4817
174.7222
177.8484
181.7153
186.2986
190.5443
193.1630
197.9735
200.2809
204.6719
208.3619
212.5530
215.8864
219.4806
223.3940
228.3320
231.4628
235.4098
239.4189
243.1529
246.7118
250.6049
254.4923
259.1322
262.1089
266.7682
269.7212
273.5931
277.7026
281.6368
285.5914
289.8232
292.6706
296.8748
300.8400
304.5327
307.9513
312.6453
315.6122
319.3635
324.2416
329.0182
331.5448
336.6081
340.1509
7.4094
10.6174
11.9182
17.8086
19.4203
23.7542
28.0672
32.0856
34.7203
38.6966
42.5520
46.6150
49.9575
54.5157
57.3933
62.6053
65.0381
69.6240
73.0364
77.9197
80.8693
85.1738
88.8644
93.3493
95.5580
100.6801
103.1665
108.1480
110.8831
116.2818
118.7667
123.2862
126.2762
130.0578
134.6189
137.7970
142.9881
145.3099
150.4763
153.9528
158.7377
162.5187
166.2989
170.5056
173.8219
177.5901
182.0943
186.4673
188.9699
193.7319
196.2090
200.5717
204.1910
208.5010
211.8042
215.3028
219.3654
224.2595
227.2590
231.2824
235.3032
238.9394
242.6351
246.5106
250.2756
254.9843
258.0071
262.5694
265.6028
269.5200
273.5369
277.4648
281.5092
285.6804
288.5113
292.7986
296.6555
300.3660
303.8330
308.4678
311.4686
315.2799
320.0822
324.8407
327.4751
332.4980
335.9851
7.0564
9.4064
13.0025
16.4265
21.1380
23.5805
28.2852
31.9311
34.8102
39.1405
43.5856
46.1481
50.5727
54.2304
58.9995
61.2716
66.4443
69.2850
74.0161
77.5520
81.7609
85.0886
89.8907
91.8925
96.8596
99.8023
104.7019
107.2086
112.8399
115.2100
119.5314
122.9149
126.6235
130.9208
134.2539
139.5008
141.5964
146.8552
150.4900
154.9944
158.8668
162.8520
166.8753
170.2329
174.1268
178.4452
182.8121
185.5379
190.2047
192.5933
197.1360
200.5521
204.8762
208.3717
211.7553
215.7666
220.7358
223.6900
227.5681
231.7850
235.3644
238.9675
242.9581
246.6907
251.3165
254.4866
259.0578
261.9336
265.9291
270.0240
273.8068
277.9347
282.1647
284.8354
289.1715
293.0832
296.6829
300.2867
304.9494
307.8059
311.6673
316.5583
321.2672
323.9202
328.9896
332.3865
7.7747
10.5942
10.5836
16.2294
19.3265
22.9603
27.0773
30.5290
33.8247
38.6278
41.8552
45.8526
49.4231
54.6399
56.3425
61.4781
64.7298
69.3014
72.6168
77.1117
80.2470
84.8949
87.3470
92.1777
94.9477
100.0981
102.3837
107.9365
110.6433
114.9363
118.1288
122.0242
126.2811
129.4352
134.8639
136.9641
142.0472
145.7435
150.3531
154.0839
158.1146
162.2468
165.3879
169.3353
173.8116
178.0465
180.8074
185.5630
187.8070
192.3101
195.8791
200.0741
203.5270
207.0533
210.9314
215.9158
219.0249
222.8822
227.0077
230.7124
234.2100
238.1725
242.0465
246.6331
249.6969
254.3660
257.2205
261.1380
265.2980
269.1454
273.1467
277.4163
280.1684
284.3988
288.4006
292.0270
295.5252
300.2389
303.1174
306.8970
311.8312
316.5784
319.1135
324.2062
327.6956
6.6920
9.6770
12.6798
16.5950
21.0908
23.3978
26.9323
31.3784
35.2350
38.1720
42.8994
45.8912
50.8525
53.5141
58.1860
61.3255
66.2683
69.3807
73.5436
77.2713
81.8641
83.8478
89.0054
91.6260
96.4949
99.2810
104.7472
107.0797
111.5795
114.7064
118.4064
122.9341
126.2053
131.3374
133.6200
138.8680
142.3456
147.0469
150.8948
154.6915
158.8256
162.2331
165.9999
170.4129
174.8347
177.3632
182.0750
184.5902
189.0007
192.5248
196.8872
200.2414
203.6625
207.7694
212.6689
215.6019
219.6098
223.6964
227.2768
230.9964
234.9008
238.6087
243.3169
246.4046
250.9327
253.9463
257.9059
261.9119
265.7911
269.8964
274.0630
276.8368
281.1712
285.0039
288.6865
292.2147
296.8363
299.8037
303.6537
308.4555
313.1910
315.8730
320.8952
324.3316
8.1347
10.1815
11.0175
16.4993
19.7742
21.9452
26.9640
31.1127
33.2293
37.8388
41.5464
46.0751
48.6030
53.7821
56.4035
61.2177
64.8275
68.8988
72.3220
77.1759
78.9823
84.0112
87.0033
91.8023
94.4006
100.0518
102.2920
106.6312
110.0701
113.7122
118.0272
121.4185
126.5950
128.6990
134.0165
137.6175
142.1005
146.0170
149.9728
153.9649
157.4016
161.2652
165.5360
169.9508
172.6513
177.2903
179.7349
184.2826
187.6523
192.0234
195.5238
198.8581
202.9240
207.8800
210.7806
214.6778
218.9109
222.4502
226.0977
230.0882
233.7738
238.4184
241.6151
246.1513
249.0455
253.0625
257.1280
260.8991
265.0645
269.2757
271.9307
276.2996
280.1747
283.7748
287.4030
292.0464
294.9060
298.7918
303.6604
308.3594
311.0530
316.1101
319.4807
6.2400
10.4729
12.8637
16.6646
20.6637
23.4365
28.1431
31.8245
35.7409
38.9852
44.4513
46.1024
51.0125
54.5189
59.1319
62.1911
66.7518
70.0018
74.5152
77.0862
81.9584
84.5408
89.7483
92.0895
97.5518
100.3321
104.6918
107.7256
111.6671
116.0066
119.0883
124.5150
126.6947
131.7293
135.3735
140.0932
143.7783
147.7399
151.9443
155.0567
158.9615
163.5144
167.7420
170.4281
175.2225
177.4865
181.9258
185.5734
189.7566
193.1411
196.7128
200.6036
205.5610
208.6945
212.6031
216.6523
220.3850
223.9093
227.8285
231.7228
236.3358
239.3416
244.0135
246.9218
250.8075
254.9433
258.8455
262.8103
267.0611
269.8745
274.0819
278.0685
281.7364
285.1797
289.8867
292.8170
296.5746
301.4797
306.2459
308.7697
313.8469
317.3716
7.7432
9.5206
11.0444
15.6478
18.9672
22.8855
26.6553
31.0186
33.7068
39.1568
41.3792
45.8949
49.4592
54.3108
57.1350
61.5370
65.1770
69.6006
71.9606
77.0335
79.4542
84.5332
87.1718
92.5502
95.1587
99.6581
102.5929
106.4496
110.9673
114.0829
119.3527
121.6603
126.7630
130.2723
135.0833
138.8121
142.6255
146.8591
150.0988
153.8942
158.4440
162.7654
165.3035
170.0906
172.5016
176.8694
180.5239
184.7884
188.0970
191.6323
195.6445
200.5487
203.6020
207.6063
211.6075
215.2878
218.9346
222.8085
226.6265
231.3108
234.3074
238.9095
241.9177
245.8129
249.8625
253.8009
257.8047
261.9970
264.8437
269.0950
272.9915
276.7026
280.1411
284.7997
287.7932
291.5782
296.4067
301.1742
303.7671
308.8037
312.3147
6.4383
10.8041
11.5625
16.3317
20.8702
22.8252
27.0125
31.1398
35.7084
37.7473
43.2051
45.7940
50.4445
54.1725
58.3799
61.5258
66.4163
68.4210
73.3019
76.3638
81.2919
83.6573
89.3493
91.7603
96.0076
99.4709
103.2068
107.3954
110.7290
116.0419
118.0685
123.3083
127.0023
131.4568
135.3153
139.3693
143.3670
146.6849
150.6225
154.9295
159.2610
162.0578
166.7200
169.0458
173.6295
177.0255
181.3233
184.8610
188.2431
192.2134
197.2018
200.1822
204.0222
208.2601
211.8586
215.4132
219.4219
223.1843
227.7792
230.9569
235.5558
238.3883
242.3822
246.5110
250.2773
254.3914
258.6444
261.3006
265.6203
269.5662
273.1499
276.7547
281.4378
284.2673
288.1188
293.0401
297.7473
300.3761
305.4611
308.8600
7.4912
9.3381
11.0207
16.4031
19.7137
23.0479
26.9090
32.2130
33.4003
38.7323
41.9660
46.4138
49.7680
54.3532
57.3061
61.9657
64.5428
69.2768
72.0728
77.3022
79.4420
85.0151
87.8195
92.0581
95.2582
99.2080
103.3839
106.5031
112.0038
114.0633
119.1037
122.8425
127.4424
131.1406
135.2162
139.3489
142.4381
146.4150
150.9062
155.1033
157.9086
162.6719
164.8620
169.3840
172.9580
177.1247
180.5966
184.1347
187.9787
192.9731
196.1121
199.9488
204.0727
207.8013
211.2631
215.2303
219.1350
223.7012
226.7574
231.4506
234.2809
238.1896
242.3723
246.2182
250.1999
254.4841
257.2377
261.4496
265.4756
269.0979
272.5851
277.3138
280.1813
283.9484
288.9006
293.6500
296.1642
301.2659
304.7633
7.0253
9.1913
11.9076
16.2730
20.6276
22.6957
28.3399
30.7084
34.9062
38.6261
43.5680
46.1601
50.5440
54.3492
58.6750
61.0300
66.1666
68.4580
73.5323
76.2572
81.5764
84.1770
88.7304
91.5798
95.4393
100.0174
103.1100
108.3488
110.7096
115.8053
119.2685
124.1370
127.8553
131.6162
135.8789
139.1332
142.8921
147.4660
151.8013
154.2890
159.0864
161.5289
165.8648
169.5428
173.8187
177.0938
180.6332
184.6727
189.5577
192.6034
196.6410
200.6089
204.2887
207.9649
211.8167
215.6280
220.3316
223.3094
227.9003
230.9409
234.8283
238.8557
242.8162
246.8155
250.9922
253.8626
258.1142
261.9905
265.7215
269.1423
273.7912
276.8098
280.5930
285.4001
290.1728
292.7748
297.7999
301.3176
7.9033
10.2868
11.3639
16.1040
19.8288
24.2215
26.8300
31.9632
34.4984
39.3846
42.9173
46.9722
50.4539
55.2665
57.0924
62.1431
65.0595
69.8950
72.4933
78.1109
80.4024
84.7662
88.1309
91.8158
96.1448
99.4887
104.6909
106.8256
112.1038
115.6904
120.2370
124.1146
128.0491
132.0845
135.4855
139.3357
143.6603
148.0547
150.7322
155.3996
157.8301
162.3500
165.7701
170.1210
173.5902
176.9579
181.0154
185.9599
188.8933
192.8130
196.9962
200.5685
204.2127
208.1781
211.8969
216.5465
219.7010
224.2553
227.1695
231.1602
235.2253
239.0323
243.1606
247.3698
250.0672
254.4082
258.2907
261.9163
265.5000
270.1502
273.0371
276.8993
281.7620
286.4761
289.1464
294.2002
297.6014
6.4140
10.9534
13.0195
16.2506
22.0811
22.7822
27.8078
31.4875
35.9083
38.8702
43.6080
46.6363
51.1019
53.9119
58.6541
61.2037
66.5441
68.6970
74.1585
77.0990
81.3998
84.4007
88.4288
92.6788
95.6950
101.2203
103.3608
108.3258
112.0192
116.7445
120.3770
124.3884
128.6062
131.6405
135.5806
140.1662
144.3402
147.0758
151.8869
154.0800
158.5352
162.2022
166.3434
169.7444
173.3407
177.1837
182.1529
185.3313
189.2159
193.2558
197.0241
200.5013
204.4234
208.3616
212.9491
215.9391
220.6444
223.5241
227.3947
231.5603
235.4646
239.3993
243.6692
246.4889
250.6690
254.6886
258.3529
261.7779
266.5049
269.4234
273.1623
278.0906
282.8614
285.3545
290.4436
293.9822
7.3837
10.0975
10.8895
17.0918
19.1023
23.0110
26.9985
31.8957
34.2629
38.7542
42.5314
46.7720
49.2779
54.3686
56.5799
61.7422
64.3873
69.6828
72.3881
76.9260
79.7235
83.6434
88.1881
91.2299
96.5279
98.8791
103.9257
107.4119
112.3003
115.9800
119.7638
124.0456
127.2456
131.0233
135.6288
139.9280
142.4403
147.2543
149.6516
153.9913
157.6922
161.9376
165.2169
168.7801
172.7861
177.6780
180.7587
184.7831
188.7390
192.4470
196.0910
199.9423
203.7874
208.4748
211.4366
216.0528
219.0764
222.9503
226.9988
230.9649
234.9392
239.1295
242.0086
246.2380
250.1393
253.8697
257.2737
261.9376
264.9505
268.7179
273.5417
278.3195
280.8961
285.9300
289.4617
6.2316
9.7206
12.8946
16.2434
21.2447
23.2170
28.2824
31.9002
35.7097
39.3457
44.2087
45.7645
50.8998
53.8605
58.5788
61.2817
66.9126
69.0674
73.4543
76.8662
80.4888
84.8352
88.2301
93.3666
95.5132
100.8418
104.3938
108.9290
112.8416
116.7462
120.7584
124.2264
128.0471
132.3358
136.7696
139.4228
144.0691
146.5458
151.0671
154.4526
158.8412
162.3114
165.6404
169.7429
174.6747
177.5671
181.5053
185.6959
189.2392
192.9189
196.8814
200.5659
205.2310
208.4025
212.9308
215.8613
219.8663
223.9082
227.7096
231.8635
236.0577
238.7472
243.1108
246.9655
250.5941
254.1922
258.8282
261.7200
265.5986
270.4437
275.1516
277.8507
282.8947
286.2786
7.4757
10.2223
10.8303
17.0341
19.0128
23.4720
27.4276
31.6799
34.5163
39.4711
41.5984
46.3452
49.4623
54.4943
56.6520
62.3737
64.9215
69.1020
72.5598
76.3789
80.4645
83.7386
89.1534
91.1406
96.3126
100.0540
104.5246
108.3268
112.4262
116.4457
119.6831
123.6506
128.0032
132.2795
135.1168
139.8036
142.0589
146.6489
150.0801
154.3329
157.8746
161.2917
165.2158
170.2105
173.2452
177.0733
181.2821
184.9270
188.4382
192.4387
196.2554
200.8303
203.9746
208.6116
211.4285
215.3969
219.5519
223.3377
227.4074
231.6763
234.3593
238.6413
242.6200
246.2136
249.7801
254.4840
257.3176
261.1407
266.0792
270.7984
273.3883
278.4818
281.9094
7.3347
9.7500
12.3434
16.4418
21.5280
23.5302
27.8756
31.9501
36.1108
38.4435
43.6438
45.7756
50.8615
53.6433
58.9132
61.5138
66.1015
68.8903
72.7655
77.3547
80.4287
85.6612
88.0444
93.1324
96.5735
101.4722
105.1802
108.9226
113.1926
116.4584
120.2006
124.7793
129.1193
131.5981
136.3951
138.8433
143.1791
146.8512
151.1358
154.4112
157.9376
161.9925
166.8700
169.9089
173.9558
177.9163
181.5949
185.2784
189.1252
192.9346
197.6397
200.6182
205.2068
208.2497
212.1386
216.1617
220.1230
224.1247
228.2988
231.1701
235.4240
239.2952
243.0293
246.4489
251.0976
254.1161
257.9014
262.7063
267.4774
270.0858
275.1094
278.6220
7.7527
10.0992
10.7884
16.4023
19.6047
22.9177
27.1224
31.8393
33.0192
38.3836
41.1669
45.7396
48.7163
54.2544
56.2569
60.7636
64.0764
67.6441
72.1185
75.5212
80.5492
82.7964
88.1556
91.6052
96.2262
100.1498
103.9461
107.9918
111.5294
115.2714
119.5773
124.0607
126.6133
131.2648
133.8243
138.2916
141.6984
146.1274
149.5407
152.8582
157.0296
161.9236
164.7819
168.7846
172.9256
176.4524
180.2000
184.1253
187.7805
192.4868
195.6353
200.1320
203.1256
207.1244
211.1183
214.9542
219.1132
223.2745
225.9996
230.3747
234.1835
237.8461
241.4222
246.0352
248.9717
252.8546
257.6563
262.3708
265.0967
270.1176
273.5065
7.9056
9.5360
13.1661
16.9580
21.5819
23.9083
28.7420
31.4018
35.9109
38.8905
44.1810
46.0478
51.7202
54.5827
58.7063
62.0156
65.9965
70.0086
73.1361
78.7036
80.6815
85.7154
89.5063
94.0509
97.7463
101.8816
105.9729
109.0614
113.0640
117.5214
121.7079
124.5712
129.3138
131.4724
136.0396
139.5645
143.7372
147.2539
150.7548
154.6006
159.6020
162.7299
166.5485
170.6974
174.4182
177.8683
181.8490
185.7498
190.3021
193.3820
198.0755
200.8823
204.8046
208.9946
212.8200
216.8160
221.1056
223.8381
228.0597
232.0863
235.6982
239.2017
243.9333
246.7822
250.5592
255.5187
260.2594
262.7862
267.8907
271.3692
7.6059
11.2828
11.2914
16.1945
20.2200
23.8735
26.8370
31.8615
33.5986
38.9748
41.5564
46.6949
49.6247
54.1967
56.7575
60.8053
65.3579
68.2659
73.6373
76.0353
80.9779
84.4503
89.4414
93.0380
96.8011
101.1484
104.2700
108.0389
112.7238
116.9767
119.4750
124.3270
126.6832
130.9950
134.7576
138.9652
142.2162
145.8215
149.8022
154.6851
157.8127
161.8496
165.7533
169.5041
173.1276
176.9562
180.8459
185.5273
188.4465
193.0897
196.1190
199.9651
204.0235
208.0190
211.9518
216.1471
219.0616
223.2585
227.1771
230.9254
234.2883
238.9647
241.9927
245.7353
250.5633
255.3532
257.9017
262.9375
266.4952
5.8896
10.0848
12.9640
16.3790
21.4167
22.6338
27.7064
30.8565
35.5558
38.0847
43.7930
45.9723
50.2783
53.7752
57.4386
61.6481
65.0324
70.2504
72.3313
77.6283
81.2357
85.7453
89.6279
93.5957
97.5970
101.0145
104.8724
109.1699
113.5611
116.2782
120.9303
123.3382
127.8914
131.2747
135.6309
139.1320
142.4704
146.5314
151.4770
154.4076
158.3183
162.5093
166.0845
169.7163
173.6863
177.4131
182.0504
185.2128
189.7751
192.6718
196.6652
200.7397
204.5394
208.6658
212.8814
215.5736
219.9108
223.8012
227.4245
231.0065
235.6648
238.5413
242.4016
247.2734
251.9855
254.6530
259.7107
263.1080
7.7526
10.3008
11.1925
16.8015
18.5868
22.8950
26.5886
31.5522
33.2598
39.1917
41.7313
45.6985
49.4154
53.2329
57.0512
60.3732
65.8734
67.7138
72.8918
76.7260
81.0781
84.8879
89.0932
93.0392
96.2648
100.2863
104.5813
108.8329
111.7709
116.4271
118.6210
123.2807
126.6448
130.8906
134.5016
137.8803
141.7804
146.7954
149.8299
153.6137
157.8671
161.5098
164.9819
169.0097
172.8343
177.3784
180.5536
185.2039
187.9724
191.9546
196.1361
199.8895
203.9679
208.2552
210.9056
215.1894
219.1886
222.7595
226.3467
231.0635
233.8626
237.6905
242.6536
247.3631
249.9500
255.0554
258.4667
6.0961
9.7547
12.6480
16.0641
20.8369
22.3562
27.9009
30.2873
35.4207
38.4831
42.9915
45.5464
49.6591
54.1094
56.9871
62.4324
64.7802
69.6917
73.2107
78.1752
81.7526
85.5695
89.8994
92.9904
96.7924
101.4684
105.6955
108.2505
113.0968
115.4068
119.7545
123.4946
127.6876
130.9760
134.5721
138.5281
143.4262
146.5661
150.5738
154.5006
158.2591
161.8504
165.6962
169.6004
174.2594
177.1935
181.8523
184.8474
188.6990
192.7807
196.7567
200.6896
204.9011
207.7958
211.9891
215.9284
219.6604
223.0350
227.7238
230.7268
234.4695
239.3193
244.1039
246.6441
251.6911
255.2410
7.7922
10.1916
10.8472
16.5395
18.3053
23.0024
26.2392
31.4400
33.6388
38.3314
41.1934
44.9276
49.5470
52.7422
57.8217
60.2284
65.4375
68.8025
73.6651
77.4547
81.1488
85.3475
88.7743
92.4613
96.9387
101.3646
103.8252
108.5635
111.0959
115.4674
119.0292
123.3996
126.7128
130.1317
134.2790
139.1403
142.0853
146.1487
150.1562
153.7666
157.5081
161.3678
165.1035
169.8248
172.8649
177.4039
180.4505
184.3832
188.3742
192.2978
196.3666
200.5222
203.3482
207.6566
211.4826
215.2030
218.6761
223.3034
226.3036
230.1314
234.9190
239.6682
242.3386
247.3523
250.8120
6.4356
9.1805
12.1642
15.8853
21.1896
22.1773
28.1095
31.1067
34.9237
38.4796
42.5037
46.1714
49.3133
55.0078
56.8234
61.8388
65.7327
70.1671
73.8560
78.1013
82.1237
85.1922
89.2481
93.6545
97.8134
100.7754
105.4890
107.5863
112.2213
115.6812
119.8491
123.4323
126.8928
130.7212
135.7397
138.8643
142.6450
146.8337
150.5506
153.9690
157.9735
161.8783
166.4042
169.5142
174.2167
176.9819
180.9189
185.1292
188.9247
192.9328
197.2364
199.9387
204.1659
208.2057
211.7983
215.3226
220.0635
222.8824
226.6670
231.6451
236.3757
238.9065
244.0197
247.4794
7.9874
9.7240
10.5559
16.8343
17.9025
23.0784
26.8488
30.9752
33.5076
37.8883
41.9274
44.6326
50.4018
52.5516
57.2824
60.9990
65.8814
69.3463
73.3613
77.6728
80.5631
84.5003
89.2077
93.2974
96.0338
100.8965
103.0116
107.4401
111.1831
115.2740
118.6454
122.2841
126.1043
131.0550
134.2918
138.2021
142.1626
145.9875
149.4460
153.3310
157.3253
161.9080
164.8419
169.5771
172.4719
176.3084
180.4764
184.4226
188.3087
192.5773
195.4473
199.5919
203.6192
207.3149
210.6843
215.4216
218.3671
222.0799
227.0013
231.7858
234.2596
239.3438
242.9079
6.5172
9.8408
13.1504
16.2349
21.8692
23.3492
27.7594
31.4071
34.8598
39.0994
42.6181
47.6432
49.7785
55.1935
58.6859
63.2099
67.1566
71.0278
74.9964
78.5639
82.3340
86.5768
91.0510
93.6942
98.3135
100.8217
105.3603
108.6933
113.1241
116.6078
119.8775
124.0354
128.9444
131.8034
135.7684
139.9456
143.4769
147.1841
151.1326
154.8050
159.4783
162.6523
167.1699
170.1126
174.1210
178.1464
181.9545
186.1134
190.2970
192.9958
197.3643
201.2017
204.8447
208.4321
213.0652
215.9663
219.8471
224.6801
229.3878
232.1006
237.1371
240.5161
7.5727
10.4897
10.7004
17.0883
19.2760
22.8353
27.0344
30.7297
34.1662
37.6079
43.1210
44.8209
50.0620
53.9343
58.1845
62.0327
66.2835
70.1523
73.4436
77.4636
81.6885
85.9651
88.9385
93.5560
95.7593
100.4596
103.7528
108.0348
111.6817
114.9989
118.9377
123.9457
126.9413
130.7297
135.0014
138.6192
142.1115
146.1429
149.9420
154.4898
157.6885
162.3209
165.0902
169.0886
173.2562
176.9979
181.0999
185.3782
188.0165
192.3196
196.2983
199.8701
203.4705
208.1792
210.9762
214.8187
219.7709
224.4734
227.0861
232.1847
235.5774
6.9417
9.1613
13.2148
16.6667
21.2873
23.1983
27.4846
32.0053
34.7029
40.1343
42.6123
47.4447
50.8578
55.9754
59.4954
63.2139
67.5994
70.7143
74.4459
79.1635
83.4082
85.8944
90.7523
93.1025
97.4167
101.1720
105.3900
108.6453
112.2248
116.2324
121.1004
124.2201
128.2733
132.1601
135.9128
139.5453
143.3644
147.2547
151.9355
154.8568
159.4984
162.5276
166.3770
170.4301
174.4246
178.3622
182.5545
185.4680
189.6695
193.5801
197.3322
200.6952
205.3722
208.3966
212.1445
216.9704
221.7560
224.3177
229.3517
232.8968
7.6586
10.3361
10.7394
16.0210
18.5309
21.9313
26.8436
30.1418
34.8449
37.4473
42.7853
45.9131
50.8669
54.7208
58.2306
62.4112
66.0407
69.5879
74.0063
78.5426
80.8865
85.5865
88.2559
92.5997
96.1009
100.5662
103.8531
107.1847
111.4547
116.2688
119.1223
123.2509
127.2443
130.7978
134.6302
138.4662
142.1327
146.8950
149.9549
154.4389
157.5346
161.4888
165.4235
169.3495
173.4619
177.5815
180.4063
184.7547
188.5202
192.2571
195.7450
200.3436
203.3638
207.2190
211.9660
216.7065
219.4317
224.4233
227.8550
6.8149
10.5830
13.3541
16.8697
21.0718
24.1756
27.1459
33.0511
34.7793
39.6701
43.6030
48.0954
51.7002
55.9601
60.0127
63.0317
67.0764
71.5329
75.6630
78.6189
83.3514
85.4263
90.0476
93.5361
97.6964
101.2595
104.7272
108.5695
113.5686
116.7081
120.5208
124.6595
128.3972
131.8289
135.8054
139.7271
144.2641
147.3425
152.0489
154.8414
158.7617
162.9576
166.7841
170.7724
175.0645
177.8024
182.0178
186.0454
189.6650
193.1560
197.8942
200.7415
204.5160
209.4757
214.2155
216.7471
221.8500
225.3238
7.6404
10.2335
10.7359
15.7075
19.4524
21.6207
27.5484
29.8436
34.3349
37.9385
43.0673
46.3974
50.2916
54.7039
57.5777
61.4282
66.2231
70.3163
72.9573
77.8489
80.0057
84.3777
88.1652
92.2786
95.5925
99.2263
103.1097
108.0181
111.2389
115.2174
119.1096
122.9349
126.4507
130.2926
134.2742
138.8910
141.7955
146.5093
149.4604
153.2874
157.4133
161.3952
165.2806
169.5201
172.4271
176.5787
180.5648
184.2949
187.6392
192.3588
195.3437
199.0599
203.9430
208.7328
211.2335
216.2971
219.8623
6.0805
9.2117
11.5878
16.2290
19.9388
24.3196
26.7773
32.3536
35.4705
40.1929
44.1882
47.7629
51.7667
55.5637
59.1223
63.3603
67.9600
70.3982
75.0082
77.6933
82.1412
85.4772
90.0035
93.3949
96.6098
100.9137
105.7463
108.5284
112.6102
116.7035
120.1994
124.0273
127.9119
131.5297
136.2698
139.4126
143.8756
146.9173
150.9194
154.8658
158.7249
162.8960
167.0267
169.7781
174.1667
177.9302
181.6256
185.1805
189.7791
192.7451
196.6341
201.4020
206.1177
208.8743
213.8761
217.2580
8.2753
9.5696
11.4310
15.6855
20.6083
22.0699
27.7299
31.4509
35.4751
39.5449
43.7056
47.3804
51.0264
54.9145
58.9276
63.3816
66.2881
70.7961
73.1786
77.9083
81.0302
85.4692
89.1371
92.2848
96.4003
101.3585
104.1970
108.0521
112.3542
115.8663
119.4863
123.5071
127.1862
131.7879
135.0464
139.5898
142.4154
146.4626
150.5507
154.2755
158.4626
162.6903
165.3051
169.6824
173.5689
177.1536
180.7976
185.4605
188.2768
192.1710
197.0648
201.7490
204.4534
209.5200
212.8604
5.7688
10.6146
12.1728
17.1434
20.2576
24.7991
27.7223
33.3289
36.7065
40.0505
44.5940
47.8270
51.3289
56.1391
60.4624
62.7191
67.6023
70.1032
74.3051
78.1050
82.3960
85.5456
89.0918
93.2331
98.0242
101.0831
105.2518
109.0451
112.7722
116.5163
120.2709
124.1145
128.8566
131.7462
136.3380
139.4589
143.3027
147.2819
151.3221
155.2733
159.4164
162.3750
166.5980
170.4381
174.2362
177.5743
182.2188
185.2985
189.0584
193.8247
198.6144
201.2231
206.2253
209.7653
7.5131
10.2669
13.0082
16.4573
21.8558
24.2182
29.5194
33.3904
36.4225
40.6504
44.5864
47.8383
52.2330
56.9213
59.0187
63.6956
66.5722
70.8205
74.2984
78.8750
82.0749
85.3251
89.7553
94.4886
97.2469
101.4855
105.4104
108.9153
112.8668
116.6475
120.2485
125.0702
128.1171
132.5426
135.7207
139.6788
143.5400
147.4980
151.6350
155.7069
158.5626
162.9387
166.6344
170.4089
173.8831
178.4496
181.5149
185.3857
190.0785
194.8193
197.5921
202.5546
205.9755
5.7375
9.7611
10.6930
16.4489
20.1424
24.1244
28.1614
32.3246
35.9890
39.6390
43.4966
47.5391
51.9773
54.8776
59.4014
61.7643
66.4813
69.6318
74.0608
77.7084
80.8697
84.9897
89.9318
92.7957
96.6769
100.9291
104.4711
108.0918
112.0871
115.7954
120.4022
123.6237
128.1820
131.0267
135.0518
139.1370
142.8938
147.0502
151.2746
153.9266
158.2815
162.1713
165.7792
169.3852
174.0532
176.8932
180.7690
185.6560
190.3522
193.0408
198.1036
201.4670
7.6904
9.1151
12.7617
16.5641
21.6266
24.7997
28.8684
33.1605
36.0381
39.9373
44.6343
48.7128
51.4993
56.3236
58.4221
62.9152
66.5565
70.7087
74.1373
77.6591
81.5699
86.4938
89.6641
93.6026
97.5725
101.3593
104.8638
108.7455
112.6955
117.2873
120.2645
124.9653
127.8645
131.7347
135.8720
139.7956
143.7328
147.9824
150.8259
155.0142
158.9958
162.6927
166.0945
170.8152
173.7517
177.5005
182.4003
187.1667
189.7031
194.7742
198.2895
5.7193
10.0177
11.3521
16.8507
20.6205
23.4792
27.6709
31.7002
34.8859
39.2479
43.9309
46.0831
50.7438
53.5713
57.8738
61.3019
65.8725
69.1276
72.3466
76.7578
81.5032
84.2801
88.4866
92.4313
95.9560
99.8607
103.6594
107.2922
112.0809
115.1401
119.5956
122.7258
126.6853
130.5830
134.5219
138.6476
142.7448
145.5831
149.9444
153.6758
157.4333
160.9112
165.5005
168.5348
172.3977
177.1239
181.8620
184.6126
189.5924
193.0121
7.0259
10.5142
13.4404
17.7158
22.0559
25.3507
29.2048
33.0649
36.8724
41.3554
44.3820
48.8026
51.1492
55.9687
58.9620
63.4380
67.1754
70.2319
74.3790
79.3270
82.1420
85.9937
90.3035
93.8120
97.4275
101.4483
105.1313
109.7221
112.9894
117.5371
120.3496
124.3999
128.4907
132.2125
136.3977
140.6271
143.2432
147.6171
151.5046
155.0944
158.7297
163.3983
166.2122
170.1036
174.9995
179.6835
182.3882
187.4546
190.7938
6.1191
9.5711
12.0670
16.9480
20.8561
23.3891
27.5843
32.1368
36.0183
39.2061
43.9437
45.7602
50.4679
53.9511
58.0366
61.6590
65.1149
68.9144
73.9056
77.1125
80.9208
84.9987
88.8011
92.1831
96.1357
100.1261
104.6355
107.6755
112.4218
115.1999
119.0947
123.3065
127.1579
131.1034
135.4027
138.1750
142.3577
146.3997
150.0418
153.4872
158.2413
161.0997
164.8528
169.8149
174.5631
177.0792
182.1812
185.6699
8.1724
10.0451
12.3753
17.1396
20.5138
23.6750
28.5331
32.8855
35.0678
39.9263
42.4611
46.6929
50.3972
54.7547
57.9462
61.3752
65.6040
70.3645
73.3687
77.5549
81.3581
85.0606
88.8239
92.5820
96.4030
101.1363
104.0662
108.6457
111.7435
115.6137
119.5905
123.5999
127.5839
131.7285
134.6528
138.8997
142.7297
146.5139
149.8822
154.5288
157.5786
161.3598
166.1348
170.9085
173.5454
178.5512
182.0547
5.6764
10.6544
12.2845
16.4356
20.3999
23.5848
28.0393
31.4920
35.6822
37.8461
42.9147
45.6074
50.1023
54.0479
56.9460
61.0561
66.0443
68.8294
72.5783
77.0015
80.4879
84.0285
88.1096
91.7948
96.3254
99.6625
104.2276
106.9472
111.0284
115.1649
118.8224
123.0297
127.2901
129.8438
134.2250
138.1458
141.6941
145.3694
150.0579
152.8125
156.7138
161.6501
166.3173
169.0176
174.1032
177.4153
7.3626
9.6658
11.5282
16.0403
20.2889
23.9641
27.5612
32.1492
33.7337
38.6456
41.9308
46.0094
49.7941
53.1369
56.9097
61.9302
65.1188
68.8583
73.0123
76.7987
80.1335
84.1275
88.1143
92.5838
95.6789
100.4310
103.1475
107.0702
111.3070
115.1102
119.0823
123.3984
126.1224
130.3208
134.3746
137.9885
141.4698
146.2324
149.0496
152.8184
157.8020
162.5347
165.0631
170.1748
173.6342
6.5074
9.7326
11.4521
16.6645
21.0513
22.6939
27.6272
30.3739
34.4002
38.1882
42.6158
45.6549
49.0504
53.4253
58.0859
61.0442
65.3547
69.0358
72.7322
76.5909
80.2771
84.0740
88.8575
91.7425
96.2901
99.4661
103.3200
107.2401
111.2966
115.2755
119.3833
122.3549
126.6059
130.3886
134.2131
137.5484
142.1753
145.2706
149.0515
153.7850
158.5658
161.2259
166.2099
169.7189
7.7948
9.2446
11.5955
16.7264
19.3860
23.4719
26.2674
31.0404
33.7176
38.4968
42.1675
44.9334
49.4215
54.2140
56.8224
60.8617
65.0780
68.4924
72.3122
76.2463
79.8177
84.5043
87.7614
92.2150
95.1570
99.2178
103.1915
106.9657
111.1911
115.3454
118.0146
122.4319
126.2100
129.8645
133.4725
138.0932
140.9828
144.8964
149.7065
154.3948
157.1712
162.1918
165.5204
6.0735
10.8850
12.9395
16.9383
21.6757
22.4855
27.3170
31.0034
34.7142
38.4008
42.0176
45.5500
50.5642
54.0315
57.7740
61.7034
65.6968
68.8971
72.8104
76.9974
81.4251
84.3492
89.2162
91.9414
95.7558
100.0413
103.9465
107.7648
112.1047
114.9481
119.0307
123.1516
126.8184
130.1661
134.9685
137.8359
141.5225
146.5207
151.2935
153.7264
158.8454
162.3927
7.6645
10.3341
11.7343
16.9504
19.0967
23.0266
27.1367
31.2666
34.2772
37.8646
42.0254
46.7060
49.9041
54.1574
57.7193
61.5912
65.2770
68.9438
72.9247
77.6270
80.4195
85.0895
88.1941
91.9808
95.9921
100.0805
103.9456
108.1092
111.1243
115.2812
119.1630
122.9886
126.2529
130.9367
134.0146
137.7340
142.5276
147.3281
149.8952
154.9103
158.4713
6.5446
9.3574
12.2667
15.1016
20.1533
22.1387
27.1146
31.0023
33.4264
38.0118
42.7818
45.2795
49.2726
53.5800
56.9418
60.7468
64.7171
68.2598
72.9143
76.2368
80.6839
83.5695
87.6622
91.6521
95.3788
99.6339
103.8008
106.4246
110.8579
114.6441
118.2745
121.9135
126.5427
129.3947
133.3214
138.1514
142.8261
145.6117
150.6410
153.9448
7.9118
10.3093
9.8340
15.6232
18.1779
22.0892
26.3305
29.3733
33.0304
38.0863
41.3058
44.9221
49.1358
52.9516
56.1726
60.2041
64.2388
68.6318
71.7695
76.5558
79.1846
83.1238
87.4000
91.1623
95.1374
99.4764
102.1676
106.3633
110.4377
114.0348
117.5273
122.3075
125.0879
128.8613
133.8674
138.5886
141.1220
146.2421
149.6795
5.9445
9.8937
12.1663
16.3361
20.9040
23.2587
26.5152
31.3577
35.6549
38.4907
43.1517
46.4552
50.1539
54.2397
57.7289
61.4853
66.3772
69.1417
73.6272
76.9738
80.7807
84.5817
88.7450
92.6984
96.7319
99.8086
104.0565
107.7494
111.6576
114.9160
119.5090
122.6933
126.4666
131.1233
135.9194
138.6163
143.5605
147.0838
7.5405
9.6030
11.2174
16.7978
19.6181
21.7157
27.1307
31.3546
33.5586
38.1590
41.9203
45.2211
49.4906
53.1419
56.5559
61.4621
64.5685
68.8713
72.1274
76.1349
79.8810
83.8312
88.0477
92.0591
94.9040
99.3410
102.9407
106.7449
110.2325
114.7767
117.8421
121.7514
126.4070
131.1266
133.9780
138.9190
142.2810
7.0562
9.0915
12.3110
16.6864
19.7681
23.2346
28.2542
31.6808
35.3219
39.3286
43.2949
46.4457
50.3996
54.5629
58.9399
61.9600
66.8076
69.4667
73.3387
77.6223
81.4618
85.3490
89.6871
92.4650
96.5999
100.6902
104.3352
107.7408
112.5349
115.3624
119.0933
124.0886
128.8342
131.3306
136.4448
139.9293
8.0951
9.8961
11.2555
15.5899
19.5719
23.8260
27.5030
32.0224
34.8251
39.0583
42.6723
46.0581
50.3164
55.0106
57.4806
62.2730
65.4824
69.0962
73.1023
77.3741
81.0319
85.1851
88.3957
92.4109
96.3242
100.2506
103.3225
108.0369
111.2080
114.8324
119.6079
124.4563
126.9394
131.9450
135.6006
6.7249
11.0694
11.5376
16.4927
20.9970
23.2645
27.2104
31.5551
34.9106
38.6454
42.6206
46.2148
50.7968
54.1432
58.6363
61.4416
65.5321
69.5652
73.2783
77.5007
81.6954
84.3211
88.7199
92.5471
96.1791
99.7873
104.4505
107.2796
111.1832
116.0458
120.7237
123.4771
128.5207
131.8355
7.0676
9.0370
10.9589
16.1763
20.0951
23.2905
27.2440
31.4541
34.1874
38.1884
42.5981
46.7819
49.7613
54.7569
57.2432
61.0713
65.4809
69.2949
73.0897
77.4984
80.2697
84.3266
88.5187
92.1383
95.5076
100.3577
103.1345
106.8238
111.8855
116.6337
119.0622
124.2074
127.7114
6.9091
9.4238
12.7720
17.2128
21.8159
23.7269
28.3720
31.7866
34.9236
39.4722
44.0963
46.2989
51.2226
54.4578
57.9324
61.9718
66.3566
69.8486
74.0168
77.3469
81.2482
85.2135
89.1891
92.1363
96.8856
100.0943
103.6497
108.4368
113.3132
115.7248
120.7362
124.4517
7.8578
10.2208
12.0525
16.9598
20.2454
23.7326
27.8993
31.4311
35.0635
39.8645
42.8749
47.3250
50.4817
54.4209
58.2715
62.2542
66.3430
70.4234
73.3154
77.6446
81.3604
85.1702
88.5731
93.1960
96.2263
100.0680
104.8041
109.5424
112.2929
117.2745
120.6849
5.8320
11.3857
13.5549
16.6970
21.5412
23.5287
27.4113
32.3279
36.2570
38.9598
44.2014
46.5697
50.2330
54.7754
58.6812
62.2491
66.7217
69.6104
73.5036
77.8139
81.4692
84.6889
89.6037
92.3998
95.9921
101.0981
105.8812
108.1944
113.3600
116.9469
7.2408
10.2067
11.2550
16.4190
19.0360
22.3045
27.1778
31.4490
33.7975
38.9011
41.7610
45.3063
49.5603
53.7498
57.2745
61.5725
64.7161
68.6229
72.7232
76.5687
79.6382
84.4610
87.4844
91.0706
95.9928
100.8214
103.2186
108.2947
111.9307
7.1316
9.3748
11.6961
16.7363
19.9995
23.0363
28.0012
31.2519
35.4075
38.6549
42.7341
46.3975
50.2900
54.5821
58.5692
61.3641
65.8405
69.4025
73.2050
76.7143
81.2735
84.2869
88.2194
92.8939
97.5898
100.4746
105.4221
108.7336
8.2533
9.9316
11.8003
16.5720
20.0690
23.8126
27.8582
32.4524
34.3917
38.7179
43.0895
46.3315
50.6693
55.0629
57.3070
61.7242
65.7634
69.1623
72.9659
77.7431
80.2557
84.1938
89.2697
93.8659
96.5744
101.7121
104.9123
6.6150
9.1755
11.2938
16.1358
20.5456
22.7108
27.6470
30.7935
34.3372
38.3529
42.6369
46.2498
50.4168
53.6226
57.6247
61.5356
65.4634
68.5352
73.2818
76.3879
80.0359
84.8417
89.6597
92.1907
97.2080
100.7901
8.1770
9.7765
11.3424
16.6268
20.0966
23.8039
27.2216
31.4067
34.8134
38.6573
43.1153
46.9889
49.7370
54.3253
57.7349
61.5598
65.1198
69.6255
72.6471
76.6395
81.2519
85.9214
88.9058
93.8199
97.0673
5.8580
10.8055
12.9223
16.4640
21.7223
23.0937
27.0955
31.8736
35.2550
39.1032
43.6804
46.1444
50.2153
54.5439
58.0015
61.5116
66.4395
68.9764
72.7181
77.9074
82.5786
85.0426
90.2344
93.6085
7.6599
10.1042
11.5847
17.0777
19.6782
23.0551
27.3756
31.5901
35.0027
39.3215
42.4896
46.3569
50.4544
54.3180
57.3575
62.2053
65.1920
68.7921
73.7223
78.5296
80.9731
86.0476
89.6295
6.5217
10.3456
12.7196
16.3673
20.7062
23.6655
27.3820
32.0862
35.8056
38.4585
43.1885
46.4198
50.2559
53.8880
58.3402
61.3467
65.4072
69.9669
74.6017
77.6883
82.5731
85.7453
7.2709
10.0689
10.7273
15.5213
19.6622
22.5383
27.1353
31.4215
33.5403
38.0882
41.9602
45.4069
49.2276
53.9632
56.4912
60.4864
65.4798
70.0546
72.8813
77.9665
81.1104
6.9981
9.7416
11.8823
15.9572
20.7419
23.5916
27.7922
31.4077
35.0360
39.0510
43.1280
45.8513
50.6958
53.8692
57.3719
62.2011
67.0636
69.4838
74.5101
78.1753
7.9305
10.0714
11.1118
16.0247
20.0713
23.3096
26.8036
31.2170
34.1575
38.4369
41.5008
45.9081
49.3225
53.1966
57.5457
62.3078
65.3201
70.1146
73.4909
5.8510
10.4788
12.2712
16.6182
21.1877
23.0531
27.3897
31.5886
34.9097
38.6689
43.5591
45.9081
49.8143
54.9821
59.5508
62.2285
67.3850
70.5624
7.1482
10.3480
12.0299
16.9414
20.0913
23.3202
27.9677
31.6915
34.5000
39.6072
42.3248
45.7746
50.9650
55.7471
57.9997
63.1794
66.7650
7.3264
9.4897
12.2064
16.4774
20.3564
23.2891
27.7986
30.4189
34.9455
38.4501
42.1494
46.5453
51.3701
54.2250
59.0495
62.5416
7.8355
10.5889
11.0810
16.4521
19.6060
22.9176
27.1410
31.7002
34.0373
38.2873
43.1426
47.5813
50.7297
55.7213
58.6210
5.9381
9.7363
11.4995
16.3957
20.2834
22.4838
27.7158
30.5141
33.8025
38.9725
43.7911
45.9909
51.1500
54.7930
7.7971
9.2657
11.6040
16.6144
18.2327
22.9072
26.6010
30.0369
34.4273
39.3246
42.0254
46.8605
50.4705
7.1592
9.4828
11.8706
16.7752
21.2989
22.9917
27.4127
32.4398
36.7098
39.9197
44.9487
47.6603
7.8871
9.9546
11.8930
17.5249
19.2749
22.5066
28.1993
32.8089
34.8877
40.2060
43.6373
6.2812
8.4398
12.1174
15.4901
19.6712
23.6265
28.1874
31.7057
36.3514
39.3478
8.2073
11.2395
11.2610
16.3301
21.2377
25.0918
28.7103
33.6235
35.9046
6.0789
9.6481
11.9755
16.5144
21.4478
23.8293
28.7496
32.4386
7.5915
9.8506
11.6669
16.5674
20.2604
24.4428
27.7616
6.1688
10.9902
14.2268
17.7559
22.6382
24.7899
7.9369
11.5266
12.6032
18.0767
21.4770
5.5451
9.5301
12.8923
16.3321
7.9292
9.7077
11.2201
6.1261
11.1899
7.2576
