# Pairwise distances between all Valine CB atoms (in Å)
7.3967
9.8558
11.3561
15.4564
20.1845
22.7652
27.2399
31.3749
34.1797
38.8779
41.6878
46.1912
49.0933
53.8554
56.6261
61.4255
64.3351
68.8748
71.7899
77.0307
80.2374
84.2236
88.3199
91.4142
95.1569
99.5443
102.4554
107.7026
109.9908
115.0237
118.7046
122.8994
126.8724
131.2118
134.6091
139.2204
142.7247
146.9923
149.3495
153.7982
157.1711
161.2070
164.9385
169.4467
172.3941
175.9252
180.6473
185.4987
188.1504
193.2109
196.7030
200.1663
204.1800
208.7795
212.0329
215.7792
219.7685
224.2383
226.9011
232.0545
235.1072
239.8606
243.4014
247.9200
250.3648
254.9591
258.3910
262.6822
265.7494
270.1746
273.2025
278.8595
281.7126
284.9433
289.8473
292.9899
297.4583
301.2765
306.1141
308.2200
311.7014
315.7649
320.5513
325.1478
328.2267
332.9309
336.5541
339.9698
343.5874
347.7815
351.2827
354.7674
359.3049
364.3441
367.9176
371.2117
375.1622
379.4913
383.2777
387.4641
390.5858
5.7544
10.5781
11.3408
16.4085
20.1074
23.6576
27.2559
31.5241
35.5534
37.9979
43.0367
45.2813
49.8470
53.4737
57.9066
60.6993
65.6017
68.2522
73.2218
76.9727
80.8368
84.5965
88.0187
91.8308
95.8412
99.1764
104.4077
106.3056
111.4546
115.3846
119.3150
123.4054
127.9072
130.9873
135.6217
139.3715
143.4487
145.7554
150.3976
153.5403
157.6219
161.5778
165.9052
168.8981
172.5360
177.0488
181.8690
184.7811
189.8026
193.0994
196.7627
200.6832
205.1883
208.6565
212.2958
216.1895
220.7763
223.3344
228.4500
231.6855
236.4118
239.8162
244.4252
246.9216
251.3806
254.9572
259.2589
262.1676
266.6139
269.7548
275.3256
278.2509
281.5490
286.3067
289.5134
294.0880
297.8080
302.6345
304.8465
308.1729
312.2736
317.1534
321.6615
324.7661
329.5349
333.0938
336.4499
340.1980
344.3195
347.7562
351.3474
355.8130
360.8231
364.5176
367.7958
371.6454
376.0356
379.8251
383.9243
387.1481
7.2542
9.4243
11.7980
15.9865
20.6226
23.3652
27.2397
31.9100
33.6036
38.5972
41.5289
45.7408
49.2688
54.0400
56.3802
61.2851
64.3687
69.3133
72.7783
76.9497
80.5057
83.8461
87.9104
91.9121
95.0166
100.3694
102.2395
107.2578
111.2908
115.3648
119.2186
123.7440
126.9932
131.4720
135.2926
139.4814
141.6049
146.2554
149.5624
153.5006
157.4597
161.9066
164.7137
168.4165
173.0251
177.7774
180.6707
185.7523
189.0467
192.6096
196.6673
201.1361
204.5280
208.2726
212.0836
216.6437
219.3368
224.4062
227.5622
232.3899
235.7564
240.3011
242.8941
247.3574
250.8405
255.2053
258.1654
262.5370
265.7357
271.3244
274.1369
277.4656
282.2740
285.4035
290.0063
293.7708
298.5125
300.7479
304.1056
308.1593
313.0605
317.6255
320.6429
325.4115
329.0526
332.3646
336.0926
340.2721
343.6603
347.2117
351.7576
356.7406
360.3987
363.7347
367.5650
371.9353
375.7889
379.8933
383.0540
7.3473
9.8180
11.5081
16.7553
20.5923
22.8433
27.8287
30.5355
34.8754
38.0526
42.7635
45.3181
50.2534
53.0835
57.5530
60.6027
65.8724
68.9279
73.0147
77.0861
80.1159
83.9290
88.3439
91.1490
96.4299
98.7440
103.7327
107.4147
111.6702
115.5689
119.9023
123.3668
127.9356
131.4379
135.7498
138.0621
142.4959
145.9308
149.9229
153.6396
158.1911
161.0877
164.6264
169.3873
174.2233
176.8527
181.9313
185.4338
188.8587
192.9140
197.5086
200.7298
204.5097
208.4821
212.9373
215.6434
220.7855
223.8061
228.5893
232.1258
236.6219
239.0912
243.6930
247.0914
251.3997
254.4894
258.8917
261.9311
267.5968
270.4142
273.6510
278.5749
281.6930
286.1659
289.9995
294.8140
296.9227
300.4179
304.4672
309.2559
313.8713
316.9251
321.6271
325.2750
328.6803
332.2881
336.5004
339.9906
343.4608
348.0222
353.0551
356.6147
359.9252
363.8733
368.1946
371.9993
376.1902
379.2901
8.0953
10.0680
12.3917
16.7984
21.0246
24.4487
27.7684
32.5922
34.3704
39.3580
42.6874
46.9327
50.1995
54.9296
57.2847
62.3856
66.1527
69.8126
73.8599
77.2107
80.8042
84.9575
88.3092
93.4464
95.5163
100.7265
104.4685
108.3885
112.6183
117.0377
120.1053
124.8549
128.4478
132.5133
134.9847
139.5382
142.6470
146.8194
150.6825
154.9880
158.1098
161.6501
166.1721
171.0587
173.8795
178.8693
182.2453
185.9064
189.7574
194.3274
197.7691
201.3692
205.3647
209.9235
212.4224
217.5871
220.8088
225.4700
228.9563
233.5771
235.9811
240.4903
244.0784
248.3289
251.2633
255.7552
258.8092
264.4006
267.3797
270.6290
275.4060
278.6444
283.1577
286.8817
291.7757
293.9294
297.2919
301.4131
306.2404
310.7406
313.8998
318.6439
322.1662
325.5780
329.2904
333.3967
336.8949
340.4744
344.9072
349.9489
353.6235
356.8649
360.7677
365.1483
368.8902
373.0199
376.2490
5.6185
10.5248
11.8404
15.7439
20.4655
21.8341
26.8250
29.8881
34.0351
37.4887
42.3130
44.6116
49.4910
52.6252
57.5826
60.9812
65.1980
68.7415
72.0499
76.1467
80.1599
83.2190
88.5812
90.4720
95.4792
99.4958
103.5962
107.4299
111.9465
115.2226
119.6965
123.4985
127.7065
129.8296
134.4619
137.7943
141.7235
145.6645
150.1281
152.9308
156.6228
161.2506
166.0063
168.8763
173.9616
177.2723
180.8180
184.8841
189.3605
192.7343
196.4881
200.3075
204.8564
207.5608
212.6328
215.7716
220.6032
223.9807
228.5170
231.1067
235.5817
239.0510
243.4156
246.3910
250.7590
253.9491
259.5455
262.3500
265.6736
270.4944
273.6180
278.2131
281.9849
286.7279
288.9548
292.3246
296.3756
301.2690
305.8412
308.8569
313.6204
317.2661
320.5832
324.3007
328.4857
331.8800
335.4230
339.9736
344.9595
348.6080
351.9448
355.7835
360.1485
364.0022
368.1143
371.2657
7.0580
9.7087
11.5147
16.4994
19.1867
23.4812
26.6089
31.3187
33.8757
38.7785
41.6251
46.1191
49.1265
54.3697
57.4873
61.5731
65.5838
68.6557
72.5011
76.8490
79.7173
85.0000
87.2479
92.2594
95.9801
100.1941
104.1112
108.4755
111.8840
116.4590
120.0029
124.2838
126.5879
131.0533
134.4512
138.4496
142.2069
146.7266
149.6337
153.1893
157.9134
162.7456
165.4215
170.4934
173.9603
177.4227
181.4607
186.0380
189.2999
193.0598
197.0151
201.4915
204.1801
209.3147
212.3688
217.1486
220.6588
225.1715
227.6521
232.2284
235.6532
239.9646
243.0257
247.4302
250.4930
256.1426
258.9719
262.2227
267.1185
270.2483
274.7438
278.5575
283.3696
285.5001
288.9640
293.0208
297.8285
302.4268
305.4853
310.2007
313.8360
317.2292
320.8634
325.0613
328.5388
332.0305
336.5772
341.6045
345.1886
348.4963
352.4238
356.7572
360.5637
364.7374
367.8567
6.7273
10.4407
12.1737
16.8232
21.1667
22.2378
27.6850
30.6518
34.6727
38.3961
42.9336
45.0138
50.2235
53.9865
57.4911
61.7490
65.0325
68.4755
72.7293
76.0786
81.1500
83.3415
88.5870
92.1951
96.1157
100.4272
104.7894
107.8567
112.6752
116.1625
120.2279
122.7984
127.2890
130.3881
134.6088
138.4092
142.7083
145.9023
149.3807
153.9159
158.8409
161.5991
166.5724
169.9995
173.6507
177.4672
182.0757
185.4940
189.0770
193.1309
197.6685
200.1417
205.3331
208.5384
213.1673
216.7017
221.3238
223.6782
228.2192
231.8056
236.0295
238.9853
243.4979
246.5032
252.1090
255.1105
258.3325
263.1257
266.3763
270.8550
274.5847
279.5125
281.6327
285.0194
289.1491
293.9461
298.4462
301.6310
306.3600
309.8672
313.3086
316.9978
321.0996
324.6308
328.1997
332.6193
337.6777
341.3373
344.5615
348.4943
352.8671
356.5865
360.7349
363.9610
7.7906
9.5584
11.1777
16.4342
18.2015
22.6400
26.5115
30.8091
33.5252
38.4917
41.1129
46.0147
49.8125
53.7394
57.3426
60.7976
64.7240
68.6337
71.9830
77.2394
79.0567
84.2014
88.1822
92.1099
96.1566
100.6894
103.7610
108.3661
112.1571
116.2407
118.4999
123.1574
126.3210
130.3685
134.3479
138.6844
141.6435
145.2995
149.8159
154.6209
157.5491
162.5805
165.8591
169.5170
173.4606
177.9486
181.4179
185.0720
188.9395
193.5267
196.1131
201.2132
204.4411
209.1925
212.5758
217.1747
219.7008
224.1507
227.7123
232.0316
234.9448
239.3703
242.5363
248.1057
251.0041
254.3163
259.0757
262.2663
266.8590
270.5807
275.3851
277.6122
280.9328
285.0249
289.9172
294.4331
297.5176
302.2919
305.8659
309.2061
312.9595
317.0895
320.5101
324.0996
328.5783
333.5800
337.2747
340.5661
344.4031
348.7918
352.5996
356.6949
359.9071
7.1567
9.3069
12.2624
16.3222
20.8557
22.5006
27.7500
30.5197
34.7449
38.0064
43.3507
46.0974
50.3429
54.3996
57.2991
61.2133
65.6746
68.3170
73.6372
76.0017
80.9376
84.5974
88.9308
92.7446
97.0665
100.6069
105.1347
108.6216
112.9839
115.2561
119.6641
123.1675
127.1140
130.8107
135.4054
138.2578
141.7967
146.5966
151.4208
154.0244
159.1191
162.6328
166.0223
170.1137
174.7042
177.8968
181.7054
185.6643
190.1049
192.8507
197.9818
200.9736
205.7835
209.3152
213.7914
216.2830
220.8903
224.2595
228.5832
231.6927
236.0731
239.1249
244.7971
247.5828
250.8264
255.7649
258.8624
263.3427
267.1862
271.9812
274.0950
277.5974
281.6358
286.4285
291.0577
294.0911
298.7932
302.4597
305.8548
309.4580
313.6831
317.1632
320.6244
325.2025
330.2296
333.7814
337.1048
341.0479
345.3641
349.1849
353.3774
356.4609
8.0525
10.2269
10.5868
16.4302
18.5624
22.6279
26.5891
30.8604
32.9839
38.3225
41.8420
45.4344
49.7690
52.9196
56.4071
60.7616
63.9425
69.0445
71.3360
76.5292
80.0850
84.1082
88.3375
92.6678
95.8483
100.6287
104.0713
108.2111
110.7508
115.1948
118.3914
122.5637
126.3152
130.6850
133.8253
137.2936
141.8997
146.8161
149.5130
154.5110
157.9781
161.5623
165.4345
170.0526
173.4079
177.0408
181.0922
185.5984
188.1319
193.3174
196.4639
201.1284
204.6778
209.2642
211.6375
216.2056
219.7370
223.9780
226.9801
231.4656
234.4682
240.0956
243.0493
246.2690
251.1036
254.3196
258.7895
262.5489
267.4540
269.5632
272.9854
277.0953
281.8826
286.4151
289.5698
294.2882
297.8306
301.2691
304.9306
309.0618
312.5900
316.1295
320.5844
325.6401
329.2689
332.5132
336.4568
340.8133
344.5525
348.7175
351.9065
5.9708
9.9083
12.5138
16.2264
21.1901
22.7787
27.7971
31.2444
36.0257
39.3167
43.7783
46.9752
50.3035
54.6545
58.5063
61.5117
66.9448
68.7004
73.6606
77.7892
81.9081
85.6270
90.1962
93.4848
97.8832
101.7678
105.9929
108.0145
112.6812
116.0530
119.9165
123.9007
128.3832
131.1140
134.8476
139.4797
144.2023
147.1068
152.2093
155.4839
159.0223
163.1276
167.5718
170.9511
174.7279
178.4988
183.0535
185.7978
190.8433
193.9778
198.8462
202.1855
206.7099
209.3465
213.8012
217.2550
221.6458
224.6186
228.9580
232.1891
237.7785
240.5485
243.8951
248.7113
251.8149
256.4393
260.2099
264.9201
267.1730
270.5280
274.5681
279.4834
284.0620
287.0504
291.8243
295.4883
298.7802
302.5111
306.7043
310.0725
313.6182
318.1839
323.1563
326.8110
330.1649
333.9811
338.3478
342.2251
346.3265
349.4693
8.0612
9.7813
10.9388
16.7364
18.3562
22.7619
26.6322
31.7110
34.2964
38.9405
42.4587
45.4276
49.7414
53.9391
56.5350
61.9889
64.0902
68.9473
72.8554
77.1960
80.8188
85.2571
88.7946
93.1785
96.8654
101.2359
103.3027
107.8176
111.3597
115.1914
119.0081
123.6188
126.3258
129.9763
134.7556
139.5039
142.2222
147.3499
150.7618
154.1648
158.3282
162.8391
166.0741
169.9189
173.7596
178.2348
181.0446
186.1170
189.1314
194.0138
197.4456
201.9124
204.5105
209.0544
212.4166
216.7977
219.8728
224.2008
227.3560
233.0005
235.7281
239.0301
243.9380
247.0039
251.5597
255.3902
260.1118
262.2965
265.7477
269.7668
274.6219
279.2533
282.2301
286.9636
290.6635
293.9949
297.6455
301.8808
305.2920
308.7736
313.3792
318.3713
321.9531
325.3137
329.1931
333.5229
337.3955
341.5504
344.6331
6.7727
10.0628
12.7363
16.7770
21.3674
23.0038
28.0203
32.1307
35.6279
39.5391
42.9983
46.6284
50.5944
54.1195
59.2265
61.1547
66.4255
70.2117
74.0465
78.3127
82.7814
85.7445
90.5071
94.1575
98.1789
100.6334
105.2228
108.2915
112.4589
116.3775
120.6448
123.7719
127.3314
131.8120
136.6900
139.5662
144.5518
147.8804
151.5785
155.4215
159.9643
163.4483
167.0349
170.9990
175.5770
178.0772
183.2244
186.4721
191.1465
194.5935
199.2226
201.6575
206.1366
209.7377
214.0032
216.9158
221.3934
224.4873
230.0631
233.0317
236.3044
241.0572
244.2933
248.8411
252.5480
257.4227
259.6075
262.9372
267.0583
271.9118
276.4030
279.5502
284.3103
287.8337
291.2218
294.9614
299.0618
302.5360
306.1325
310.5630
315.5930
319.2887
322.5387
326.4130
330.8024
334.5617
338.6735
341.9085
7.8978
10.2404
11.2876
16.8212
19.4853
23.7795
27.8540
32.0191
34.8413
38.5234
42.8573
46.3156
49.7847
55.1266
56.5666
61.6823
65.9316
69.7883
73.6935
78.3586
81.3486
85.8374
89.8362
93.8900
95.9679
100.7377
103.9005
107.8536
111.9620
116.2841
119.1307
122.8854
127.3584
132.0980
135.1460
140.1977
143.3713
147.0592
151.0510
155.4635
158.9861
162.6589
166.4213
171.0434
173.6766
178.7237
181.9808
186.7905
190.0810
194.6763
197.2942
201.6829
205.2449
209.6120
212.4899
216.8702
220.1285
225.6701
228.5212
231.8852
236.6116
239.7779
244.4390
248.1438
252.8866
255.1772
258.4474
262.5250
267.4720
271.9857
275.0242
279.8268
283.4251
286.7101
290.5073
294.6422
298.0042
301.6141
306.1115
311.0835
314.8068
318.1279
321.9087
326.3098
330.1610
334.2231
337.4357
6.7590
9.2038
12.3981
15.9307
21.3022
23.6127
28.0616
32.0156
34.8019
38.8637
43.2758
45.8470
51.1964
53.5290
58.4596
62.1308
66.4683
70.2558
74.6032
78.1214
82.6410
86.1547
90.5100
92.7618
97.1836
100.6815
104.6152
108.3419
112.9206
115.7732
119.3229
124.1010
128.9206
131.5577
136.6504
140.1340
143.5497
147.6334
152.2067
155.4309
159.2269
163.1676
167.6231
170.3639
175.4847
178.4999
183.3140
186.8191
191.3061
193.8143
198.3986
201.7852
206.1157
209.2040
213.5801
216.6578
222.3162
225.1047
228.3641
233.2784
236.3823
240.8873
244.7127
249.5015
251.6381
255.1107
259.1544
263.9663
268.5816
271.6157
276.3313
279.9886
283.3698
286.9983
291.2113
294.6774
298.1584
302.7243
307.7452
311.3199
314.6427
318.5645
322.8912
326.7175
330.8938
333.9922
7.8308
9.9936
10.3702
15.8328
19.6087
22.9391
27.2533
30.4435
33.9332
38.1431
41.4721
46.5376
48.7219
53.9739
57.5523
61.5011
65.7694
70.1430
73.2274
78.0230
81.5171
85.6158
88.1420
92.6208
95.7776
99.9473
103.7534
108.0854
111.2319
114.7209
119.2847
124.1925
126.9475
131.9412
135.3598
138.9840
142.8464
147.4371
150.8383
154.4556
158.4753
163.0039
165.5338
170.7027
173.8807
178.5555
182.0645
186.6627
189.0653
193.6008
197.1512
201.4058
204.3806
208.8555
211.8982
217.5077
220.4569
223.7002
228.5064
231.7242
236.2292
239.9690
244.8571
246.9987
250.3847
254.4965
259.3116
263.8316
266.9776
271.7133
275.2531
278.6681
282.3604
286.4826
289.9866
293.5467
297.9958
303.0399
306.6937
309.9443
313.8581
318.2259
321.9796
326.1243
329.3249
6.1384
10.8095
14.3432
17.0751
22.1627
24.3590
27.7052
32.6105
36.0889
38.9582
44.5066
46.0213
50.8960
55.1985
59.3471
62.8807
67.5250
70.8345
75.1237
79.1160
83.3662
85.2520
89.9579
93.3860
97.1624
101.1962
105.7039
108.3469
112.1269
116.7672
121.4515
124.3909
129.5131
132.7490
136.2758
140.4260
144.8352
148.2173
152.0203
155.7398
160.2983
163.0878
168.1048
171.2312
176.1393
179.4399
183.9500
186.6351
191.0704
194.5053
198.9230
201.8960
206.2048
209.4766
215.0598
217.7930
221.1620
225.9753
229.0579
233.7106
237.4805
242.1585
244.4359
247.7777
251.8067
256.7423
261.3279
264.2897
269.0729
272.7549
276.0231
279.7657
283.9672
287.3113
290.8586
295.4389
300.3989
304.0583
307.4284
311.2243
315.5916
319.4915
323.5838
326.7169
7.5607
11.1293
11.6481
17.2039
20.1218
22.7029
27.4785
31.5934
33.8118
39.3685
41.4791
46.2333
50.1421
54.5901
58.0644
62.5060
66.1282
70.4518
74.1328
78.5573
80.5697
85.0583
88.6733
92.4517
96.2542
100.9018
103.5712
107.2188
112.0292
116.7692
119.4667
124.6057
128.0240
131.4030
135.5900
140.0972
143.3145
147.1761
151.0095
155.4735
158.3099
163.3745
166.3700
171.2689
174.6973
179.1524
181.7632
186.3100
189.6551
194.0443
197.1321
201.4465
204.6087
210.2564
212.9665
216.2726
221.1866
224.2426
228.8039
232.6365
237.3505
239.5383
242.9904
247.0058
251.8625
256.4987
259.4683
264.2027
267.9079
271.2354
274.8855
279.1239
282.5325
286.0122
290.6209
295.6117
299.1921
302.5563
306.4333
310.7612
314.6398
318.7955
321.8717
6.1249
10.1683
12.6619
17.2066
20.3453
23.6417
27.8006
31.2716
36.2394
38.4242
43.7439
47.2466
51.1322
55.4878
59.8536
62.8650
67.7140
71.1817
75.2474
77.8245
82.2935
85.4107
89.6105
93.4183
97.7187
100.9108
104.3806
108.9207
113.8436
116.6047
121.5854
124.9994
128.6464
132.4813
137.0754
140.4950
144.0914
148.1226
152.6560
155.1655
160.3390
163.5314
168.1925
171.7022
176.3105
178.7028
183.2339
186.7987
191.0461
194.0121
198.4943
201.5347
207.1397
210.1019
213.3446
218.1400
221.3678
225.8747
229.6049
234.5020
236.6454
240.0214
244.1398
248.9557
253.4665
256.6225
261.3609
264.8893
268.3066
272.0058
276.1190
279.6261
283.1943
287.6316
292.6777
296.3396
299.5838
303.4955
307.8669
311.6156
315.7571
318.9659
7.9337
9.2984
11.7950
15.8489
19.5312
22.6307
26.7895
31.7469
33.1785
38.6054
42.5534
46.1355
50.4836
55.0737
57.7764
62.5565
66.3587
70.2653
72.6733
77.3579
80.3210
84.4849
88.5269
92.7057
95.8412
99.4486
103.8348
108.6926
111.6881
116.6607
119.8928
123.6695
127.4891
131.9799
135.5496
139.1038
143.0112
147.6304
150.1177
155.2364
158.5420
163.2288
166.6074
171.2585
173.7384
178.1618
181.7978
186.0825
188.9470
193.4104
196.5662
202.1115
205.0771
208.3855
213.0910
216.3324
220.9328
224.6077
229.4581
231.6916
234.9647
239.0897
243.9842
248.4543
251.5906
256.3761
259.8930
263.2471
267.0326
271.1177
274.5570
278.1848
282.6045
287.6178
291.3506
294.6080
298.4392
302.8453
306.6235
310.7055
313.9589
7.0308
9.7689
11.2439
15.9849
20.3738
22.2492
27.7302
30.1740
34.9561
38.5597
43.0596
46.6612
50.9982
54.6358
59.0837
62.5745
67.0047
69.1916
73.5737
77.1692
81.0330
84.7401
89.3691
92.1692
95.7176
100.5375
105.3429
107.9564
113.0666
116.5548
119.9381
124.0584
128.6227
131.8245
135.6467
139.5696
144.0125
146.7939
151.9003
154.8911
159.7334
163.2268
167.6966
170.2309
174.8147
178.1768
182.5235
185.6265
189.9799
193.0757
198.7367
201.4955
204.7654
209.6871
212.7735
217.2918
221.1210
225.8910
228.0379
231.5092
235.5447
240.3647
244.9885
248.0052
252.7243
256.3951
259.7641
263.3949
267.6156
271.0701
274.5483
279.1248
284.1396
287.7133
291.0466
294.9591
299.2838
303.1251
307.2992
310.3867
8.1939
9.3415
11.0050
15.9356
19.1280
23.7285
26.5390
31.8781
34.8026
38.7686
43.3043
47.4612
50.5484
55.5452
58.6990
62.8140
65.6101
69.8918
73.0464
77.3211
80.9568
85.2851
88.5964
91.9292
96.5358
101.5280
104.1296
109.0914
112.6254
116.2161
120.0150
124.6855
128.0279
131.6186
135.7540
140.2326
142.7252
147.9427
151.0772
155.6983
159.2989
163.8920
166.2073
170.8054
174.3416
178.5516
181.5742
186.0792
189.0362
194.6746
197.6531
200.8491
205.6897
208.9223
213.3678
217.1209
222.0627
224.1468
227.5778
231.7007
236.4637
240.9885
244.1720
248.8817
252.4013
255.8641
259.5147
263.6335
267.1908
270.7298
275.1617
280.2323
283.8577
287.0837
291.0464
295.3991
299.1207
303.2977
306.4872
5.5195
10.6436
11.9194
15.7407
20.9390
21.7357
26.9417
31.3375
35.0686
38.9230
43.6684
46.5417
51.0302
55.0690
59.1018
61.1620
65.9260
69.0961
73.0307
77.1509
81.4609
84.3283
88.0594
92.5316
97.2856
100.3192
105.3661
108.5463
112.2339
116.2176
120.6373
124.1550
127.8231
131.6030
136.2118
138.8528
143.9038
147.1451
151.9545
155.2582
159.8478
162.4568
166.8592
170.4084
174.7714
177.6698
182.0463
185.2920
190.8425
193.6875
197.0444
201.7822
204.9457
209.5987
213.3058
218.0587
220.3375
223.6181
227.6975
232.6318
237.1500
240.1946
244.9912
248.5870
251.8831
255.6685
259.8043
263.1813
266.7838
271.2775
276.2575
279.9711
283.2873
287.0820
291.4763
295.3234
299.3978
302.5994
7.2084
10.0345
11.2784
16.8916
18.9945
23.7320
27.5046
31.9541
35.4618
39.9064
43.4472
47.8512
51.4724
55.8588
57.9656
62.4223
65.9797
69.8152
73.6156
78.2009
80.9818
84.5785
89.3408
94.1248
96.8289
101.9361
105.3521
108.7903
112.9016
117.4255
120.6912
124.4930
128.3702
132.8471
135.6189
140.7041
143.7418
148.5934
152.0344
156.5236
159.0915
163.6318
167.0251
171.3857
174.4478
178.7943
181.9367
187.5731
190.3361
193.6328
198.5153
201.6103
206.1683
209.9712
214.7266
216.9107
220.3365
224.3778
229.2297
233.8337
236.8472
241.5867
245.2478
248.5928
252.2615
256.4668
259.8964
263.4025
267.9659
272.9692
276.5752
279.9106
283.7904
288.1306
291.9815
296.1309
299.2397
7.2272
9.1355
12.8314
16.5683
21.7495
23.9235
28.0027
32.6547
36.5992
39.7783
44.8685
47.7541
51.9315
54.8709
58.9947
62.2102
66.5102
70.0156
74.3835
77.7512
80.9924
85.6609
90.6897
93.1774
98.1356
101.7485
105.2862
109.0820
113.7955
117.0770
120.6794
124.8682
129.3071
131.8106
137.0474
140.1335
144.7458
148.3954
152.9692
155.2529
159.8915
163.3963
167.5935
170.6578
175.1640
178.0812
183.7416
186.7123
189.8862
194.7596
197.9837
202.3991
206.1707
211.1260
213.1803
216.6458
220.7650
225.5013
230.0415
233.2286
237.9225
241.4478
244.9299
248.5513
252.6805
256.2591
259.7771
264.2159
269.2965
272.8975
276.1210
280.1087
284.4485
288.1642
292.3611
295.5314
7.9287
10.5283
10.9717
16.8671
20.4503
23.5141
28.2773
32.8374
35.1618
40.1517
43.8630
47.6379
50.2238
54.8631
57.7009
61.9604
65.9921
70.0801
73.3583
76.8915
81.2244
86.1337
89.1164
94.0527
97.2962
101.1149
104.8641
109.3788
112.9726
116.4796
120.4360
125.0514
127.4944
132.6335
135.9524
140.6032
144.0062
148.6726
151.1133
155.5467
159.2008
163.4624
166.3280
170.8100
173.9389
179.4862
182.4781
185.7723
190.4726
193.7321
198.3188
201.9836
206.8627
209.0816
212.3542
216.4917
221.3715
225.8310
228.9922
233.7732
237.2690
240.6409
244.4225
248.4950
251.9554
255.5867
259.9858
265.0103
268.7443
271.9859
275.8304
280.2357
283.9980
288.0872
291.3458
6.1099
9.8023
13.5671
16.3446
21.3635
24.6054
28.7591
32.7004
37.0995
40.3391
44.9215
47.1450
51.3513
55.1047
58.9184
62.4973
67.2043
70.0127
73.4802
78.3836
83.2130
85.7130
90.8301
94.3883
97.7118
101.8449
106.4417
109.5846
113.4248
117.3885
121.7926
124.5970
129.7144
132.6575
137.5004
141.0308
145.4811
147.9952
152.6115
155.9432
160.2824
163.4231
167.7720
170.8397
176.5181
179.2662
182.5208
187.4672
190.5460
195.0449
198.8851
203.6665
205.7924
209.2864
213.3206
218.1210
222.7546
225.7761
230.4848
234.1566
237.5400
241.1517
245.3770
248.8490
252.3145
256.8910
261.9144
265.4732
268.8023
272.7322
277.0483
280.8845
285.0727
288.1475
7.3924
10.4460
11.1137
15.8975
20.0258
23.7783
27.4080
32.2933
35.0454
39.4728
42.2384
46.2464
49.7560
53.8642
57.2953
61.8431
65.0197
68.2844
73.1021
78.0751
80.4859
85.5115
89.1560
92.5679
96.5059
101.1987
104.3830
108.0945
112.2227
116.6214
119.2620
124.4599
127.4550
132.1621
135.7901
140.2998
142.6644
147.3176
150.7298
154.9813
158.1036
162.5423
165.5026
171.1836
174.0538
177.2508
182.1737
185.3309
189.7672
193.5776
198.4662
200.5360
204.0313
208.1127
212.8628
217.4511
220.5696
225.2622
228.8531
232.3028
235.9056
240.0812
243.6254
247.1108
251.6115
256.6730
260.2442
263.5117
267.4870
271.8103
275.5753
279.7787
282.8981
6.1924
11.0280
13.7227
17.5509
22.5071
24.8519
29.3809
33.5831
37.4545
39.4961
44.3215
47.3793
51.3267
55.5358
59.7484
62.6791
66.4035
70.7971
75.5651
78.6569
83.6782
86.8128
90.5620
94.4974
98.9039
102.4759
106.1022
109.8841
114.5089
117.1198
122.1700
125.4438
130.2368
133.5266
138.1353
140.7381
145.1238
148.6993
153.0546
155.9343
160.3179
163.5698
169.1093
171.9721
175.3329
180.0483
183.2274
187.8906
191.5778
196.3431
198.6296
201.8882
205.9789
210.9176
215.4192
218.4797
223.2824
226.8587
230.1565
233.9562
238.0759
241.4570
245.0744
249.5471
254.5302
258.2589
261.5644
265.3543
269.7547
273.5945
277.6635
280.8778
7.4888
10.7597
12.1052
17.3153
20.5386
24.2425
28.6911
32.9773
34.3655
39.1734
42.7744
46.2775
50.4508
54.9912
57.4624
61.3152
65.9581
70.5817
73.5835
78.7289
81.8897
85.4126
89.6157
93.9683
97.3688
101.1930
104.8491
109.4090
112.2580
117.2358
120.3530
125.3076
128.5585
133.0550
135.7940
140.2045
143.6205
148.0648
151.0413
155.3138
158.6296
164.2043
166.9008
170.2938
175.0970
178.1636
182.8498
186.6076
191.2641
193.5666
196.8855
200.9113
205.8643
210.4485
213.3968
218.1910
221.8764
225.1276
228.8859
233.0847
236.4158
239.9718
244.5489
249.5035
253.1738
256.5489
260.3288
264.6981
268.6117
272.6974
275.8257
6.8283
9.3486
12.6774
16.8233
21.4068
24.0247
28.6746
31.2356
35.1558
38.9057
42.8264
46.2413
50.9093
53.9242
57.2301
62.1310
67.0487
69.4491
74.5224
78.1505
81.4991
85.5352
90.1906
93.3386
97.1170
101.1770
105.5650
108.2970
113.4555
116.4115
121.1893
124.7743
129.2496
131.6875
136.3276
139.6923
143.9879
147.1283
151.5173
154.5306
160.2126
163.0168
166.2431
171.1791
174.2956
178.7657
182.5888
187.4250
189.5238
193.0162
197.0751
201.8503
206.4606
209.5316
214.2335
217.8630
221.2792
224.8885
229.0870
232.5960
236.0734
240.6086
245.6517
249.2191
252.5166
256.4676
260.7876
264.5895
268.7849
271.8815
8.0011
11.0833
11.8200
17.5792
20.6187
24.1349
27.2880
31.6252
34.2876
38.7472
42.6160
46.6014
50.1579
53.4831
57.8056
62.8252
65.6730
70.5598
73.9009
77.7181
81.3786
85.9683
89.5287
92.9935
97.0624
101.6341
104.0374
109.2209
112.5064
117.1085
120.5896
125.2540
127.6197
132.1062
135.7489
139.9731
142.8819
147.3867
150.4463
156.0188
159.0319
162.2885
167.0177
170.2880
174.8291
178.5037
183.4264
185.5996
188.9081
193.0548
197.8925
202.3575
205.5477
210.3081
213.7892
217.1990
220.9467
225.0178
228.5213
232.1344
236.5211
241.5672
245.2770
248.5007
252.3845
256.7764
260.5164
264.6332
267.8782
5.7752
9.7877
12.5735
16.7415
21.3708
22.5800
27.1029
31.0841
34.4190
38.3761
43.1003
45.5233
49.2648
54.0867
58.7399
61.5322
66.7052
70.0051
73.3970
77.6496
82.0672
85.3381
89.2166
92.9467
97.4323
100.3345
105.3378
108.3537
113.3143
116.6471
121.1002
123.7989
128.2836
131.6315
136.0626
139.1205
143.3883
146.6390
152.2559
154.9291
158.2855
163.1536
166.1997
170.8336
174.6293
179.3061
181.5557
184.9407
188.9579
193.8641
198.4797
201.4315
206.1975
209.8972
213.1828
216.8871
221.1075
224.4770
227.9937
232.5864
237.5594
241.1843
244.5561
248.3825
252.7286
256.6315
260.7543
263.8481
7.8936
10.0452
11.8379
17.2367
19.0890
22.6379
27.1026
30.4956
33.7630
38.7642
41.3825
44.7427
49.8793
54.6788
56.9731
62.1459
65.7961
68.9616
73.2044
77.8118
80.8323
84.7571
88.7170
93.0548
95.9689
101.0652
103.9092
108.8105
112.3535
116.7485
119.2952
123.9419
127.1956
131.5597
134.7615
139.0647
142.1383
147.8377
150.5213
153.7795
158.7652
161.8035
166.3043
170.1668
174.9216
177.0447
180.5626
184.5782
189.3741
194.0348
197.0266
201.7300
205.4309
208.8061
212.4005
216.6475
220.1134
223.5589
228.1599
233.1792
236.7188
240.0645
243.9960
248.3000
252.1568
256.3545
259.3991
6.9582
10.0291
12.6453
15.6893
20.1930
22.5742
26.9706
31.1157
34.9436
38.4437
41.8752
46.0676
51.0275
54.0636
58.9533
62.1441
66.0365
69.7224
74.2231
77.8717
81.3361
85.2949
89.9129
92.3525
97.4827
100.8123
105.4679
108.8513
113.5203
115.9753
120.3968
124.0491
128.3179
131.1873
135.6523
138.8015
144.3454
147.3197
150.6259
155.3195
158.5718
163.1781
166.8332
171.7035
173.9357
177.1947
181.3313
186.2192
190.6793
193.8323
198.6191
202.1182
205.4805
209.2691
213.3420
216.7957
220.4293
224.8291
229.8506
233.5874
236.8349
240.6707
245.0743
248.8499
252.9381
256.1858
7.8222
10.6182
10.1348
15.4670
19.0228
22.0433
26.6439
31.0058
33.3216
37.3048
41.7828
46.3394
49.5463
54.6688
57.6607
61.2927
65.4680
69.7379
73.2550
77.0301
80.6166
85.2230
88.0563
92.9998
96.1839
101.1439
104.3230
108.8485
111.6232
115.9760
119.4358
123.8895
126.8165
131.0825
134.4479
139.9910
142.7005
146.1209
150.8719
153.9568
158.6857
162.4038
167.0581
169.3973
172.6602
176.7003
181.6815
186.2355
189.1953
194.0102
197.6702
200.9052
204.7041
208.8762
212.1937
215.7835
220.3308
225.2803
228.9875
232.3533
236.1061
240.4917
244.4044
248.4684
251.6231
6.4409
9.5952
11.4191
15.7209
19.4426
22.2615
27.0552
30.2677
33.2446
38.2773
43.2792
45.4432
50.4985
54.2451
57.5371
61.5327
66.2452
69.3406
73.1036
77.2421
81.5832
84.3111
89.4892
92.4095
97.1674
100.7943
105.2627
107.6640
112.3316
115.6852
119.9634
123.1296
127.5225
130.5074
136.1992
139.0100
142.2228
147.1654
150.2884
154.7468
158.5649
163.4224
165.5077
169.0035
173.0703
177.8320
182.4375
185.5252
190.2234
193.8385
197.2677
200.8731
205.0629
208.5883
212.0677
216.5870
221.6385
225.2070
228.4935
232.4528
236.7716
240.5648
244.7654
247.8632
7.7314
9.3148
10.3922
15.5409
19.0226
22.4848
26.7414
29.6167
33.7597
38.9602
41.6913
46.4650
49.8678
53.7605
57.2491
61.9056
65.4932
68.8637
73.0446
77.5896
79.9207
85.1427
88.4321
92.9753
96.5065
101.1860
103.4869
107.9985
111.6556
115.8453
118.7692
123.2951
126.3119
131.8927
134.9330
138.1680
142.8982
146.1868
150.7073
154.3726
159.3306
161.4819
164.7954
168.9552
173.7712
178.2280
181.4451
186.1978
189.6577
193.0892
196.8275
200.8873
204.4166
208.0293
212.3957
217.4550
221.1613
224.3694
228.2701
232.6582
236.3836
240.5114
243.7556
6.6950
10.1526
11.9414
17.0314
21.2755
23.2249
27.3683
31.7785
36.2274
39.5569
44.6901
47.5699
51.2106
55.4360
59.6377
63.1818
66.9742
70.4883
75.1057
77.9846
82.8912
86.0765
91.0742
94.2056
98.7220
101.5442
105.8715
109.3203
113.7966
116.7181
120.9579
124.3607
129.8946
132.5771
136.0171
140.7598
143.8313
148.5849
152.2975
156.9297
159.2893
162.5370
166.5714
171.5684
176.1236
179.0677
183.8905
187.5588
190.7777
194.5875
198.7619
202.0639
205.6577
210.2105
215.1525
218.8656
222.2397
225.9786
230.3658
234.2912
238.3484
241.4994
7.7396
8.5792
11.2900
16.6335
18.8790
22.1713
27.4198
32.1353
34.4350
39.6389
43.2008
46.3758
50.6593
55.1950
58.2726
62.1956
66.0797
70.4419
73.3905
78.4405
81.3207
86.2597
89.7223
94.1298
96.7399
101.3283
104.6054
108.9976
112.1586
116.4359
119.5818
125.2499
127.9219
131.2216
136.1574
139.1999
143.7616
147.5869
152.3183
154.4948
157.9492
161.9719
166.8118
171.4475
174.4326
179.1646
182.8534
186.1951
189.8408
194.0672
197.5005
200.9831
205.5655
210.5701
214.1530
217.5017
221.3892
225.7126
229.5847
233.7511
236.8201
6.7883
10.7873
12.5231
17.2741
20.1580
23.5574
28.7275
32.0020
36.6440
39.6581
43.8769
47.2263
51.7175
55.5962
58.8377
62.8605
67.5350
69.7973
74.9522
78.4145
82.9682
86.3307
91.0771
93.4730
97.8473
101.6041
105.8284
108.6275
113.1370
116.2832
121.7926
124.8454
128.1518
132.7749
136.0851
140.7072
144.3049
149.2207
151.4666
154.6659
158.8373
163.7326
168.1421
171.3459
176.1466
179.5875
182.9585
186.7845
190.8114
194.2779
197.9518
202.2941
207.3238
211.1008
214.3176
218.1422
222.5636
226.3145
230.3867
233.6739
7.1130
10.0524
11.5964
15.7788
19.8957
24.3223
27.7917
32.8547
35.6341
39.3745
43.5157
47.7017
51.3193
55.0437
58.5841
63.2133
66.0443
70.9620
74.1813
79.1430
82.2815
86.8240
89.6127
93.9368
97.4184
101.8716
104.7812
109.0429
112.4267
117.9556
120.6742
124.1040
128.8290
131.9275
136.6737
140.3671
145.0332
147.3834
150.6194
154.6722
159.6587
164.1949
167.1715
171.9938
175.6320
178.8690
182.6833
186.8374
190.1612
193.7670
198.2901
203.2442
206.9671
210.3205
214.0697
218.4609
222.3656
226.4256
229.5920
7.2180
9.1543
11.0017
16.9002
21.6903
23.2164
28.4194
32.3450
35.2817
39.5278
44.2220
47.0979
51.0328
55.1117
59.3500
62.2943
67.4077
70.1738
75.0590
78.6624
83.0393
85.5378
90.2252
93.4562
97.7973
101.0405
105.3444
108.3796
114.0916
116.7846
120.0255
125.0155
128.0665
132.5551
136.4040
141.1936
143.3004
146.8152
150.8467
155.6252
160.2726
163.2951
167.9962
171.6684
175.0630
178.6586
182.8859
186.3771
189.8328
194.4014
199.4343
202.9832
206.3081
210.2492
214.5553
218.3951
222.5970
225.6516
8.3022
8.5510
11.3903
16.9479
19.6310
24.1295
27.4483
31.5429
34.7843
39.4440
43.1512
46.4001
50.6148
55.1629
57.4548
62.6704
65.9934
70.5272
74.0278
78.7211
81.0361
85.5224
89.1926
93.3891
96.3030
100.8118
103.8614
109.4304
112.4571
115.7120
120.4214
123.7069
128.2594
131.9058
136.8509
139.0273
142.3123
146.4730
151.3075
155.7584
158.9659
163.7309
167.1915
170.6052
174.3627
178.4187
181.9320
185.5555
189.9200
194.9716
198.6911
201.9066
205.7875
210.1792
213.9211
218.0392
221.2802
6.0888
10.6919
13.8533
16.9065
22.2473
24.9969
28.0717
32.8543
36.8757
40.0871
44.2000
47.5138
51.9841
55.2514
60.0346
62.9528
68.1647
71.2679
75.6228
78.5897
82.9714
86.2005
90.7659
93.8377
97.9448
101.3826
106.9679
109.4668
112.9211
117.7756
120.7300
125.4832
129.2703
133.8196
136.1667
139.4952
143.4719
148.4540
153.0921
155.9484
160.7499
164.5091
167.7102
171.4586
175.7032
178.9909
182.5170
187.1523
192.0846
195.7294
199.1514
202.9090
207.2586
211.2329
215.3247
218.3900
7.6493
11.5979
12.2685
17.5714
21.5670
24.2977
28.6568
33.3060
36.1217
40.1068
44.1385
48.3492
51.3724
56.4438
59.1827
64.1170
67.6779
72.0380
74.5873
79.2526
82.4659
86.8332
90.0756
94.3479
97.4261
103.1280
105.7911
109.0563
114.0336
117.0720
121.5937
125.4319
130.1981
132.3326
135.8230
139.8509
144.6517
149.2963
152.3035
157.0175
160.6951
164.0688
167.6846
171.9101
175.3810
178.8480
183.4179
188.4412
192.0047
195.3379
199.2572
203.5690
207.4239
211.6129
214.6697
6.0345
10.0945
13.7879
16.1139
20.8141
23.8292
28.1652
32.2917
35.3965
39.3225
44.0299
46.3268
51.4184
54.9129
59.5240
62.7870
67.5257
70.0132
74.3360
78.0715
82.3422
85.1408
89.5899
92.8172
98.3134
101.2981
104.6475
109.2613
112.5356
117.2132
120.8037
125.6680
127.9563
131.1309
135.2857
140.2131
144.6364
147.7963
152.6120
156.0835
159.4178
163.2592
167.3020
170.7336
174.4062
178.7740
183.7863
187.5654
190.8095
194.6066
199.0252
202.8149
206.8791
210.1416
8.1378
11.0384
11.4727
16.2086
19.9022
23.4739
27.7640
31.1514
34.3356
39.1783
41.9031
46.6835
50.1703
55.1231
58.0076
62.6530
65.5474
69.6805
73.3059
77.7786
80.5298
84.7800
88.3007
93.7370
96.4965
99.9966
104.5806
107.7272
112.5778
116.1727
120.8283
123.2688
126.3682
130.4527
135.5079
139.9727
142.9714
147.8406
151.4239
154.6199
158.5261
162.6227
165.9096
169.5888
174.0520
178.9911
182.7930
186.1298
189.8173
194.2438
198.1488
202.1596
205.3823
5.7565
10.8701
12.2883
16.7634
21.5886
23.8999
27.9961
32.2423
36.2203
39.3381
44.4354
46.9784
51.9034
55.5958
59.8889
62.3608
67.1243
70.2540
74.5923
77.9324
82.1990
85.1940
90.9378
93.5863
96.8094
101.8424
104.8698
109.3402
113.2027
118.0005
120.0847
123.6254
127.6527
132.4090
137.0707
140.0936
144.7847
148.4602
151.8669
155.4434
159.6760
163.1839
166.6268
171.1944
176.2352
179.7706
183.0929
187.0477
191.3443
195.1845
199.3994
202.4375
7.0826
8.6249
11.2771
16.5895
19.2063
22.6636
27.4376
31.4291
34.0097
39.3049
42.0814
46.6719
50.5065
54.9712
57.1658
61.9378
65.2917
69.4732
72.7116
77.1432
80.0099
85.7253
88.5999
91.7606
96.6971
99.8698
104.2901
108.0691
113.0188
115.0629
118.5466
122.6537
127.3738
131.9433
135.1055
139.7970
143.3440
146.8172
150.4257
154.5707
158.1499
161.6515
166.1012
171.1806
174.7684
178.0109
181.9900
186.3133
190.0703
194.2785
197.3981
7.5499
8.7905
12.0927
17.0251
19.7479
23.2221
28.0860
30.4519
35.3610
38.9855
43.7102
46.7169
51.4649
54.1480
58.3257
62.0664
66.4214
69.1592
73.5179
76.9083
82.3537
85.2532
88.6855
93.2464
96.4815
101.2626
104.8230
109.6029
111.9774
115.0829
119.2193
124.2143
128.6370
131.7381
136.5873
140.0895
143.3588
147.2479
151.2984
154.6656
158.3574
162.7479
167.7291
171.5343
174.8120
178.5521
182.9798
186.8188
190.8533
194.1067
7.7891
10.7913
12.0295
16.9032
20.3088
24.1243
27.9723
32.6774
34.9781
40.3168
43.6933
47.8178
50.6803
55.3156
58.2595
62.7938
66.1556
70.2111
73.4516
79.1600
81.5751
84.9249
89.9585
92.8575
97.4719
101.3473
105.9657
108.1717
111.6614
115.6256
120.4823
125.1874
128.0720
132.8050
136.5779
139.8725
143.4961
147.7767
151.1699
154.6135
159.2607
164.2437
167.7936
171.1923
175.0609
179.3609
183.2970
187.4725
190.4721
6.2105
9.8911
11.6165
16.8141
20.9506
22.8060
28.1890
31.4608
35.7475
39.4476
44.1575
46.2538
50.8387
54.5105
58.6108
61.6072
66.1446
69.0804
74.6837
77.7439
80.9460
85.6780
88.9857
93.4917
97.1266
102.1394
104.2645
107.5730
111.7527
116.5367
120.9855
124.2338
128.9792
132.4122
135.8667
139.5946
143.6407
147.2030
150.8131
155.1525
160.2281
163.9285
167.1235
171.0394
175.4167
179.1421
183.2875
186.5092
7.8003
8.3932
11.3455
16.3376
18.4716
23.2786
27.0857
31.7459
34.6298
39.4324
42.1317
46.2394
50.0302
54.3765
57.0808
61.4318
64.8510
70.2744
73.1827
76.6272
81.1549
84.4033
89.2055
92.7376
97.5269
99.9134
102.9915
107.1385
112.1382
116.5465
119.6592
124.5140
128.0004
131.2698
135.1700
139.2079
142.5792
146.2810
150.6555
155.6395
159.4538
162.7246
166.4620
170.8919
174.7284
178.7618
182.0182
6.7859
10.1989
12.5479
16.8546
21.4412
23.1052
28.4176
32.1201
36.0846
38.7350
43.5868
46.3787
50.8285
54.3738
58.4477
61.4942
67.2808
69.7148
72.9694
78.0938
81.0024
85.5060
89.4147
94.1244
96.2264
99.8022
103.7817
108.5487
113.2674
116.2104
120.9012
124.6449
128.0147
131.5727
135.8495
139.3246
142.7361
147.3572
152.3799
155.8895
159.2524
163.1911
167.4705
171.3611
175.5813
178.5674
7.7070
10.3275
11.4412
16.9465
20.0844
24.1386
28.0054
32.6963
34.6408
39.2994
42.9486
46.9955
50.0553
54.5951
57.4698
63.0959
66.1578
69.3343
74.0862
77.3951
81.8796
85.5145
90.5517
92.6532
95.9776
100.1611
104.9226
109.3767
112.6354
117.3714
120.7999
124.2690
127.9811
132.0283
135.6085
139.2087
143.5442
148.6281
152.3168
155.5078
159.4375
163.8069
167.5303
171.6880
174.8964
6.0167
9.5871
12.7475
16.3934
21.7430
23.7949
28.3565
31.7611
35.5747
39.0868
43.7292
46.4529
50.4770
54.2543
59.6229
62.1851
65.7976
70.3440
73.4031
78.3803
81.9459
86.4955
89.0207
92.0640
96.1194
101.2279
105.7118
108.6394
113.5320
117.1577
120.2988
124.2258
128.3418
131.5845
135.2604
139.7523
144.6714
148.4727
151.8417
155.4981
159.9166
163.8696
167.8763
171.0599
7.8315
9.7870
11.0386
17.0590
19.7969
23.6973
27.0041
31.3971
34.2194
38.9021
42.2209
46.0977
49.5657
55.1874
57.4973
60.9596
65.8897
68.7699
73.5298
77.3227
81.8798
84.1986
87.5585
91.5337
96.4740
101.1335
104.0020
108.7875
112.5370
115.7715
119.4847
123.7270
127.0671
130.5744
135.1850
140.1457
143.7672
147.1674
150.9661
155.2965
159.2548
163.3822
166.4195
6.1819
11.1622
13.6791
16.9614
22.2228
23.9521
28.1039
32.3926
36.2761
38.8497
43.5405
46.5872
51.9966
55.3225
58.5853
62.9941
66.4894
71.1279
74.5387
79.6302
81.8732
84.9259
89.1998
94.0681
98.3561
101.7072
106.5221
109.8101
113.2310
117.1119
121.0329
124.5676
128.3103
132.5138
137.5804
141.4172
144.5595
148.3907
152.8292
156.5282
160.5979
163.9288
7.5836
10.2685
11.3984
16.7598
19.6056
23.0065
27.2609
31.5381
33.8627
38.2054
41.8602
47.0945
50.0986
53.6393
57.9174
61.2586
66.2034
69.5690
74.3693
76.8651
79.7525
83.9514
89.0222
93.3327
96.4885
101.3935
104.8001
108.0332
112.0329
115.9980
119.3426
123.1236
127.4209
132.3958
136.2903
139.5360
143.2174
147.6799
151.5118
155.5021
158.8102
7.5718
10.2854
13.0956
16.3072
21.0389
23.2868
27.9485
31.6656
35.4233
38.6580
44.4052
46.6158
49.9712
55.0749
57.9020
62.5323
66.4017
71.0247
73.2187
76.7146
80.6807
85.5148
90.2256
93.1215
97.8522
101.6080
104.9169
108.5349
112.8018
116.2232
119.6700
124.2860
129.2844
132.8379
136.2191
140.0981
144.3938
148.3224
152.5080
155.5019
7.4117
10.7893
10.5125
15.9157
19.4207
22.9110
26.3327
30.9895
33.3469
39.1046
42.3034
45.2744
50.1157
53.4906
57.7924
61.4256
66.6449
68.5864
72.0011
76.2240
80.8470
85.2984
88.6584
93.3370
96.7030
100.2751
103.9078
107.9361
111.6277
115.1923
119.4781
124.6133
128.2561
131.3989
135.4109
139.7527
143.4253
147.6375
150.8223
6.3162
9.7256
11.8271
16.2020
20.5390
22.6867
26.8128
30.7383
35.8700
38.7268
42.3632
46.5865
49.8687
54.9138
58.2504
62.9731
65.5313
68.3779
72.5555
77.6642
81.9921
85.0941
90.0139
93.4566
96.6512
100.6607
104.6458
107.9579
111.7312
116.0577
121.0176
124.9059
128.1789
131.8407
136.2959
140.1641
144.1534
147.4305
7.6013
9.3614
10.8552
16.1110
19.3488
22.4874
26.5513
31.9358
33.8640
37.5626
42.3433
45.1118
50.1250
53.8074
58.2124
60.7072
63.8960
67.8588
72.9179
77.5427
80.3480
85.1979
88.9506
92.0924
95.9038
100.1202
103.3813
106.9471
111.5405
116.4669
120.1556
123.5743
127.2898
131.6455
135.6474
139.7254
142.7811
7.0963
9.8247
12.4283
16.2621
20.8901
22.8455
28.6903
31.9290
34.7886
39.6742
43.0645
47.2965
50.9210
56.2064
58.0915
61.5332
65.7666
70.3424
74.7968
78.1821
82.8438
86.1950
89.7925
93.4025
97.4279
101.1479
104.7006
108.9752
114.1224
117.7517
120.8867
124.9161
129.2483
132.9170
137.1436
140.3136
7.7736
9.9216
10.8791
15.5913
19.1904
24.1009
27.5814
31.0389
34.9453
38.5660
43.4967
46.6180
51.6569
54.1153
56.8531
61.1757
66.1845
70.3614
73.7015
78.6001
81.8354
85.1542
89.1798
93.0384
96.4840
100.3177
104.4740
109.5015
113.4333
116.5905
120.3147
124.7878
128.5394
132.5456
135.9020
6.1624
10.8770
12.8128
16.1781
21.8175
23.3379
26.7950
32.0177
34.6263
39.3589
43.2248
47.7536
49.9887
53.4713
57.4066
62.2549
66.9927
69.8405
74.5834
78.3615
81.6421
85.2684
89.5411
92.9488
96.3960
101.0120
106.0048
109.5638
112.9552
116.8163
121.1077
125.0611
129.2442
132.2183
7.1386
9.9813
10.7497
16.8748
19.6620
22.3651
27.5541
30.7353
34.8939
38.6277
43.8551
45.6768
49.2491
53.4143
57.9428
62.5030
65.7964
70.4305
73.8792
77.4631
81.0038
85.1037
88.8136
92.2966
96.6521
101.7900
105.3548
108.5398
112.5818
116.8782
120.6025
124.8588
127.9451
6.5776
9.3699
13.3142
17.8002
21.0084
24.2244
28.2880
33.1573
35.9263
41.2555
43.6799
46.1936
50.6637
55.6170
59.6091
63.1605
68.0599
71.0900
74.4840
78.5667
82.2933
85.8221
89.7341
93.7303
98.7995
102.7962
105.8598
109.6016
114.1005
117.7678
121.7655
125.1989
8.0525
10.5040
12.3579
16.5830
20.0260
23.1622
28.7229
31.7342
36.2072
39.0498
41.5942
45.7570
51.0145
55.3072
58.3069
63.2939
66.7626
69.8460
73.9378
77.9185
81.1484
84.9502
89.2898
94.2155
98.1330
101.4448
105.0404
109.4960
113.4319
117.4000
120.6394
6.6833
10.9967
12.5488
17.2354
21.0075
24.7424
28.1225
33.9014
35.5084
38.9244
43.2918
47.6533
51.9876
55.6108
60.2157
63.3743
67.1062
70.6895
74.6119
78.4700
82.0478
86.1773
91.3853
95.0297
98.0752
102.1605
106.4911
110.0846
114.3359
117.5356
8.1395
9.3521
11.2369
15.9877
20.2699
22.6869
28.5578
30.6443
33.1937
37.7896
42.4682
46.3976
50.1753
54.9710
57.8609
61.4377
65.3966
69.0807
72.7947
76.6525
80.5665
85.7184
89.6421
92.6307
96.5041
100.9616
104.5485
108.6312
112.0314
5.4891
9.9851
11.2899
16.7647
20.3849
24.4217
26.9817
30.2157
34.0691
39.0860
43.8278
46.5208
51.3480
55.1717
58.3139
62.0460
66.3090
69.6128
73.1115
77.7269
82.6760
86.2985
89.7258
93.4897
97.7997
101.8219
105.9560
108.9257
8.1384
9.3784
12.5840
16.7905
21.9025
23.3191
27.3931
31.3424
35.6152
40.4504
43.5614
48.0875
51.7296
55.3310
58.6695
62.9211
66.6592
69.9754
74.4723
79.6097
83.0244
86.2864
90.3847
94.5994
98.4072
102.7378
105.6583
6.3568
10.8539
11.9527
17.5117
20.0802
21.9989
26.6038
31.5553
35.4306
39.0198
43.9369
46.9145
50.2835
54.3916
58.1030
61.6339
65.5389
69.5312
74.6026
78.5813
81.6692
85.4052
89.8784
93.6004
97.6229
100.9792
7.6452
10.0863
13.1594
16.2102
19.0019
22.7859
27.9847
32.6802
35.2614
40.1683
43.9923
47.0266
50.8605
55.0908
58.3234
61.8783
66.4673
71.3899
75.0720
78.5098
82.2055
86.5352
90.5905
94.6875
97.6703
6.1151
11.1275
10.8440
16.0174
19.6483
23.1518
28.2250
31.3971
35.6782
39.3349
43.1439
46.1809
50.4975
54.4337
57.5824
62.0832
67.2911
70.5513
73.7791
78.0271
82.1633
85.9277
90.3621
93.1867
8.3869
8.8512
11.2867
15.9077
19.8508
23.8792
27.7941
32.3831
35.2858
39.0457
42.7261
46.5153
50.4056
54.0653
58.0588
63.2734
66.9987
70.0212
74.0408
78.3891
82.0195
86.2380
89.4409
6.5550
6.9784
9.6719
15.4841
20.2672
22.1446
27.2056
31.2965
33.9819
37.9164
42.2328
45.2319
48.7770
53.4915
58.3175
62.0110
65.5613
69.1303
73.4495
77.6442
81.6981
84.6013
8.0593
9.9182
12.3748
18.0043
20.7053
24.8398
28.7988
32.5202
35.3778
39.8646
43.7374
46.7498
51.4048
56.5687
59.7393
63.0677
67.2895
71.3773
75.2546
79.7029
82.4089
5.4455
10.9088
14.0358
17.2133
22.3720
25.3596
28.3059
32.7031
36.3973
39.6516
43.6294
47.6981
52.6604
56.7025
59.9241
63.4769
67.9492
71.8678
75.8318
79.0818
7.4787
11.4846
12.5697
17.8770
21.9463
24.3157
28.4733
32.6993
35.5609
39.2109
43.8598
48.6480
52.4376
55.9879
59.4629
63.8115
68.0370
72.0424
74.9720
7.0322
9.0306
12.6350
16.6004
20.3666
23.0611
27.5365
31.4761
34.4687
39.0439
44.2205
47.4198
50.7308
54.9237
59.0159
62.9117
67.3428
70.0538
7.6530
10.7067
11.4951
15.6666
19.5705
22.6856
26.8652
30.7593
34.1996
39.5046
43.4187
46.2570
50.2276
54.6215
58.1831
62.3612
65.6516
5.8679
10.9343
12.2905
16.0933
20.6607
23.3051
26.6467
31.5931
36.3189
39.8878
43.5812
47.0942
51.3237
55.6808
59.7733
62.4757
7.6587
9.4778
10.8068
16.1636
19.5094
21.9142
27.1488
32.0717
34.9895
38.6654
42.7008
46.6563
50.9066
55.3327
57.7184
6.7729
9.0334
11.2405
16.3006
19.8809
22.8696
28.3717
32.0876
34.7733
38.9800
43.2611
46.7372
51.0636
54.2339
7.7576
9.5529
11.3653
15.9600
19.6923
24.3767
28.7483
32.1018
35.2012
39.7112
43.9238
47.7409
50.8748
6.7970
10.6862
11.7665
16.7926
21.8780
24.3726
27.8886
32.2720
36.0643
40.1656
44.7734
47.0533
7.4969
10.2969
11.6916
17.4049
21.1291
23.5907
27.8309
32.0707
35.5311
39.8840
43.0109
6.8927
9.3960
13.1435
18.0855
21.6292
23.9546
28.5435
33.1159
36.6796
39.7281
8.4657
11.3976
13.3631
17.9432
21.2991
24.9358
29.9127
34.1899
36.0225
6.1436
10.8356
12.7121
16.1649
20.6042
24.2471
28.3023
31.5626
7.7181
10.0358
10.8280
15.6290
20.2660
23.5985
26.7285
6.2308
9.8388
11.9895
17.1071
21.8102
22.8171
8.0045
9.7360
12.3447
17.7071
19.7482
5.6318
10.6331
13.1199
16.1432
7.4281
10.6033
11.2024
6.7345
9.1576
7.9528
