# Pairwise distances between all Valine CB atoms (in Å)
7.8204
12.8238
10.2188
5.9065
12.6661
10.1144
13.9431
14.0703
18.2305
23.2132
28.4474
24.5812
24.0418
18.7187
15.8285
14.0800
22.2498
17.4079
16.7449
14.2419
8.8836
10.4072
17.0121
22.2285
26.1762
25.6139
23.0427
24.1160
32.1174
35.8924
33.0768
29.1462
30.2161
31.3375
35.6056
38.0796
36.6763
44.2168
37.3698
37.0373
28.9927
27.5395
31.4911
36.0782
35.8683
30.2437
29.0691
25.3122
24.2606
29.4235
26.8598
27.3236
28.5409
31.5158
33.7948
30.2646
37.3179
42.0080
35.5468
35.0737
28.3115
26.7081
33.0978
38.5788
35.7041
26.9514
29.9319
29.0048
31.6201
28.6204
22.3889
24.3693
18.9543
22.9401
21.2553
28.0719
33.1685
31.7377
33.8989
27.3175
29.5464
35.5965
36.4792
40.0180
36.9250
41.8674
39.8292
41.4985
36.3201
39.1182
47.5408
53.9345
54.6083
56.3534
52.1820
44.4731
43.4595
44.7807
50.8386
51.4484
47.9461
8.6591
9.2915
10.6862
14.0810
9.7553
8.4316
10.7309
16.6720
23.8645
29.5989
26.8642
27.8122
22.7649
18.2453
14.8088
21.5255
16.3854
18.9311
18.7840
14.9026
16.2294
22.4112
28.1410
31.9609
31.1895
27.1155
26.6014
35.3131
37.9588
36.4372
32.2362
34.1727
36.6738
39.6660
42.6835
40.6753
48.8324
42.6871
42.4176
33.6068
31.5796
35.9489
39.9431
38.5850
33.2073
33.5721
30.2535
30.5732
35.6263
33.8964
34.1663
34.1090
37.4629
38.5266
34.7543
42.3259
47.7847
41.2960
41.4283
34.8545
32.7363
38.3726
43.8008
40.1080
32.2154
34.0215
34.0738
37.7975
35.0892
28.8265
30.2084
24.3665
27.9335
25.6935
30.4758
36.2866
33.8523
37.4358
31.8228
33.7909
40.0319
40.9802
42.8863
40.4963
44.2710
43.6596
45.9132
40.9898
44.3093
52.8617
58.7475
59.7766
61.0616
56.2661
49.3290
47.7361
48.3659
55.1694
56.2151
51.9402
6.2035
11.2553
12.4695
12.7138
9.0318
6.5559
12.7101
20.2535
27.5521
24.5351
28.4841
23.1186
20.6546
17.7728
21.1657
15.0720
17.7762
18.2316
15.0447
19.9513
23.3979
31.4773
33.0742
31.1713
26.2366
22.7222
32.0965
35.5864
35.6576
31.1868
35.0747
36.6354
38.5442
41.1128
37.7348
46.4815
40.8105
41.3699
32.4204
29.4752
32.7680
35.8497
32.9901
28.0868
29.9479
26.7573
29.4884
35.5530
34.1721
33.5424
32.0742
35.1347
34.7128
30.3055
38.1800
44.5265
38.1872
39.2743
33.3383
30.4697
34.7234
39.9556
35.5623
28.9398
29.8214
31.5876
36.0417
33.5746
27.8078
28.9570
24.1205
27.2225
23.2725
25.6800
32.4340
30.4806
34.6639
31.0461
31.1958
37.3029
37.3908
37.8169
36.7721
40.6748
41.1966
45.0615
39.2643
42.9167
51.0213
57.0308
57.7610
58.6073
54.1731
47.9491
45.1168
44.2433
51.2102
52.8996
48.6431
8.6632
14.0700
14.7694
13.7696
11.4828
16.8615
23.0777
30.3656
26.3088
29.3352
23.5485
22.0489
19.8521
24.9207
18.7996
19.3673
17.7045
11.8851
18.7879
22.6404
30.3894
32.1646
30.2907
26.6337
23.8193
33.0285
37.8185
36.9532
32.6053
35.8991
36.1277
39.2142
41.1796
38.0078
46.3916
39.9065
40.6739
32.3929
29.7498
32.1888
35.6700
33.2227
28.1225
28.8279
24.4307
26.9738
33.9572
31.2629
30.3594
30.4327
32.5802
33.2459
27.8214
35.3073
41.0012
34.8845
35.5911
29.7652
27.1650
31.2996
36.3298
31.8994
25.0300
25.5159
26.3535
31.0987
29.0158
22.9219
23.4961
18.1536
21.2225
17.8356
21.3579
27.5383
25.4555
29.2532
25.0097
25.7388
31.9496
32.6159
33.7697
31.8437
35.7976
35.6977
39.1031
33.5229
37.1422
45.4470
51.3330
52.2237
53.1847
48.5894
42.1321
39.7030
39.5780
46.5866
47.9581
43.5393
8.8543
10.3631
14.2773
11.8843
14.8845
18.9346
24.9764
20.4221
21.5984
15.7791
15.0792
14.1755
20.4915
15.1319
13.1478
10.0227
4.3105
10.5468
14.2505
21.7851
23.7314
22.2525
19.2586
18.9223
27.2744
31.9874
29.8021
25.6927
28.0082
28.1267
31.9444
34.0290
31.8733
39.7525
32.9972
33.1899
25.0254
23.0396
26.3552
30.6755
30.0703
24.4796
23.6544
19.9266
20.0669
26.0522
23.7748
23.6516
23.8630
26.8335
28.4098
24.8002
32.1457
37.3905
30.7994
30.8492
24.2233
22.0997
28.1946
33.8169
30.8839
22.2614
25.6165
25.7276
28.2391
25.0057
19.1041
21.5873
17.3510
21.3125
18.1303
24.4052
30.0690
29.6003
31.5400
26.0468
26.7973
32.7543
32.7493
36.0775
33.7401
39.5369
37.6727
40.4112
34.2738
37.0960
45.1373
52.0087
52.2161
53.8712
50.3260
42.7296
40.9566
41.3532
47.1498
48.0873
45.0631
7.6399
11.9017
8.2435
7.1902
10.5646
16.6221
12.9405
16.0952
10.8052
10.1662
9.5939
12.3364
7.0151
5.4164
7.1885
10.3554
11.6571
12.0263
20.8684
21.3229
19.4898
13.9881
12.8103
21.2841
24.3506
23.3725
18.9630
22.6822
24.5808
26.3510
29.3136
26.8737
35.2757
29.8734
29.7528
20.4829
17.9389
22.8585
26.6586
26.0621
20.6655
21.3328
20.1714
20.5200
24.5040
24.9877
25.2692
22.3048
26.9618
26.6380
25.3658
33.0775
39.2405
32.3638
33.0609
26.5299
24.0080
30.2384
36.1485
33.7021
25.5313
29.9043
31.5535
33.1974
29.3009
24.5409
27.9977
25.1700
28.9788
24.6697
29.4265
35.8692
36.1561
38.2071
33.8224
33.2748
38.9249
37.7005
40.4182
39.4102
45.8176
44.4436
48.0535
41.2255
43.9314
51.3883
58.7691
58.4136
60.0335
57.2186
49.7776
47.3231
46.5054
51.7996
53.1724
50.9069
7.9400
8.9893
11.0445
16.4243
20.6321
18.5252
18.6697
14.2907
8.8253
5.3174
12.5607
8.3630
10.6653
12.4368
13.3837
10.5428
15.1820
21.0567
24.3253
23.7944
18.9183
20.0140
27.6879
29.0319
27.2291
23.1492
24.9204
28.6721
30.9176
34.5449
33.1826
41.0986
35.6754
34.8024
25.6451
23.9242
29.6719
33.8030
33.6478
28.2538
28.4326
26.9228
25.8824
28.9493
29.1411
30.1393
28.4490
33.1383
33.7238
32.3131
39.8860
45.5446
38.6779
38.7937
31.8986
29.8766
36.6162
42.5053
39.9685
31.3746
35.3479
35.9661
37.9030
34.1490
28.7130
31.7647
27.5448
31.5568
28.4380
33.9274
40.0735
39.2454
41.7405
36.2072
37.1149
43.0779
42.7985
45.6704
43.8640
49.3821
47.9517
50.5720
44.6230
47.4092
55.4171
62.3505
62.5172
64.2176
60.6426
53.0454
51.2993
51.3969
57.1475
58.2204
55.3282
6.0258
10.9131
18.9410
24.2937
23.0041
25.3961
21.1310
16.0308
12.0075
15.2821
10.5369
15.9491
18.5948
18.2396
18.2215
22.4661
28.9820
31.7533
30.7258
25.0857
23.6370
32.1170
33.1247
32.9373
28.6701
31.6191
35.5589
36.8254
40.4701
38.1362
46.6181
41.6435
41.2309
31.7991
29.3787
34.5693
37.9478
36.2278
31.2291
32.9058
31.1328
31.9512
35.9060
35.9552
36.3601
34.1720
38.5309
38.1336
35.6947
43.6281
49.9101
43.1868
43.8969
37.3579
34.8352
40.4375
46.0964
42.5443
34.9852
37.3891
38.7674
42.0752
38.8685
33.1803
35.3224
30.4828
34.0996
30.6145
34.2394
40.8835
39.1180
42.8809
38.2765
38.9905
45.1266
45.0637
46.3036
45.0832
49.4012
49.3347
52.5515
46.8525
50.1882
58.3697
64.7224
65.2985
66.4899
62.2458
55.4620
53.1328
52.6148
59.1707
60.6620
56.8860
6.6268
14.7740
21.5370
19.3346
23.5428
18.7641
15.9086
13.0549
14.7342
8.7116
12.8192
15.2600
15.3072
17.7603
20.1363
28.2916
29.5035
27.7075
21.8639
18.7240
27.7140
29.9320
30.3245
25.8676
29.9913
32.6763
33.7016
36.8344
33.7333
42.4973
37.5213
37.6629
28.2971
25.3674
29.7700
32.8124
30.5457
25.6364
27.7990
26.0563
28.0033
32.6818
32.7288
32.6053
29.7918
33.9175
32.9176
30.2680
38.2762
44.8890
38.2339
39.3591
33.1499
30.2924
35.3389
40.9373
37.3005
30.1746
32.5702
34.6922
37.9817
34.7871
29.4818
31.7428
27.7269
31.2008
26.8577
29.8351
36.7782
35.7428
39.2764
35.5089
35.2047
41.1661
40.4990
41.5058
40.8574
45.7621
45.7915
49.7511
43.4265
46.7520
54.5811
61.2144
61.4528
62.5607
58.8101
52.1595
49.2998
48.1188
54.4374
56.1567
52.7399
8.4881
15.3096
13.6906
19.4677
15.5131
14.1543
12.6245
10.3107
4.9900
9.0714
13.5710
16.9933
18.3311
18.0860
26.7055
26.4323
24.3173
17.6040
13.7697
22.1563
23.6203
24.8700
20.4395
25.5702
28.5962
28.3842
31.7331
28.4605
37.2715
33.1609
33.2325
23.7495
20.5835
25.4882
28.1175
26.1679
21.5516
24.3198
24.1997
26.0500
29.5594
31.0554
31.0776
26.6102
31.4815
29.5053
28.5555
36.4381
43.3460
36.6204
38.0210
32.0000
29.0620
34.2404
39.9531
37.0181
30.0241
33.5458
36.3290
38.5771
34.8903
30.4387
33.5397
30.7675
34.2819
29.3494
32.2119
39.2619
39.3167
42.1907
38.8757
37.6736
43.2786
41.6786
42.9732
42.9868
48.8913
48.6126
53.0086
46.0314
49.0438
56.3353
63.5523
63.2002
64.4584
61.5671
54.7374
51.5888
49.7947
55.3618
57.2210
54.7317
8.3098
6.1519
14.7219
12.2869
14.7215
15.6923
10.6375
9.3652
7.7139
12.6352
19.1982
19.7576
15.7958
24.4956
21.7548
19.0808
11.9087
7.2797
14.0171
15.5162
17.5511
13.2489
19.9351
22.2956
20.7025
23.9584
20.4741
29.2314
26.0231
26.1186
16.8952
13.4569
18.7493
20.9681
20.1613
15.9611
18.8201
20.9564
22.3174
24.2053
27.3980
27.5396
21.1869
26.7820
23.8414
25.3857
32.6251
39.5024
32.8744
34.4514
28.9081
26.1044
31.3789
37.0627
35.3459
28.5839
33.6047
36.8043
37.4787
33.2856
30.1735
34.2047
33.1267
36.5571
31.2814
34.3600
41.0711
42.5473
44.2765
41.3750
39.2379
44.2117
41.5634
43.6507
44.1742
51.3704
50.3661
55.0353
47.4038
49.8654
56.3388
64.2439
63.1200
64.6559
62.9557
55.8441
52.5641
50.3140
54.6918
56.5491
55.3887
6.2948
11.6057
12.9226
15.5235
17.7203
10.7145
13.7753
11.8818
16.8825
24.8297
22.3533
17.2801
23.2796
19.9474
18.2179
11.5148
11.9656
12.7497
8.9754
11.3354
7.9605
14.5660
19.3335
15.6741
20.2113
18.5304
25.9755
24.4392
23.3372
14.8635
12.9027
19.7707
21.8198
23.2943
20.0450
21.7800
25.6226
24.8016
23.4213
28.6518
29.7413
22.6993
29.1190
26.3078
30.3333
36.6377
42.8835
36.4261
37.5788
32.1774
30.0348
35.9658
41.5739
41.0133
34.0283
40.1347
42.9229
42.3309
37.6918
35.2537
39.9307
39.2942
42.8884
38.0187
41.8797
48.2514
50.1120
51.2674
47.8656
45.9252
50.6507
47.7470
50.6567
51.0552
58.7828
57.1308
61.3801
53.7157
55.7471
61.8928
70.1743
68.6785
70.5597
69.4280
61.8891
58.9891
56.9733
60.5976
62.2283
61.8639
9.7951
8.8662
13.9157
16.5366
12.5988
12.9513
8.0855
11.5860
19.5887
18.6331
12.5868
20.3678
16.3532
13.7130
6.6033
6.4682
9.7210
11.6162
11.8299
7.4481
14.3996
16.2802
14.7637
18.2094
15.7628
24.0551
20.7455
20.3001
11.0024
8.0911
14.8659
17.8348
19.4083
15.2150
16.1441
19.4502
18.8291
18.8723
23.2006
23.9009
17.0991
23.3623
21.0411
24.4301
30.9150
37.1159
30.5104
31.6107
26.0698
23.8232
29.9094
35.6251
35.0500
27.7896
34.0946
36.7149
36.0417
31.4270
29.0358
33.7465
33.4669
36.9653
32.0916
36.2654
42.3846
44.5235
45.3061
41.9361
39.8675
44.4943
41.6038
44.9137
45.0619
53.0199
51.0606
55.2697
47.5469
49.5007
55.6071
63.9099
62.4040
64.3239
63.2545
55.6565
52.8201
50.9929
54.5575
56.0786
55.7512
5.9263
10.5595
14.8555
14.5659
16.4106
11.0910
12.4961
20.3436
14.8743
8.9420
11.8372
9.5404
9.8048
6.2580
14.8645
15.3706
15.1981
9.6978
7.0994
6.6094
11.7055
13.2096
17.5720
18.9628
24.8349
20.7652
18.3213
10.1207
11.0588
18.7338
23.1065
27.0394
22.6736
20.6554
23.2641
18.5875
15.3559
20.3053
22.7297
18.2865
24.7453
25.1624
29.1508
34.8093
39.5044
32.9332
32.6349
26.4742
25.4924
33.2267
38.9999
39.4076
30.8478
38.1376
39.0440
37.1796
32.1887
29.7161
34.9156
34.3299
38.1584
34.6443
40.8990
46.2443
48.1888
48.2553
43.2475
42.5202
47.1487
44.9476
49.8868
48.7401
56.8736
53.6764
56.4543
49.3418
50.7830
57.0685
65.4661
64.0170
66.5022
65.4336
57.0171
55.3879
54.9981
58.1781
58.9718
58.9395
7.9392
11.7855
13.5656
13.0461
6.4647
6.6249
14.5324
10.5173
4.5028
12.2567
11.0871
10.0540
5.2358
12.0257
15.9297
18.3105
14.3818
10.6746
12.3866
14.4643
17.1391
20.4970
20.2692
27.3135
21.9953
20.6272
11.6201
10.9868
17.8307
22.5563
25.2448
20.1580
18.3153
19.4307
15.7335
15.7202
18.5721
20.3146
16.6639
22.6515
23.3295
25.5008
31.8812
36.9594
30.1301
29.9964
23.3991
21.9648
29.6879
35.6409
35.2795
26.4517
33.2261
34.1194
33.0987
28.3028
25.0697
29.9786
28.9098
32.7856
29.1389
35.3926
40.8783
42.5009
42.8789
37.8819
37.2499
42.1584
40.2727
44.9132
43.6025
51.4091
48.4851
51.3974
44.3291
46.0715
52.7463
60.9123
59.7760
62.0702
60.5170
52.2555
50.4894
50.1528
53.9024
54.7780
54.1342
4.4712
10.0578
9.8904
8.1340
10.5687
15.8127
8.7437
9.9813
14.1620
17.1446
17.4400
12.8852
17.6615
22.8115
22.9326
19.6253
16.0921
16.3701
21.3779
23.5540
27.6850
27.7169
34.7209
29.8092
28.0557
19.2217
18.5763
25.5723
30.0409
31.7959
26.6024
25.6858
25.8718
22.6310
22.9457
24.9528
26.9073
24.3946
30.0466
30.8715
31.8748
38.7670
43.9408
37.0442
36.7716
29.8508
28.3918
36.0771
42.0862
40.9335
31.8924
37.6702
38.1524
38.2218
33.7397
29.3820
33.6287
30.8689
34.9934
31.8865
38.2357
44.0206
44.4002
45.7098
39.9747
40.4438
45.9225
44.9001
48.9955
47.2622
54.0459
51.5938
54.0115
47.6104
49.7412
57.1444
64.7971
64.2831
66.4484
63.9227
55.7265
54.2558
54.3898
59.0163
59.8585
58.2363
9.6193
8.2288
9.6993
12.5994
16.1028
10.1175
13.5397
17.9808
21.4806
21.5597
16.6251
19.6642
25.9264
25.9196
23.5136
19.7816
20.6404
25.7317
27.6178
31.7641
31.2543
38.6648
33.7595
32.2658
23.2101
22.0780
28.7743
33.0187
33.8705
28.6220
28.4115
27.9977
25.7140
27.0164
28.3994
30.0294
27.7527
33.1204
33.7128
33.7676
41.0440
46.5054
39.5805
39.4902
32.5275
30.8087
38.1250
44.1211
42.3136
33.4468
38.3999
38.9651
39.9198
35.7356
30.8262
34.5379
30.9659
35.0809
32.0063
37.9261
43.9571
43.6589
45.6347
39.9105
40.6856
46.4444
45.7963
49.2518
47.5068
53.6188
51.7083
54.1661
48.0347
50.4953
58.2422
65.5427
65.3842
67.3353
64.2471
56.3161
54.7458
54.8677
60.0759
61.0381
58.7729
6.2404
10.0357
16.0805
22.0532
18.1864
17.4807
23.0436
23.6233
22.8825
16.1169
17.0103
22.0335
19.5348
19.7910
16.0932
19.4250
25.7158
24.5936
29.3037
28.0369
35.7268
32.6853
31.3374
22.0381
20.2227
27.3032
30.3147
30.6291
26.2909
27.8668
29.3816
28.4256
28.6768
32.0508
33.3668
28.4735
34.5368
33.0702
34.6124
41.9037
48.1911
41.3401
42.0848
35.7161
33.5061
40.0279
45.9512
44.2468
36.3873
41.4555
43.4836
44.2771
39.9159
35.8594
39.8710
37.2928
41.1950
36.9474
41.2793
47.9440
48.2777
50.4811
46.0846
45.5025
51.0149
49.3346
51.8548
51.4171
57.9180
56.7113
60.3106
53.4320
55.9691
63.1825
70.8294
70.2007
71.9386
69.4547
61.9147
59.4414
58.2429
63.1354
64.6290
62.8674
7.3839
12.7695
17.2021
15.6632
16.0084
23.3831
24.0954
22.7378
16.0868
15.0976
22.4304
22.6018
22.7656
18.4910
22.4258
26.7695
26.8234
30.7644
28.5886
36.9358
32.8343
32.1864
22.6030
20.1452
26.2319
29.4306
28.7557
23.9491
25.6863
25.9151
26.0564
28.3181
30.2865
31.0087
26.8602
32.2612
31.0185
30.9492
38.6307
45.0914
38.2187
39.1064
32.6842
30.1756
36.3076
42.2032
39.8285
32.0608
36.3744
38.4376
40.0386
36.0212
31.4855
35.0049
32.0289
35.8354
31.4756
35.5179
42.2744
42.2865
44.8109
40.6041
40.0451
45.7157
44.3298
46.4671
45.9254
52.0388
51.1425
54.8900
48.1135
50.9001
58.3289
65.6908
65.3262
66.8692
64.0039
56.7120
54.0988
52.9176
58.2663
59.8249
57.5444
6.2991
13.3006
12.0503
9.3386
18.1003
17.3914
15.5793
9.2208
9.9870
17.0233
19.3204
17.9855
13.5853
17.5694
20.0453
21.1884
24.5468
22.6307
30.7978
25.9327
25.3751
15.8740
13.5724
19.6801
23.5799
24.1840
18.9766
19.2531
19.7477
18.8811
21.0333
23.0795
23.8694
19.6697
25.2327
24.6057
25.3029
32.5927
38.6249
31.7127
32.3273
25.8644
23.5968
30.3265
36.3091
34.7785
26.5207
32.0581
33.8136
34.2610
29.8854
25.9724
30.1905
28.3549
32.1766
27.8290
32.8477
39.0844
40.1236
41.5161
37.1737
36.2474
41.5378
39.7302
43.0398
42.2640
49.4077
47.5430
51.1437
44.0078
46.3263
53.3341
61.1608
60.3485
62.2078
60.0837
52.3688
49.9740
49.0047
53.5608
54.8706
53.4364
8.3621
9.2046
5.8269
15.7270
15.0188
12.9697
9.2599
11.2002
18.0225
22.7189
19.9842
16.0048
18.7792
18.5788
21.9222
24.1794
22.4884
30.2142
23.9348
23.7354
15.1103
13.3031
17.9211
22.6225
23.7872
18.1829
16.5800
15.5053
13.7452
17.5923
17.8562
18.4397
16.0383
20.8160
21.7493
21.4730
28.5131
33.9282
26.9967
27.1249
20.3475
18.3351
25.6427
31.6557
30.3716
21.4256
27.4304
28.3790
28.4273
24.0083
19.9491
24.3796
22.8972
26.7389
22.8050
28.9686
34.5706
35.9432
36.6052
31.8114
31.1094
36.2764
34.6982
38.9660
37.5120
45.0012
42.3930
45.5722
38.4911
40.5731
47.5858
55.4800
54.6508
56.7016
54.6879
46.6740
44.6728
44.3207
48.6573
49.6432
48.3591
10.1722
12.1014
19.8358
20.9516
19.2565
17.3658
17.6300
25.2782
30.9181
28.2049
24.3343
26.4561
25.2586
29.7098
31.2552
29.2502
36.7610
29.6080
29.9683
22.4327
20.7012
23.3423
27.9193
27.9516
22.3405
20.5117
16.4557
16.0069
22.4868
19.6597
19.3897
20.2024
22.8302
25.0402
21.5861
28.5991
33.4980
26.8895
26.7077
19.9892
18.0408
24.5734
30.2550
27.8851
18.7841
23.1128
22.9276
24.5648
21.0318
15.3589
18.5282
15.3606
19.3801
16.1465
23.3029
28.5088
28.9435
29.9246
24.3688
24.7326
30.3966
30.0434
34.2759
31.7892
38.4178
35.8208
38.5101
32.0127
34.4791
42.2343
49.4989
49.3587
51.2409
48.2624
40.3359
38.6850
39.2007
44.4182
45.1911
42.7944
8.3412
12.0328
16.5449
16.9528
15.2815
20.0894
25.8599
28.7349
24.3629
21.0331
20.4647
22.1464
26.8761
29.7149
29.7984
36.4208
29.8709
28.5776
20.8595
20.5544
25.8353
30.9818
32.8860
27.2992
24.8260
22.9851
18.8954
21.1730
20.3727
22.2039
22.6427
26.9322
29.6388
29.0130
35.4989
39.7596
33.0456
32.0652
24.9119
23.9688
31.9472
37.7782
36.6339
27.0448
32.6593
31.7919
31.8142
27.6177
22.7063
26.6746
23.5439
27.7188
25.7142
33.4394
38.3264
38.5832
39.2705
32.6207
33.9989
39.4299
39.1671
44.1958
41.3984
48.0697
44.8302
46.3808
40.4771
42.4131
50.0492
57.4678
57.2156
59.5578
56.7832
48.2955
47.5372
48.7289
53.3689
53.7471
51.9147
10.1367
9.7447
8.9612
7.5441
14.1255
18.1090
21.9343
17.2631
14.0781
14.5051
14.3954
19.0236
21.4899
21.5562
28.1009
21.7055
20.5105
12.5716
12.4922
17.9959
23.2388
26.2149
20.9277
17.8281
17.7427
12.8475
13.8295
15.0727
16.9767
15.2174
20.5062
22.5827
23.9965
30.0684
34.5404
27.7522
27.1040
20.2262
19.1964
27.3877
33.2986
33.1277
23.8407
30.8291
30.9538
29.6063
24.8033
21.4459
26.4498
25.4956
29.3742
26.2820
33.3696
38.3214
40.0221
39.9264
34.4573
34.2122
39.0270
37.4558
42.7824
40.8859
48.7797
45.3156
47.7507
40.8804
42.4303
49.1562
57.2964
56.2181
58.6689
57.1029
48.6103
47.2576
47.5073
51.1405
51.7272
51.1169
8.7196
12.1799
14.6694
23.4472
24.7680
26.4902
19.5250
18.3029
13.5710
14.8612
21.0446
23.7031
26.6204
30.6454
24.6549
21.7927
16.9532
19.1614
24.6910
30.0617
34.6802
29.8516
25.5813
25.8722
18.3951
15.0947
16.7355
20.4478
20.9891
25.7319
29.4342
31.9951
36.7374
39.5745
33.3734
31.4890
24.9778
25.4187
34.0729
39.5618
40.5123
31.0156
38.4543
37.1428
34.4450
29.6411
26.9070
31.9418
30.9827
34.8124
33.2868
41.5571
45.5886
47.1812
46.3407
39.6465
40.6209
45.0600
44.0367
50.6045
47.7907
55.6836
51.1277
52.0654
46.0419
46.9089
53.3994
61.4861
60.3687
63.3679
62.0326
52.9475
52.8349
54.3235
57.2803
57.1729
57.0924
4.4750
9.9428
18.8018
17.6318
20.7582
13.7057
13.1361
10.0155
6.3823
13.5418
15.2610
18.3273
22.0247
15.9997
13.1967
9.1005
12.2534
17.0206
22.1921
27.8035
23.6580
18.8889
20.9183
13.3714
7.3549
12.4104
15.8336
13.8830
19.2796
22.1887
26.6578
30.7124
33.7473
27.6779
26.2991
20.5166
20.8389
29.0303
34.3630
36.1022
27.4151
35.5911
35.3547
31.7692
26.6739
25.4558
31.0154
31.7874
35.2643
32.6828
39.9768
44.0582
46.8206
45.4818
40.1533
39.5493
43.4048
41.1887
47.6749
45.8296
54.6077
50.1383
52.1359
45.2158
45.8700
51.4695
60.0950
58.2538
61.1974
60.9120
52.0824
51.1963
51.6156
53.7230
53.9234
54.8485
7.3462
15.0704
13.9907
18.8744
13.0031
11.7083
11.6114
6.0275
12.3212
13.3938
14.9231
19.8455
13.2938
11.6334
5.8650
8.4007
12.7049
18.0109
23.3910
19.2314
14.4577
16.9174
10.2230
5.8082
11.1969
13.6148
9.8419
15.8048
17.9654
22.5720
26.8869
30.5562
24.2834
23.4821
17.7678
17.5346
25.4217
30.8588
32.4164
24.0463
32.2248
32.6653
29.3178
24.2086
23.2145
28.7989
30.0119
33.3473
30.1306
36.7750
41.0592
44.1239
42.8647
38.2514
36.9339
40.7241
38.0857
44.1692
42.8124
51.7484
47.6298
50.2901
42.9669
43.7799
49.2492
57.9632
56.0068
58.7503
58.5936
50.0378
48.6114
48.4286
50.5641
51.0477
52.0007
9.4694
10.9786
14.6489
10.9133
7.3153
11.1085
10.9999
12.7367
15.6648
15.0346
22.2593
17.2819
16.2244
6.7689
5.8300
13.1613
17.7268
21.2226
16.6103
14.5597
17.3097
13.9096
12.8839
17.2388
18.6483
13.0508
19.5417
19.3161
23.0449
28.9045
34.0854
27.4253
27.6444
21.6851
20.1877
27.4565
33.2441
33.4883
25.3144
32.5809
34.0858
32.3643
27.4518
25.3189
30.4993
30.6176
34.1939
30.0889
35.7205
41.0887
43.5129
43.4371
39.2389
37.7036
42.1319
39.4992
44.1711
43.4535
51.8336
48.8449
52.2533
44.7420
46.2514
52.2837
60.7588
59.1523
61.4602
60.6295
52.4983
50.3754
49.4473
52.5401
53.5572
53.6417
9.4624
15.6377
16.6611
12.7533
19.6207
18.5478
17.9384
19.6521
15.2506
24.2611
20.1221
21.1383
12.6917
8.5554
11.8963
14.4572
14.2811
9.4173
11.5488
14.3207
16.3777
19.1733
22.0033
21.5081
14.5200
19.7818
16.5819
18.6737
25.5703
32.3570
25.8056
27.5515
22.4878
19.6113
24.6090
30.2268
29.1449
22.5861
28.3834
31.7205
31.5384
27.2815
25.1483
29.4816
29.7990
32.9098
27.4769
30.6949
36.8458
39.3785
40.1151
37.6906
34.8209
39.2342
36.0033
38.8105
39.4268
47.4621
45.8380
50.6720
42.6782
44.7601
50.6329
58.8554
57.2975
58.9740
58.0132
50.8213
47.4770
45.0975
48.7236
50.4950
50.1060
9.9888
11.4586
9.8924
16.8783
14.2033
10.6408
11.4483
6.5198
15.3947
13.5112
14.4234
8.6679
5.9185
8.2317
9.3450
13.3484
11.3019
11.7383
17.8578
17.9149
16.6870
22.1740
22.1837
13.3601
19.0521
14.8625
21.3771
26.0304
31.9178
26.1186
27.7437
23.9512
21.9642
26.5781
31.5471
32.3522
26.7239
33.6217
36.8642
34.7856
30.2562
29.9117
34.8271
36.5334
39.4318
34.3232
37.6921
43.0816
46.6335
46.3223
44.1508
40.8236
44.3746
40.3389
43.9571
44.9225
53.7968
51.4494
56.1775
47.9602
49.3312
54.1225
62.8372
60.4951
62.5005
62.8114
55.4548
52.2580
49.6683
51.7881
53.4062
54.5283
8.0422
8.2796
14.6378
17.3903
10.4855
14.5118
13.4088
19.0701
20.1648
18.9960
13.6478
12.8211
17.9613
18.5881
21.8782
20.3963
21.6105
27.2830
26.0784
22.5709
29.3053
30.3829
22.2184
28.4086
24.7602
31.2093
36.0042
41.6904
35.9375
37.2121
32.9772
31.2549
36.4836
41.5237
42.1972
36.1648
42.9500
46.0065
44.1296
39.4051
38.4129
43.4487
44.1827
47.4875
42.5390
46.1619
52.0251
54.9227
55.2077
52.3978
49.7042
53.6872
49.9705
53.3129
54.2151
62.7273
60.6171
65.0815
57.0614
58.5752
63.7448
72.4254
70.2371
72.2947
72.2887
64.7581
61.7464
59.2974
61.7145
63.3324
64.2003
4.5014
7.0801
10.5934
5.4304
11.0442
13.3830
17.7636
16.9271
14.2014
8.9550
10.5854
17.0472
19.6660
24.8018
22.2017
20.8571
25.8933
22.1196
16.6765
23.8886
25.9099
19.1164
25.5958
24.1557
30.7286
35.2071
39.8685
33.9598
34.2304
29.4680
28.5198
35.0559
40.2870
41.6081
34.4236
42.0398
43.8929
41.1709
36.1671
35.1783
40.5761
41.3033
44.7789
40.6591
45.8283
51.1283
54.0142
53.6701
49.7786
47.8926
51.8687
48.6233
53.3066
53.1721
61.9413
58.8407
62.3309
54.6705
55.8119
61.1125
69.8911
67.7433
70.2206
70.2190
62.0742
59.9109
58.5546
60.7349
61.7880
62.8463
8.0998
11.5501
8.5200
13.3536
13.7689
20.0646
17.8883
15.9528
8.0126
8.1375
15.6591
18.7282
22.8150
19.5083
18.6930
23.1401
20.0868
16.4471
22.7486
24.4448
17.6293
24.2939
22.7271
28.2244
33.5001
38.7075
32.4332
32.9107
27.6720
26.3016
32.9383
38.4361
39.0941
31.6707
38.9377
40.9372
38.9062
33.9668
32.3848
37.6129
37.9023
41.4477
37.1408
42.1578
47.7343
50.3027
50.3470
46.4766
44.6503
48.9144
45.8686
50.1788
50.0278
58.5099
55.7439
59.3931
51.7424
53.1722
58.8518
67.4715
65.5930
67.9029
67.4527
59.4244
57.0997
55.6915
58.4148
59.5932
60.1083
9.9152
10.1929
15.0535
18.7021
22.3441
19.7553
16.1308
10.9589
13.6094
20.6146
24.4910
29.7625
26.2352
23.6947
27.3612
21.7621
15.6396
22.1574
25.1151
20.4999
26.8611
27.3505
32.9334
37.5789
41.5767
35.4656
34.8850
29.3775
28.9741
36.5863
42.0314
43.3562
35.1267
42.9370
43.7014
40.8420
35.7387
34.1557
39.6061
39.6761
43.3897
40.1038
46.4944
51.5039
53.9006
53.4440
48.4298
47.5916
51.8177
49.3094
54.7461
53.6604
62.2083
58.5584
61.1137
53.9868
55.0177
60.7710
69.4033
67.5741
70.3049
69.8638
61.2711
59.8703
59.5341
61.9670
62.5907
63.3211
8.2440
8.9939
13.2287
15.7940
10.8170
7.3021
6.0452
10.2852
14.0094
18.3401
25.0129
21.9163
17.3153
21.2553
14.7876
6.7196
14.4739
17.1373
12.6167
18.2342
19.7402
26.2322
29.4442
32.5277
26.8984
26.0531
21.4546
21.6638
28.8585
33.8166
36.2208
28.6019
36.9876
37.5896
33.4713
28.4061
28.3513
33.9834
35.7244
38.9125
35.7343
42.0953
46.2014
49.6573
48.0784
43.7191
42.1396
45.5170
42.4741
48.7050
47.6572
56.8927
52.5784
55.2218
47.8517
48.3323
53.1766
62.0713
59.7119
62.6071
63.1028
54.5495
53.1693
52.7906
54.1892
54.6188
56.3273
5.6872
9.7511
12.5547
12.1452
9.3196
7.6609
10.2763
14.4941
16.7748
23.1819
21.2664
18.9458
24.5795
20.5706
14.1704
21.8837
23.6935
16.6668
22.6085
21.2242
28.8763
32.2795
36.3467
30.9235
31.1349
27.1975
26.6093
32.6524
37.4667
39.5737
32.9625
40.9049
42.7370
39.2059
34.2612
34.2521
39.7403
41.4120
44.5976
40.5504
45.6381
50.4272
53.9582
52.9577
49.4569
47.1377
50.5705
46.9336
52.0409
52.0302
61.2313
57.7423
61.2701
53.4832
54.2585
58.9111
67.8594
65.3245
67.9206
68.5910
60.4808
58.3357
56.8844
58.3089
59.2599
61.0443
7.1994
7.3945
7.2596
5.2170
9.1204
11.6714
12.4504
14.0668
21.5430
20.4547
17.2261
23.2318
19.4526
12.9844
20.4545
21.7334
14.6769
19.5412
18.1237
26.7065
28.8372
32.2619
27.4686
27.7174
24.8824
24.6241
29.8228
34.0807
36.9670
31.1891
39.2628
41.1384
36.8808
32.1261
33.1812
38.6120
41.2630
44.0726
40.0846
44.8957
49.1169
53.2950
51.6567
48.7110
45.8798
48.6966
44.6450
50.0657
50.2458
59.8055
56.0107
59.6489
51.7526
52.1744
56.0997
65.1629
62.2386
64.9019
66.2614
58.2984
56.1031
54.4810
55.1250
56.0059
58.5162
9.1205
8.3789
10.1747
9.7551
9.4225
7.5673
7.4050
14.4735
14.0520
12.3942
19.1815
18.2881
15.3511
21.3889
21.3521
12.6511
17.2866
13.2742
21.8449
24.5352
29.3180
24.3402
25.7464
23.2229
21.9815
25.9470
30.2181
32.3717
27.5225
34.9194
37.8734
34.5155
30.0525
31.0460
36.1008
38.8967
41.4795
36.7336
40.2582
44.8459
49.1497
47.9273
46.0097
42.3732
45.1837
40.7165
45.0815
46.0695
55.4781
52.4809
57.0278
48.7758
49.5790
53.4913
62.4386
59.5681
61.8118
63.0444
55.6385
52.6446
50.1027
51.0884
52.4810
54.6730
8.4598
9.3884
15.7446
17.3460
14.9125
14.0395
21.5882
22.3288
19.5235
25.9012
23.5165
18.0851
24.5216
24.9402
18.0177
20.9653
18.4185
27.8290
28.1902
30.9562
27.4561
28.1864
27.1874
27.0539
30.3931
33.6059
37.2737
33.2283
40.9379
43.3029
38.5404
34.2548
36.4881
41.6202
45.2435
47.5837
43.4409
47.3106
51.0499
55.9373
53.8182
51.9022
48.2610
50.3021
45.5893
50.7766
51.6438
61.4557
57.6954
61.7660
53.7014
53.8031
56.6699
65.7717
62.3083
64.8975
67.1970
59.7060
57.1708
54.8983
54.5218
55.5292
58.9791
4.8340
10.8978
12.7886
9.5365
11.5588
19.4525
18.4601
13.4841
18.8934
15.3199
10.4841
16.1725
16.4944
10.1862
13.2452
12.8698
21.5932
22.4913
25.1941
20.7531
20.8762
19.0295
19.1774
23.6621
27.4866
31.0578
25.8590
34.0209
35.6578
30.7397
26.2321
28.3211
33.5680
37.2040
39.5550
35.8080
40.5371
43.9942
48.7282
46.3820
43.8921
40.6849
42.9011
38.6419
44.5951
44.6525
54.4720
50.2690
53.8856
45.9809
46.0770
49.4527
58.5611
55.4109
58.1375
59.9444
52.0863
49.9448
48.4213
48.4986
49.2172
52.2019
9.5882
12.8367
12.5459
15.3034
23.0776
21.4897
16.6509
21.7276
16.5847
9.1574
16.3439
17.8814
12.4417
16.5243
17.1016
25.3020
26.7807
29.2335
24.5854
24.1099
21.3991
21.8347
27.4113
31.5296
34.9488
28.8635
37.2557
38.3796
33.4385
28.6821
30.1711
35.6522
38.6827
41.3571
37.9338
43.4071
47.0259
51.3608
49.1627
45.8745
43.3338
45.8900
42.0564
48.2941
47.8996
57.5983
53.1847
56.2927
48.6294
48.7230
52.4808
61.5681
58.5946
61.4907
63.0088
54.8077
53.0907
52.0858
52.4105
52.9245
55.6812
4.2704
9.7199
14.1012
19.8422
16.4610
13.0229
17.6203
13.3597
9.1156
15.7000
17.1675
10.2426
16.7910
16.4010
22.6066
26.8918
31.3335
25.2418
25.3675
20.5320
19.6615
26.4024
31.6818
33.2319
25.8785
33.8354
35.4046
32.2973
27.3053
26.7784
32.2388
33.7595
36.9597
32.9523
38.3987
43.1367
46.4934
45.5266
41.8422
39.6845
43.3426
40.0362
45.3030
44.8808
53.9447
50.4210
53.8821
46.1453
47.1017
52.2044
61.0270
58.8078
61.3308
61.5139
53.3530
51.2549
50.1123
52.0703
52.9707
54.1929
7.9415
12.0885
16.5154
12.7390
10.6112
15.3890
13.2998
12.0422
17.2409
17.8345
10.0016
16.5420
14.7726
20.2537
25.3699
30.7331
24.4131
25.2165
20.3321
18.6821
24.8786
30.3187
31.1412
24.0784
31.5413
33.7943
31.5112
26.6893
25.7949
30.9965
32.3274
35.4814
30.9184
35.6191
40.7860
44.0329
43.5227
40.3564
37.8086
41.6483
38.2133
42.7285
42.7387
51.6039
48.6701
52.6813
44.7516
46.0487
51.3232
60.0268
57.9430
60.1878
60.1133
52.2740
49.6895
48.0324
50.4254
51.6479
52.4690
5.6013
11.4716
9.0896
4.9280
11.6265
12.0460
12.9822
16.5726
15.4849
6.5035
11.0140
7.1493
14.6592
18.3580
23.7978
17.9982
19.6062
16.5167
14.7348
18.9554
23.7768
25.3983
19.9983
27.4676
30.3457
27.3702
22.9621
23.7754
28.6730
31.6509
34.0716
29.2766
32.9247
37.3665
41.6915
40.3738
38.5304
34.8071
37.7101
33.4118
37.9862
38.6408
48.0368
44.9808
49.5754
41.2984
42.2547
46.5070
55.3631
52.7559
54.9158
55.7469
48.3341
45.2988
42.9683
44.4293
45.7961
47.4984
8.0087
8.7748
8.1371
14.8244
17.2128
18.0118
21.6713
20.1447
11.6162
14.2290
7.6287
15.8232
18.4094
24.2162
19.3965
21.9162
20.3391
18.3710
20.3571
24.3094
26.0089
22.5757
29.1689
32.9823
30.2132
26.3179
27.7397
32.1856
35.5776
37.6559
32.4650
34.7018
39.1372
43.8425
42.5935
41.8505
37.3453
39.7868
34.8729
38.5187
40.1720
49.5396
47.0294
52.3047
43.8288
44.7888
48.3750
57.1645
54.2581
56.1580
57.4904
50.6672
47.0355
43.7482
44.7529
46.5101
48.6345
5.6818
10.6915
15.1501
20.9856
24.3621
26.6350
24.3551
16.6932
18.3116
10.8608
14.4361
18.3156
25.6440
21.0304
24.6274
23.2343
20.2551
20.2408
23.9166
23.7112
21.9114
26.5284
31.7339
30.8054
27.6523
28.3940
31.8966
34.8665
36.6261
30.6802
30.8255
35.8748
40.3271
39.9956
40.5211
35.3087
37.8779
32.8089
34.4614
37.2205
45.9002
44.7349
51.0201
42.4262
44.0126
47.7668
56.0758
53.5029
54.7749
55.5852
49.6244
45.0646
40.6558
42.5275
44.9690
46.2142
7.1074
10.9703
16.6686
20.9284
22.7432
20.6918
13.2655
15.9244
9.9590
12.2718
18.1469
25.5608
19.8299
22.8352
19.9442
16.7103
18.6025
23.3724
22.6589
18.7142
24.0199
28.6201
28.0009
24.4186
24.1813
27.9859
30.2763
32.4327
26.5504
27.8916
33.3348
37.2546
37.1572
36.6553
32.1385
35.4093
30.9819
33.3184
35.1326
43.7701
42.2897
48.0768
39.6025
41.3842
46.0130
54.3500
52.1840
53.6321
53.7298
47.2251
43.1070
39.5460
42.1899
44.3355
44.8927
6.9359
10.3212
14.7975
16.0077
13.8851
6.4450
9.1465
5.3671
10.0133
14.9765
21.1910
14.9069
16.9769
13.6497
11.0440
14.8764
20.0964
20.9384
15.3776
22.6089
25.7530
23.4385
19.2651
19.8331
24.3941
27.4933
29.7096
24.6797
28.0231
32.4725
36.8210
35.5724
34.0615
30.0744
33.0602
28.8085
33.2076
33.8291
43.1475
40.2788
45.1301
36.7757
37.9558
42.4496
51.1679
48.7779
50.7648
51.2635
44.0067
40.7454
38.3343
40.2564
41.7335
42.9698
8.9540
17.1531
15.0451
11.9079
9.4074
9.1877
9.4579
6.2624
13.0558
19.2158
12.4233
14.2323
9.9538
6.2478
10.6747
16.6119
16.1815
8.8925
16.3307
19.0437
17.6256
13.6763
13.4191
17.6245
20.8195
22.8410
17.8229
21.7635
25.9852
30.1982
28.8439
27.1411
23.2533
26.5662
22.8506
27.6969
27.5232
36.7458
33.6993
38.4351
30.1322
31.5717
36.7179
45.2331
43.2965
45.2099
45.0304
37.6600
34.5056
32.6634
35.3858
36.7155
37.1158
9.3774
6.4853
5.2235
5.9747
8.1233
12.9272
14.2870
18.3565
21.8483
15.2447
14.3558
7.8921
7.4778
15.8745
21.3989
22.8290
14.2225
22.6628
22.8022
19.2034
14.1275
13.8509
19.4147
22.1187
24.8111
21.5948
28.2147
31.6464
35.3858
33.3557
29.4373
27.4195
30.7512
27.9907
34.6295
32.9972
42.2349
37.7970
40.7601
33.1667
33.8862
39.1854
47.9246
45.9428
48.5828
48.5426
40.1407
38.5123
38.3977
40.4597
40.8862
41.8246
7.9334
10.6198
8.6486
12.9308
16.6919
22.0058
24.6573
27.0183
21.3858
19.9333
15.2082
16.0525
23.5340
28.3737
31.0784
23.2829
31.8479
31.8025
27.1320
22.1013
22.5718
28.1929
30.6206
33.5104
30.7852
37.5598
40.9558
44.7026
42.5069
38.1264
36.5682
39.6070
36.7149
43.6283
42.1053
51.4729
46.6573
49.0186
41.7517
41.9777
46.6702
55.5660
53.1910
56.1955
56.8027
48.1539
47.0453
47.1185
48.2993
48.4655
50.2964
4.3737
10.1848
10.9344
17.4878
19.5958
21.8660
23.2092
17.6102
15.0382
9.4639
11.4880
19.4302
24.1150
26.6780
18.3392
26.7072
25.3408
20.2628
15.3192
15.8983
21.3696
24.2688
26.8344
25.0677
32.6766
35.1280
38.8553
36.0376
31.1955
30.1526
32.9820
30.7530
38.5321
36.0495
45.2776
39.8188
41.5350
34.6128
34.6189
39.5388
48.2915
46.1760
49.3120
49.6367
40.7478
40.2021
41.2157
42.5244
42.2731
43.8050
9.0658
7.5930
14.7461
15.7376
17.6984
19.2392
13.4060
11.0416
5.1282
7.4159
15.0817
19.7786
22.3535
14.3462
22.7856
21.7745
16.5572
11.5626
13.0663
18.4335
22.2655
24.4248
22.2666
29.2799
31.5152
35.7014
32.6580
28.6273
26.8008
29.3406
26.7046
34.4455
32.2365
41.6945
36.3648
38.6567
31.3562
31.4057
36.1071
44.9682
42.7211
45.6973
46.2077
37.5644
36.5593
37.1503
38.3740
38.2982
39.9292
6.6855
8.5746
13.7463
17.1874
21.3665
15.0640
15.3114
10.9639
10.0401
16.4120
21.5963
23.6555
16.6961
25.0270
26.4816
22.6901
17.8912
18.7654
24.0499
27.2341
29.7063
25.7661
30.9732
34.7192
38.9751
37.0353
34.2039
31.2309
34.1436
30.4528
36.3903
35.8629
45.3872
41.4109
45.1178
37.1551
37.8117
42.3475
51.2653
48.8098
51.3158
51.9708
43.9908
41.7410
40.5739
42.0184
42.8201
44.4655
7.7673
10.9470
11.7819
14.8117
8.6789
8.8117
6.7260
6.7270
11.1100
15.6143
18.8673
13.2056
21.4732
22.6041
17.6637
13.3676
16.3661
21.0740
25.8354
27.4810
23.9876
28.7526
31.2794
36.3653
33.4036
31.4081
27.7894
29.6910
25.5827
32.2770
31.6694
41.5661
37.0568
40.8089
32.7998
32.9610
36.6330
45.6721
42.8450
45.4322
46.7851
38.9793
36.7329
35.6050
36.1752
36.7837
39.1784
9.4613
11.3868
17.1994
11.8431
14.5518
13.6179
11.6740
12.9185
17.0626
19.2497
15.7616
22.7358
26.0410
22.7566
19.0970
21.3445
25.5362
29.8210
31.4572
26.6781
29.3067
32.8693
38.0285
35.9994
35.3748
30.7177
32.7323
27.8115
32.4522
33.5178
43.2050
40.0618
45.1082
36.6727
37.3840
40.8155
49.6633
46.7453
48.7689
50.1946
43.2393
39.8264
37.0192
37.8231
39.3014
41.5563
8.0426
15.3969
9.6525
13.1899
12.1340
8.8183
6.6522
11.7734
11.0132
7.8240
13.4222
17.6724
16.5287
14.0111
15.4994
18.2695
22.7242
23.7101
18.4979
20.0077
23.5044
28.7307
26.9050
27.2140
21.8693
24.0750
19.2571
23.3820
24.3753
33.8713
31.2478
36.9426
28.3619
29.6939
33.8045
42.2458
39.9399
41.5176
42.0082
35.4434
31.4469
28.4155
30.5693
32.3464
33.2717
8.0406
5.2980
9.9692
13.5009
12.1666
5.2270
5.9916
9.7822
11.6710
15.9741
19.3357
15.9102
14.6866
19.0158
21.1089
27.1795
27.2774
23.2490
24.1805
25.5238
31.8846
28.4872
29.9053
24.0294
24.2016
18.4564
23.5939
24.8925
34.8153
31.3425
36.8821
28.5097
28.7516
30.7897
39.4675
36.2038
37.9918
40.1991
34.0484
30.1558
26.8987
26.6475
28.1805
31.1860
6.9378
8.4516
15.1906
15.8712
9.8865
6.5137
13.4559
16.0581
19.8141
20.8993
15.1529
15.1695
21.2370
22.7933
29.7828
29.2791
26.8625
28.6353
28.0283
34.7609
29.8788
31.1731
25.8584
24.4750
19.1370
26.0484
26.2532
36.1376
31.2316
35.5809
27.9771
26.9184
27.1424
35.9832
31.9550
34.3465
37.9747
31.7315
28.9136
26.9242
24.3995
24.8628
29.7713
4.7005
9.1446
9.1201
4.9803
7.1594
12.0427
10.6429
16.7549
18.1773
12.9007
10.8857
16.0754
18.8231
25.1686
25.4827
22.3191
25.2741
26.2024
32.3142
28.3577
28.3294
23.4293
23.7733
18.8186
25.7708
25.5660
35.6709
31.0666
35.4701
27.3497
27.1372
29.5374
38.5412
35.3173
37.6750
39.7974
32.7341
29.9082
28.1991
27.8264
28.5384
31.6729
7.1546
9.0940
8.3597
10.1988
15.1515
12.0149
18.6514
18.2641
11.4172
8.9368
14.8429
17.9197
24.3714
24.7684
22.6489
27.0964
27.4765
33.2982
28.8388
27.6229
23.7415
24.0478
19.9752
28.1244
26.7414
36.7610
31.2194
34.4834
26.8240
26.1039
28.6193
37.7464
34.5602
37.4015
39.5183
31.7912
30.0136
29.6636
29.0595
29.0366
32.3197
3.8637
10.2507
14.9047
17.3523
9.8958
18.1906
17.4815
12.1477
7.2885
10.3473
15.1213
20.1331
21.6324
19.1713
25.3537
27.1289
31.8571
28.4727
25.4862
22.7283
24.8305
21.7673
29.5527
27.5561
37.2332
32.0185
34.9461
27.2707
27.3724
31.8343
40.7540
38.4188
41.1864
41.8389
33.5166
31.9926
32.1705
33.3585
33.4624
35.1132
8.6751
14.2860
15.5101
7.3874
16.0032
16.5809
12.9040
8.3126
9.9271
14.6224
19.1926
20.8456
17.3097
22.7974
25.4120
30.0484
27.3495
24.9090
21.5691
24.1840
20.8119
27.6458
26.2565
35.8735
31.4514
35.1822
27.1451
27.8373
32.6731
41.4596
39.3153
41.7172
41.9818
34.0154
31.7726
31.1647
33.0483
33.6544
34.7296
6.0176
7.8301
6.7108
12.0060
14.5447
11.3679
9.9608
13.9203
15.9027
22.0041
22.1356
18.3250
20.4172
21.7546
27.8069
24.3642
24.9388
19.4688
20.2935
15.2007
21.4637
21.5106
31.5388
27.6300
32.7775
24.3369
24.8465
28.0803
36.8153
34.1107
36.0340
37.2938
30.5067
26.9986
24.7618
25.7076
26.9033
28.8262
6.9447
11.6637
13.6881
15.9792
12.4431
13.1780
18.1876
18.8556
25.6048
24.8407
21.8050
22.3928
22.0310
28.8158
24.4457
26.6149
20.5416
19.5054
13.6697
19.9217
20.5575
30.5038
26.4265
31.8280
23.7031
23.5386
24.9153
33.5553
30.2186
32.0273
34.4897
28.5256
24.7014
21.8650
21.0715
22.3062
25.6234
9.8010
7.8388
12.4996
13.0065
14.3140
17.1021
16.5229
22.3532
21.3055
17.4336
15.9501
16.1785
22.8817
19.5178
22.8702
15.9510
15.6803
9.6330
13.9425
15.3868
25.1324
22.4599
29.0952
20.6423
21.7550
24.5330
32.4808
30.1080
31.1630
32.0728
26.6837
21.7334
17.7944
19.6621
21.7713
22.7192
8.6190
10.4295
9.8936
7.8431
8.4756
10.4884
15.6623
16.2819
11.9669
15.8226
18.2044
23.1996
20.6191
19.7544
15.0707
17.7722
14.2525
20.4383
19.1783
28.7403
25.0120
29.8360
21.4128
22.8219
28.0639
36.4219
34.7213
36.5471
36.1466
28.8362
25.6490
24.4235
27.4518
28.5175
28.4574
7.1791
12.2873
13.7004
13.4128
11.2898
15.6458
14.4436
10.1599
8.8576
10.1455
15.9577
13.6313
16.1668
9.3467
11.6606
8.2325
12.1861
11.3014
20.6071
18.3013
24.8381
16.3502
18.8448
24.2022
31.4911
30.4880
31.3792
30.0171
24.0903
19.4320
17.0264
21.9833
23.7442
21.8021
8.2041
10.9806
10.3071
5.9540
11.5999
9.4184
8.5912
12.1156
10.5069
15.4091
11.0015
10.6956
5.4948
8.1286
8.0984
15.6434
11.0234
19.9865
15.0363
19.5035
11.1154
13.2369
20.0173
27.4877
26.9276
28.5091
26.6007
19.1330
16.3749
17.4808
22.0863
22.4681
20.2566
5.1159
9.3545
8.6554
15.9244
14.9153
14.6860
19.6738
18.2311
23.5373
18.3289
16.7502
13.4313
13.6579
11.7695
21.2381
17.4622
26.8861
20.5672
23.3260
15.6700
15.3406
20.0026
28.7484
26.8507
29.4876
29.7201
21.4210
20.1114
21.7304
23.2319
22.7446
23.6036
6.5694
9.1575
15.6301
15.9855
14.7198
20.9680
21.2382
26.0800
21.8758
19.0950
16.3333
17.9618
15.7411
24.4431
21.2907
30.7774
24.9889
27.6799
20.0562
20.1103
25.0694
33.8126
31.8918
34.5885
34.7200
26.2886
24.9977
26.1021
27.7892
27.5716
28.4920
5.6433
9.8406
11.4389
9.9251
18.2379
19.8285
23.1317
20.3556
15.7181
14.4598
18.2184
17.4895
24.9561
21.2258
29.7623
24.7066
27.1742
19.8445
21.0712
27.8345
35.8702
34.9500
37.3216
35.8275
27.3052
26.1021
27.5975
31.1318
31.1502
30.2221
7.3050
6.8511
7.1493
15.0708
15.1850
18.2868
14.9726
10.3869
9.2441
13.2212
13.9482
21.3248
16.5341
24.5280
19.2707
21.7840
14.4564
16.2053
23.7163
31.1983
30.8569
32.9342
30.6645
22.3133
21.0929
23.3008
27.6469
27.5677
25.5355
4.1924
6.2121
15.4070
16.9796
17.1403
16.3477
9.1378
11.6797
17.2614
19.4556
24.7663
19.7526
25.5352
21.5597
23.2222
17.4579
20.1800
28.7003
35.0145
35.7097
37.4510
33.5555
25.5979
24.8125
27.4461
33.1897
33.2394
29.6170
6.5720
14.0691
13.9242
14.2334
12.5121
5.0968
8.3040
13.6154
16.7481
22.0653
16.3553
21.8167
17.4441
19.1621
13.4041
16.3918
25.0701
31.0337
31.9648
33.5409
29.3949
21.6026
20.8195
23.9669
29.8885
29.8138
25.7411
9.7336
12.6887
14.1779
13.8592
10.5017
8.7025
14.6767
15.5096
19.6209
15.8728
22.6085
19.8397
23.8582
16.7104
19.9424
27.8304
34.4275
34.7030
35.9719
32.5589
25.4304
22.8884
23.5979
29.7097
30.5346
26.9457
7.4899
9.5575
11.7153
15.0020
9.7731
13.9990
13.8623
12.4738
11.6183
17.0382
17.8697
24.7851
17.7085
21.6848
28.2046
33.7296
34.1367
34.1913
30.5930
25.9305
21.0147
18.6390
26.1499
28.2512
23.5093
7.1629
5.2068
12.4829
6.4307
7.7870
9.7330
8.9400
4.6496
10.8217
10.5544
18.2499
11.4562
15.4945
21.5051
26.3772
27.0906
26.9369
23.1142
18.9394
13.6668
12.3101
20.3347
21.9841
16.3319
7.2840
12.0231
10.1628
13.0713
16.6882
14.7496
10.8631
10.4280
12.6354
18.5596
14.3159
18.9109
25.8505
29.1477
31.1217
30.6440
24.8367
21.4051
17.4250
17.6527
26.2722
27.6378
20.5055
9.3385
5.9559
6.1727
11.3048
12.8028
6.0076
9.6482
6.5798
13.2271
7.3074
11.7996
18.7218
22.9255
24.3964
24.4703
19.6203
14.8005
10.8993
13.0430
20.6865
21.3215
14.8938
7.5123
11.4265
16.2598
20.9745
14.3309
18.1746
13.3665
14.3957
9.7631
13.2013
22.0857
27.0191
28.6231
29.9088
24.9440
17.5653
17.2439
21.5498
27.8005
27.4518
22.4148
6.2581
9.4102
14.0248
8.1227
15.3293
11.3073
16.4644
8.6788
12.4298
20.0369
26.0738
26.5931
27.5044
23.9770
17.3912
14.2234
15.8033
22.2348
22.8026
18.4038
6.4170
12.1693
5.3559
13.3885
7.3942
13.6220
5.3823
8.2055
14.3007
20.4669
20.5966
21.4020
18.7936
12.6108
8.4377
10.8529
16.4855
16.6899
12.5234
9.8852
7.1605
17.1214
12.9869
19.6756
11.4936
12.8629
16.4391
23.7442
22.3886
23.2520
22.8243
17.3666
12.2807
10.4846
14.4137
15.6593
14.2667
7.3908
13.1102
14.7194
23.5072
16.9637
19.6162
22.2761
27.0133
26.5118
25.5900
24.0416
22.0999
15.0734
8.1854
15.3314
18.6004
14.6065
10.1079
8.1768
16.5768
9.7031
12.9206
17.5359
22.5255
22.8203
22.5982
19.6680
15.8790
9.7563
8.0272
15.8099
17.3586
11.9554
8.7009
15.9283
14.1528
17.5766
21.3295
22.2263
24.6416
22.8969
16.8502
17.2481
12.0517
11.7620
20.2270
21.6175
13.0059
8.9053
6.0136
8.9240
13.8701
16.5806
18.6283
18.3603
13.0507
9.3235
5.3890
10.9298
17.4423
17.2158
9.8450
8.6201
8.7437
13.7386
14.3383
17.9356
18.7152
12.1896
6.3743
10.5872
18.9321
23.1778
21.2585
15.3896
4.6156
12.7347
17.8717
19.0736
20.2393
16.3378
8.7828
7.8834
14.1250
19.0926
18.1481
13.3371
8.9401
15.0766
15.6617
17.6710
15.2451
6.2699
8.0270
15.3907
18.1321
16.1515
13.2000
9.1360
7.1689
10.1671
12.4312
7.4386
9.3240
15.5505
13.8008
10.0365
11.0441
5.8560
5.9157
6.6340
9.5176
12.7834
19.2616
17.9410
14.3926
12.8038
4.6648
11.3705
11.8972
13.7561
18.7275
14.8806
10.5851
12.9329
9.2510
13.2704
13.6039
17.4502
14.0080
10.5822
11.2749
9.5357
10.6293
16.6794
18.1474
16.0236
10.4541
7.3358
16.0818
18.1373
15.5190
11.4978
8.8173
12.9014
12.0137
5.5887
9.0002
11.5420
6.5942
4.6304
9.0792
9.0452
