# Pairwise distances between all Valine CB atoms (in Å)
7.1940
11.6388
11.4861
19.0886
16.9816
20.6687
20.1002
26.3633
23.0967
24.1544
17.4075
20.1950
13.3552
12.5121
6.0170
11.3575
15.6661
11.2647
18.9051
16.8992
22.7406
21.1204
15.3689
12.9326
9.4334
15.9755
18.3987
19.5877
25.8241
29.8107
26.2709
21.6887
19.4776
20.4511
19.4650
25.1305
26.2635
29.0120
34.5097
43.3397
44.6116
43.4679
44.8207
51.4403
55.5370
55.7408
59.0790
55.3632
60.1495
67.5439
72.6457
71.5644
63.3278
69.6758
66.2256
64.5877
62.2443
59.9744
62.5263
62.7004
58.0513
56.3670
58.8535
64.1288
65.5762
70.9867
71.1733
67.8642
66.0753
69.6840
64.4799
63.1395
54.9162
56.0637
60.3706
64.2875
72.2657
69.5732
70.9670
73.4266
76.5376
79.9793
76.1413
66.9552
73.8838
78.9767
79.4357
76.5679
82.4954
87.5858
89.9428
86.9032
79.3198
79.7589
89.4997
88.6350
94.5806
92.7816
98.2736
93.5889
100.2357
9.6360
5.3879
12.7577
11.3236
16.9720
18.3173
25.7504
25.0255
23.4810
17.2444
18.6422
12.9754
8.7856
8.8946
10.3163
17.2389
14.8249
21.7658
18.8413
25.9499
25.1236
17.9594
17.7915
14.0765
18.0013
21.9818
23.6104
30.0566
34.0616
31.2673
27.7046
24.3468
26.1554
24.2333
28.2376
30.3098
34.0370
39.4532
48.6473
49.1145
48.0587
50.3654
56.6387
61.0787
61.4332
64.7398
60.3130
65.5214
72.8411
78.3844
77.6906
69.3277
75.9490
72.0729
70.2569
68.1123
66.3016
69.1768
69.3802
64.5385
62.5601
64.5797
69.7725
71.6806
77.1140
77.5412
74.5071
72.5419
76.0645
70.7005
69.2672
61.1499
62.4622
67.0286
70.7886
78.7477
76.2894
77.6575
80.0915
83.1982
86.7902
83.0142
73.7562
80.7206
85.9633
86.2575
83.1685
89.0844
94.2027
96.7834
93.8118
86.2256
86.5205
96.2752
95.2641
101.3677
99.4787
104.7768
100.0858
106.6849
9.0508
14.2365
8.2754
12.5077
13.8475
18.1425
18.4019
19.1223
12.9361
19.5427
17.8183
12.2128
9.9729
5.5773
10.0730
12.1768
15.5449
14.6170
22.6925
23.8345
17.3732
16.4026
17.9087
23.8785
26.6702
25.4068
29.4421
33.1274
32.5510
29.6544
24.4011
25.5056
21.7011
23.0262
27.5404
33.2904
38.4487
47.2123
46.7957
44.7973
48.1067
55.2585
58.6250
60.4072
62.7585
58.6101
64.3808
70.7204
76.4333
76.6313
68.1501
75.6199
71.7884
68.7640
67.5363
65.4332
68.7615
68.2344
62.8609
60.9619
61.8395
67.5784
69.7610
74.8324
76.3362
73.8071
70.9687
73.9345
68.1335
66.0433
58.4272
59.5823
65.1139
68.5732
75.9760
73.5694
75.4315
78.6363
80.9566
84.8075
81.2828
72.7145
79.6662
85.0033
85.3342
82.3846
88.3979
93.4062
95.9278
93.3701
86.0128
86.3384
96.0529
95.4428
101.3829
99.1184
104.3774
100.4559
107.0699
7.6502
8.2818
12.2399
14.4783
22.6346
23.5438
20.0140
14.5980
15.3611
12.2882
5.5279
10.3179
8.6472
16.4687
15.2911
21.2802
17.5785
25.1143
25.0523
17.3440
18.8607
16.2025
19.0437
23.3323
24.1730
30.0894
33.9709
32.2889
29.8932
25.1706
27.5610
24.7836
27.3106
29.9838
34.6282
39.8498
49.2208
48.8532
47.8320
51.0834
57.0542
61.6994
62.3660
65.5030
60.4291
66.0926
73.1777
79.1791
79.0458
70.5421
77.6189
73.2682
71.0603
69.2837
67.9666
71.3547
71.4967
66.3368
63.9811
65.3680
70.4743
72.9258
78.3436
79.1797
76.6140
74.2891
77.6439
72.0706
70.5390
62.5936
64.1556
69.0764
72.5653
80.4823
78.4850
79.7299
82.1283
85.1981
89.0614
85.4196
76.0759
83.0901
88.6442
88.6064
85.1829
91.0895
96.2238
99.1632
96.3928
88.8529
88.8973
98.6588
97.5124
103.8244
101.7014
106.6975
102.1898
108.7226
9.1473
10.3659
14.6161
23.0486
26.4982
20.0628
16.8821
15.4051
15.9176
9.0030
17.0654
13.5296
20.8209
20.9690
25.5821
21.3113
28.6666
29.3069
21.5291
24.6878
22.4120
23.3396
28.0319
28.6767
34.1039
37.7267
37.0293
35.8055
30.2197
33.1865
29.8631
30.7455
33.8594
39.1552
44.0378
53.4974
52.2114
51.3738
55.6152
61.0113
66.0097
66.8449
69.8881
64.0114
70.1048
76.9829
83.4939
83.9074
75.3114
82.7399
77.8446
75.3759
73.9136
73.2303
77.0942
77.2698
71.8656
69.1009
69.8787
74.7705
77.8185
83.2293
84.3923
82.2899
79.7001
82.9155
77.1863
75.6137
67.8724
69.7014
74.8772
78.0902
85.9728
84.4563
85.5338
87.8028
90.9054
95.0143
91.4974
82.0262
89.0645
94.9067
94.5224
90.7296
96.5876
101.7380
105.0706
102.4637
94.9618
94.7355
104.4787
103.1194
109.6716
107.3568
112.0003
107.5826
114.0153
11.5412
15.9127
21.3245
24.4592
21.8903
17.2264
20.8925
20.1827
12.8853
16.0021
11.2350
17.1935
19.3748
22.7238
20.6994
28.9164
30.1630
22.8743
23.6295
23.3050
27.1697
31.1288
30.9175
35.6082
39.3019
38.7555
36.3362
30.9576
32.7728
28.9790
29.5521
34.1188
40.0157
45.1060
54.1730
53.2574
51.5444
55.4248
62.0618
65.9072
67.5322
70.0324
65.2387
71.2412
77.6681
83.7197
84.0872
75.5388
83.0586
78.8694
75.9313
74.6994
73.0313
76.5149
76.1548
70.7455
68.6068
69.3123
74.8563
77.3712
82.5122
84.0185
81.6113
78.8046
81.7967
75.9579
73.9106
66.3247
67.6271
73.1652
76.5553
84.0184
81.7751
83.5439
86.5957
89.0424
92.9570
89.4372
80.7013
87.6799
93.1023
93.3130
90.1698
96.1543
101.2035
103.9083
101.3250
93.9189
94.1335
103.8694
103.0688
109.1654
106.9002
112.0092
107.9400
114.5132
5.8598
12.8203
17.7545
11.3394
9.5819
13.2932
17.7578
11.7636
16.2636
10.1110
14.1957
16.8866
18.2737
14.6316
21.8783
24.2424
17.5394
20.8804
22.5414
25.3665
28.5447
26.3204
29.2901
32.4628
33.9838
33.8059
26.4958
29.1309
24.4145
22.6618
27.3470
34.2662
38.7106
47.7105
45.4769
44.0163
49.2883
55.0877
59.3437
61.3164
63.5628
57.7085
64.3207
70.3261
77.0836
78.3813
69.7062
77.9157
72.8897
69.3633
68.7533
68.0943
72.5361
72.1786
66.2874
63.3779
63.0641
68.2223
71.6890
76.8062
78.9017
77.4409
74.0675
76.7950
70.7275
68.7364
61.4921
63.3917
69.2943
72.0977
79.5549
78.4525
79.6750
82.3595
84.9344
89.3663
86.1294
77.0958
84.0998
90.1968
89.5871
85.6993
91.5825
96.6343
100.1365
97.9667
90.7012
90.3289
99.9922
98.8584
105.3804
102.6569
107.0833
103.3747
109.7617
10.0523
13.1075
5.9987
4.5698
10.5423
16.0689
12.2444
14.6176
9.5236
11.4941
13.4597
14.1704
9.6947
16.2244
18.8925
12.9222
16.8862
19.8677
22.9826
25.2137
21.7829
23.8091
26.8167
28.9974
29.4971
21.6226
24.3513
19.4384
17.3212
21.6695
28.7860
33.0525
41.9740
39.6218
38.2232
43.6039
49.2811
53.5909
55.5862
57.7969
51.8591
58.5129
64.4824
71.2888
72.6908
64.0094
72.3312
67.2001
63.5730
63.0592
62.5581
67.1982
66.8485
60.8773
57.8037
57.3754
62.4417
66.0291
71.1591
73.3101
72.0435
68.5716
71.2709
65.2004
63.3000
56.0835
58.1470
64.0383
66.7100
74.2118
73.4098
74.4224
76.9555
79.6138
84.1484
80.9731
71.8428
78.8365
85.0974
84.2717
80.2193
86.0718
91.1176
94.7905
92.7173
85.5013
84.9881
94.6167
93.4250
100.0205
97.1980
101.4906
97.8783
104.2268
9.1828
9.3893
10.8947
19.8290
25.2828
21.6540
21.1192
15.6144
12.0096
17.5795
12.6843
12.6627
17.1126
21.7988
18.7638
20.5746
26.7387
31.4201
32.5213
27.3604
26.4755
28.6241
32.8711
33.6584
25.3677
26.7766
20.8153
14.6987
21.8979
30.4569
33.9535
41.6189
38.3982
35.8116
42.1168
48.6459
51.4289
55.0363
56.0532
50.7766
57.8012
62.4604
69.2405
71.5608
62.9712
71.9879
67.1259
62.2456
62.7590
61.8474
66.7976
65.6556
59.2848
56.4324
54.7260
60.3186
64.0679
68.6640
71.9548
71.2199
66.8915
68.9137
62.4992
59.8956
53.4713
55.2927
62.0763
64.3505
71.0654
70.3402
71.8652
75.1991
76.9425
81.6705
78.8158
70.6248
77.4546
83.6822
82.9387
79.1514
85.0167
89.8642
93.3744
91.7548
84.8886
84.4512
93.8948
93.1827
99.4804
96.3172
100.5695
97.8196
104.1268
11.4945
10.3354
20.0901
23.3640
21.9356
17.8889
15.1165
8.6711
12.3482
5.1443
7.6873
9.7728
14.5786
13.9510
13.8297
21.8839
27.7102
27.4263
21.2858
19.2579
21.3835
25.4878
25.9497
17.9865
18.4672
12.3973
6.2246
13.9751
22.4214
26.0888
33.6283
31.3874
28.5793
33.8757
41.0627
43.5991
46.9991
48.1670
43.6325
50.2395
55.2437
61.5674
63.3332
54.7566
63.5266
59.0797
54.4498
54.6428
53.2292
57.9070
56.7734
50.5229
47.8986
46.8124
52.5991
55.8354
60.5490
63.4762
62.4000
58.2726
60.4922
54.1884
51.7336
44.9340
46.6752
53.2387
55.7335
62.6803
61.7244
63.1947
66.4827
68.3712
72.9688
69.9904
61.6870
68.5533
74.6956
74.0821
70.4629
76.3835
81.2566
84.5679
82.8188
75.8929
75.5818
85.0736
84.4619
90.6472
87.6099
92.1100
89.2437
95.6345
6.9153
11.4844
18.6563
16.8768
18.2360
14.4214
13.9236
15.4390
14.2756
9.8518
13.3048
16.8225
13.0064
17.7152
21.9067
24.4934
25.6881
20.8784
20.9717
23.3391
27.0932
28.9958
20.4743
23.3341
18.2411
14.3778
18.3702
25.9375
29.5385
38.1018
34.9679
33.6811
39.8213
45.0049
49.4000
51.6562
53.6345
47.2358
54.1810
59.8171
66.9332
68.8446
60.1681
68.8298
63.3366
59.3391
59.2233
59.2226
64.3426
63.9504
57.7707
54.3257
53.2994
58.1385
62.1981
67.2555
69.7455
69.0118
65.2275
67.7371
61.5906
59.7297
52.8031
55.1668
61.1981
63.5085
70.9189
70.7363
71.4539
73.7983
76.4721
81.2474
78.2546
69.0884
76.0235
82.5846
81.3440
76.9532
82.7185
87.7259
91.7700
89.9430
82.8677
82.0632
91.5855
90.2697
97.0206
93.9615
97.9001
94.5441
100.7748
10.8251
14.5030
12.0884
11.5592
7.8476
8.4107
9.1896
10.4232
5.2342
12.4469
14.8505
8.9996
12.4002
16.4012
20.5854
22.1290
18.1478
20.0843
23.2841
25.1272
25.2660
17.4098
19.8894
14.9752
13.9226
17.9005
24.8381
29.3429
38.3078
36.5038
35.0243
39.8366
45.8496
50.0295
51.9002
54.1984
48.6687
55.0949
61.2381
67.7855
68.8842
60.2184
68.3881
63.5057
60.0212
59.3245
58.5216
62.9735
62.6247
56.7438
53.8278
53.7496
58.9235
62.2129
67.3868
69.3455
67.8637
64.5163
67.3143
61.3143
59.4753
52.0878
54.0704
59.8273
62.6340
70.2213
69.2411
70.2709
72.8161
75.5158
79.9559
76.7134
67.5673
74.5728
80.7478
80.0380
76.1178
82.0028
87.0558
90.5797
88.4299
81.1826
80.7682
90.4226
89.3110
95.8205
93.0776
97.5300
93.8624
100.2641
9.3862
10.1507
15.2074
14.4327
18.6695
15.9446
20.3206
13.8675
17.5628
17.5232
11.2172
17.6441
16.4410
15.4730
18.2716
16.7382
21.0318
24.1809
24.6054
26.0141
19.2388
23.3725
20.5466
21.6156
21.9946
26.5505
30.7718
40.2183
38.4475
38.5138
43.0978
47.1709
53.0796
53.3934
56.7022
49.9026
56.1084
63.1430
70.0465
70.7804
62.1930
69.8096
64.1896
61.7933
60.4308
60.8127
65.3875
65.9086
60.3589
56.8243
57.3572
61.5291
65.2066
70.7606
71.8669
70.4642
67.7690
71.0115
65.3896
64.3303
56.6847
59.1931
64.0716
66.8198
74.9629
74.6094
74.7918
76.2324
79.8785
84.3357
81.0055
70.9489
77.9531
84.4184
83.1532
78.5768
84.2562
89.4288
93.5544
91.2036
83.8036
82.9600
92.5880
90.7592
97.7549
95.1478
99.1488
94.8051
101.0414
7.4973
10.4051
13.6619
19.2581
13.9483
21.4361
15.7396
19.9122
17.7658
10.9147
14.9464
9.2431
7.7907
12.1657
14.0552
21.3592
25.1612
22.3648
21.3725
17.1817
20.8816
19.8649
24.4403
23.6495
26.1353
31.1023
40.6726
40.6903
40.8552
43.5495
48.0784
53.9712
53.3703
57.2868
51.4971
56.8145
64.6070
70.7315
70.2648
61.8478
68.5296
63.6491
62.2558
59.9669
59.5661
63.1924
64.0240
59.0757
56.1328
58.0705
62.3407
65.0343
70.7644
70.9090
68.5420
66.6623
70.3689
65.1387
64.3622
56.1939
58.3260
62.4620
65.7939
74.2219
73.0403
73.3471
74.6935
78.6179
82.5892
78.9396
68.7546
75.7587
81.7290
81.0135
76.9303
82.6537
87.8721
91.4319
88.6106
81.0046
80.5709
90.2821
88.5519
95.2959
93.1724
97.7230
92.8140
99.1996
9.4392
8.9685
16.3502
13.7379
20.1869
15.1360
21.7749
21.3368
13.4958
16.7161
13.5639
15.0211
19.2999
19.9321
25.9865
29.7951
28.2763
26.8506
21.6491
24.7361
22.1630
24.8742
26.5259
30.8604
35.9166
45.4390
44.8530
44.2748
47.7269
53.0580
58.2424
58.5833
61.9292
56.3236
62.0561
69.2991
75.5380
75.5197
66.9874
74.1184
69.3758
67.2911
65.4887
64.7123
68.4116
68.7790
63.5568
60.8209
62.1447
66.9073
69.6784
75.2085
75.9619
73.6728
71.3551
74.7713
69.2354
67.9497
59.9819
61.8695
66.6483
69.9642
78.0651
76.5791
77.4091
79.3940
82.7739
86.7977
83.2091
73.5053
80.5401
86.3905
85.9509
82.1354
87.9706
93.1429
96.4713
93.7710
86.2266
85.9829
95.7286
94.3092
100.8710
98.6436
103.3425
98.7718
105.2205
6.9753
11.2468
6.2653
14.2903
11.1548
17.4444
16.4797
9.9349
8.9436
7.9664
14.6961
16.8406
16.1315
21.6030
25.5682
23.4355
20.3516
15.8708
17.5721
15.3479
20.0164
21.5362
25.4338
30.8352
39.9454
40.3694
39.2044
41.5499
47.9804
52.2516
52.8764
55.9875
51.6238
56.9345
64.0620
69.6587
69.2374
60.8003
67.7645
63.7804
61.6016
59.7201
57.9733
61.2029
61.2609
56.1717
54.0159
55.7664
60.9923
63.0530
68.4585
69.1613
66.4462
64.1630
67.5679
62.0925
60.6480
52.5803
54.0652
58.8267
62.4025
70.3655
68.2917
69.4891
71.9022
74.9737
78.7780
75.1145
65.7986
72.8059
78.3344
78.3424
75.0496
80.9840
86.0960
88.9055
86.1468
78.6308
78.7435
88.5028
87.5043
93.7010
91.5770
96.7104
92.3139
98.8944
7.8754
8.3563
12.7199
9.8766
17.9835
19.0466
12.1724
12.6952
14.5302
20.0115
22.5526
20.6550
24.5903
28.2697
28.0672
26.0900
19.9956
21.7771
17.7924
19.1800
23.0217
28.8460
33.9282
42.9471
42.2389
40.6012
44.2411
50.8672
54.7593
56.3004
58.8321
54.1160
60.0352
66.5219
72.5252
72.8893
64.3253
71.9343
67.6819
64.7024
63.4907
61.9211
65.6185
65.2952
59.7944
57.4789
58.2352
63.6826
66.2321
71.4355
72.9096
70.6815
67.7969
70.8203
65.0035
63.1341
55.4553
56.9703
62.4323
65.7148
73.3363
71.4754
72.9152
75.7228
78.3551
82.4048
78.9314
69.9620
76.9693
82.6470
82.5536
79.1833
85.1486
90.2097
93.1474
90.6697
83.2905
83.3157
93.0439
92.1609
98.3723
95.9794
100.9398
96.9709
103.5139
7.4264
5.5936
7.0928
14.2067
16.7616
12.7174
11.0564
17.4456
24.3059
25.2087
21.1043
22.3736
25.5427
26.9098
25.2419
18.4941
19.0274
13.8475
13.2317
18.8894
25.8139
30.5156
38.7641
37.8090
35.3493
39.2397
46.6837
49.5161
52.0685
53.8616
49.7919
55.8529
61.6023
67.4639
68.2853
59.7523
67.8078
63.8292
60.0578
59.4443
57.4523
61.3291
60.4568
54.6756
52.5554
52.6618
58.5326
61.0444
65.9485
68.0888
66.1382
62.7004
65.3378
59.3011
57.0113
49.6919
51.0343
57.0677
60.1574
67.3621
65.5006
67.2564
70.5912
72.6658
76.8365
73.5390
65.1261
72.0645
77.7446
77.7115
74.5356
80.5420
85.4891
88.2940
86.1011
78.9298
79.0198
88.6597
88.1236
94.1281
91.5114
96.5030
93.1020
99.6471
8.4980
6.2119
11.9749
12.0004
7.2169
4.4461
10.2547
17.5280
17.9866
14.4604
17.5502
21.2594
20.7455
18.5159
12.3965
13.5236
9.8327
13.9159
16.1016
21.1356
26.3570
35.1965
35.2281
33.6106
36.3984
43.2663
47.0273
48.3598
50.9889
46.7603
52.3438
58.9905
64.6869
64.7527
56.2377
63.7053
59.6745
56.8388
55.4590
53.6590
57.2680
56.9771
51.5479
49.3035
50.4533
55.8988
58.1619
63.4219
64.6747
62.3419
59.5567
62.6884
56.9875
55.3023
47.4433
48.9904
54.2233
57.5684
65.3374
63.5276
64.7856
67.4474
70.2252
74.2457
70.7410
61.6429
68.6571
74.3801
74.2271
70.8620
76.8305
81.8943
84.8183
82.3284
74.9471
74.9601
84.6886
83.8317
90.0180
87.6349
92.6496
88.6868
95.2491
6.5294
10.2701
13.5631
12.3237
10.0186
18.4258
25.3065
25.0032
19.5026
18.7768
21.4760
23.9153
22.9611
15.8445
15.7327
9.9717
8.1114
14.2665
21.6243
25.9565
33.7532
32.6865
29.9593
33.9552
41.6006
44.1052
47.0035
48.5274
44.6317
50.7410
56.2251
62.0794
63.1280
54.5989
62.8859
58.8989
54.8045
54.4569
52.4727
56.5875
55.5589
49.6081
47.3959
47.2001
53.1320
55.7362
60.5686
62.9585
61.2685
57.5721
60.0724
53.9550
51.6164
44.4106
45.8602
52.0765
54.9884
62.1275
60.5540
62.2020
65.5499
67.5468
71.8578
68.6650
60.3078
67.2239
73.0670
72.8439
69.5636
75.5556
80.4684
83.4022
81.3761
74.3045
74.2783
83.8647
83.3643
89.3856
86.6159
91.4888
88.3254
94.8328
8.2594
10.7353
6.7696
8.2918
14.7235
20.1857
20.4786
15.3651
16.2624
19.4770
21.3952
21.2930
13.3256
15.1490
9.8755
9.8067
13.5137
20.4833
25.1103
33.9031
32.6039
30.8864
35.1624
41.6528
45.4882
47.4383
49.6668
44.6687
50.8905
57.0391
63.3093
64.2201
55.5807
63.7009
59.1024
55.5891
54.8475
53.6887
58.0185
57.5657
51.7085
48.9620
49.0849
54.4269
57.4346
62.5921
64.5011
62.8934
59.5466
62.3611
56.3896
54.5459
47.0673
48.9635
54.6924
57.5731
65.1689
64.0636
65.1367
67.7702
70.4159
74.8027
71.5385
62.4692
69.4707
75.5868
74.9685
71.1891
77.1074
82.1435
85.5242
83.3691
76.1392
75.8121
85.4678
84.4903
90.8880
88.1646
92.7543
89.1569
95.6020
5.4745
9.1266
10.5514
17.6036
21.9517
20.2232
12.9577
9.5635
11.9255
16.1891
18.2738
9.7816
11.3863
6.5697
5.9486
5.4773
13.4072
17.3761
25.9718
24.3526
22.8541
27.4311
33.5481
37.6060
39.5785
41.7517
36.4481
42.8041
48.8922
55.3433
56.5317
47.8582
56.2574
51.3421
47.6025
47.0896
46.3932
51.2242
50.8236
44.7794
41.5837
41.4027
46.4858
49.8453
55.0490
57.0889
55.9604
52.3912
55.1428
49.1620
47.5510
40.1625
42.4890
48.1620
50.7068
58.4019
58.0222
58.5941
60.8461
63.7008
68.3241
65.2076
55.9097
62.8772
69.3644
68.2417
64.0542
69.8945
74.9240
78.7184
76.7734
69.6548
68.9905
78.5644
77.4195
84.0074
81.0686
85.3307
81.9132
88.2625
7.8571
9.0239
14.2384
18.0124
15.3981
7.8486
5.6820
9.3097
11.0958
13.1583
4.5697
7.4828
5.6543
10.9123
6.1695
10.0824
14.9783
24.2867
24.0083
23.3976
26.4358
32.0660
36.9069
37.6695
40.6499
35.4225
41.1899
48.1316
54.2867
54.6756
46.0508
53.8296
48.9891
46.1775
44.8800
44.2052
48.6696
48.7664
43.1112
39.9346
40.8634
45.5974
48.5626
54.0528
55.2434
53.6561
50.7277
53.9295
48.2973
47.1991
39.3519
41.7352
46.6374
49.4764
57.6055
57.0906
57.3412
59.0899
62.4929
66.9070
63.5905
53.7907
60.8085
67.2321
66.1253
61.8904
67.7113
72.8330
76.6085
74.3717
67.0671
66.4177
76.0742
74.7169
81.3952
78.7043
83.0806
79.1630
85.5559
6.9253
9.7767
13.8715
13.8557
9.2312
12.8584
16.6625
16.5546
16.6634
9.1042
12.5334
9.6512
13.7294
13.1983
17.6635
22.6667
32.0914
31.5842
30.9324
34.2684
39.8007
44.7568
45.3985
48.5019
43.0954
48.8900
55.9228
62.1325
62.3888
53.7928
61.3316
56.5278
53.9809
52.5001
51.7659
55.9139
56.0966
50.6003
47.6270
48.6764
53.4537
56.3506
61.8431
62.8955
61.0198
58.3165
61.5889
55.9717
54.7517
46.8627
49.0127
53.9226
56.9678
65.0670
64.1261
64.6576
66.5514
69.9093
74.1729
70.7456
61.0032
68.0413
74.2323
73.4135
69.3620
75.1996
80.3422
83.9283
81.5113
74.1032
73.6292
83.3346
81.9677
88.5970
86.0815
90.5945
86.4340
92.8567
9.1277
16.5320
15.6426
11.3637
14.1616
17.8979
16.7168
14.2590
8.4335
9.1592
6.5751
13.3693
13.4435
17.2271
22.5777
31.3691
32.0092
30.6187
32.6899
39.4960
43.3882
44.3433
47.1946
43.1752
48.4722
55.3653
60.8770
60.6549
52.1793
59.4530
55.5066
52.9395
51.3238
49.4773
53.0018
52.8566
47.5401
45.2896
46.8436
52.1679
54.2505
59.6039
60.5685
58.1279
55.5244
58.8047
53.2410
51.7854
43.7551
45.3743
50.3071
53.7155
61.6612
59.9219
60.9669
63.3984
66.3968
70.3786
66.8272
57.5238
64.5490
70.3144
70.0856
66.6666
72.6207
77.7068
80.6671
78.1208
70.7031
70.6786
80.4176
79.4974
85.7174
83.3783
88.4044
84.3368
90.9047
8.6058
9.3695
10.5266
17.8858
21.8750
17.4918
13.9605
11.7806
14.0237
14.5801
21.8028
20.1593
21.2857
26.6924
35.8240
37.2295
36.9515
38.1160
43.6662
48.7497
48.1399
52.0044
47.5772
52.2757
60.1308
65.4940
64.3877
56.1022
62.4101
58.3772
57.1431
54.5607
53.1209
56.1138
56.7704
52.0940
49.7859
52.4661
57.1255
58.9594
64.6247
64.4809
61.5196
59.8745
63.6920
58.6290
57.8234
49.4496
51.1690
55.0502
58.7393
67.1312
65.2934
65.8958
67.5495
71.3018
74.9766
71.1893
61.2724
68.2580
73.8576
73.6310
70.0968
75.9177
81.0973
84.0951
81.1192
73.4833
73.4410
83.1919
81.8467
88.2263
86.2923
91.3402
86.4645
93.0028
5.6128
11.4261
19.9631
23.5488
18.3706
16.9449
15.7854
19.3322
20.6360
27.2134
24.1177
23.8353
28.6107
37.8233
39.0333
39.9066
41.1654
44.9685
51.3831
49.5953
54.1875
48.6937
53.2125
61.6555
67.3310
66.0429
57.8917
63.7484
59.0560
58.6748
55.6384
55.3169
58.4905
59.8573
55.4458
52.5653
55.5231
59.3086
61.5529
67.4560
66.7111
63.9596
62.7914
66.8811
62.1294
61.9226
53.5326
55.7215
58.9419
62.4431
71.1652
69.9923
69.8628
70.5805
75.0590
78.7843
75.0015
64.4286
71.3362
77.1986
76.4246
72.2987
77.8929
83.1353
86.6889
83.6141
75.9287
75.4652
85.1156
83.1482
89.9366
88.0823
92.6678
87.2848
93.6392
7.7913
16.1353
19.4511
13.1909
12.0606
12.3696
15.6911
18.3203
25.7077
21.1678
19.2609
23.8536
32.7848
34.5801
35.6998
36.2505
39.8527
46.3337
44.2144
48.9637
43.7196
47.9377
56.5269
62.0051
60.5213
52.4297
58.1553
53.5314
53.3306
50.1348
49.8048
52.9650
54.4371
50.1212
47.2084
50.4616
54.0941
56.1887
62.1274
61.1927
58.4330
57.3664
61.5333
56.9214
56.9225
48.5069
50.7776
53.7138
57.1894
65.9887
64.9748
64.6252
65.1350
69.7629
73.4832
69.7118
59.0157
65.9017
71.8405
70.9395
66.7392
72.3110
77.5556
81.1730
78.1171
70.4435
69.9078
79.5482
77.5518
84.3702
82.4923
87.0560
81.6851
88.0444
8.6143
12.2941
8.4119
9.8478
5.4942
9.8357
11.7363
18.5928
13.4219
12.5597
17.4629
26.8922
27.8582
28.5034
30.0444
34.3215
40.3512
39.3551
43.4415
37.9983
42.9589
50.9409
56.8167
56.2123
47.8053
54.5507
49.6666
48.2996
45.9310
45.6115
49.5142
50.4272
45.4481
42.2631
44.5087
48.5334
51.1240
56.9272
56.9332
54.7934
52.8562
56.6238
51.5470
51.1467
42.9378
45.3798
49.1526
52.2989
60.8852
60.2569
60.0478
61.0014
65.1749
69.2762
65.7232
55.2892
62.2762
68.5598
67.4335
63.0783
68.7727
73.9907
77.8096
75.1585
67.6338
66.9525
76.6343
74.8610
81.7077
79.3996
83.8043
79.1020
85.4774
4.0375
7.4141
12.4744
6.7045
8.9211
10.0069
14.4672
6.7347
5.5920
9.9786
19.5539
19.5795
19.9698
22.4972
27.0739
32.7202
32.7668
36.1616
30.4709
36.0954
43.4133
49.6661
49.9767
41.3722
49.0756
43.8710
41.3649
39.8843
39.8235
44.5828
45.0191
39.4400
35.8172
36.9560
41.1449
44.3257
49.9694
50.8696
49.5431
46.7532
50.0897
44.6585
44.0300
36.1921
38.9793
43.3943
46.0195
54.3608
54.4424
54.1082
55.2475
59.0836
63.5925
60.3376
50.1489
57.1149
63.8092
62.2550
57.6100
63.3204
68.4707
72.6282
70.4446
63.1707
62.2083
71.8030
70.1580
77.0666
74.3060
78.3993
74.3835
80.6913
8.7618
14.9012
10.5302
11.7718
12.9809
15.9532
7.7153
4.4810
6.6407
16.0490
15.6567
16.5190
19.3097
23.3138
29.2097
29.3218
32.6214
26.5526
32.3793
39.5843
46.0417
46.6785
38.0541
46.0383
40.5392
37.7606
36.5517
36.9314
42.1168
42.5434
36.8261
32.8405
33.5991
37.5452
41.0761
46.7038
47.8022
46.9128
43.8943
47.1111
41.6680
41.1721
33.5626
36.6463
41.0418
43.3473
51.6428
52.2547
51.6162
52.5338
56.4305
61.1105
58.0035
47.7812
54.6734
61.6015
59.7001
54.7756
60.4141
65.5378
69.9832
67.9901
60.8435
59.6405
69.1409
67.4031
74.4249
71.4862
75.3227
71.4998
77.7265
7.5684
8.4428
9.7479
14.2100
21.0327
13.5019
7.1341
11.0054
19.6152
22.1077
23.4471
23.1727
26.8681
33.1451
31.3440
35.8286
30.8790
35.1712
43.5181
49.0096
47.9957
39.6876
46.1832
41.3812
40.4103
37.6885
37.4299
41.3709
42.5334
37.7464
34.4164
37.3170
40.9589
43.2720
49.1810
48.7657
46.6423
44.9198
48.8664
44.0922
44.1770
35.9225
38.5882
41.7112
44.7748
53.5445
53.2899
52.5813
53.0488
57.5729
61.6659
58.1393
47.4250
54.3580
60.8066
59.3923
54.8457
60.4846
65.7133
69.6906
67.0692
59.5756
58.7227
68.3708
66.5028
73.4266
71.0840
75.4204
70.7038
77.0725
8.7363
8.0067
13.7382
22.4453
16.6628
11.9981
16.5742
24.2627
27.8256
28.2008
26.7139
31.8670
36.9352
35.2751
39.6167
36.2523
39.8516
48.1275
52.7628
50.9158
42.8518
48.6302
44.9737
44.3821
41.2316
39.5437
42.3309
43.3213
39.0010
36.7305
40.5376
44.7705
45.9809
51.7720
50.9338
47.7884
46.5543
50.6787
46.0804
45.9399
37.3790
39.2822
42.1946
45.9248
54.6238
53.1425
53.0954
54.1221
58.3736
61.9778
58.1633
47.8163
54.7678
60.5425
60.0157
56.3305
62.0975
67.2928
70.4108
67.4162
59.7704
59.5771
69.3166
67.8912
74.3279
72.3958
77.4403
72.5137
79.0671
4.6979
6.7475
14.6337
9.5433
9.7205
15.1671
24.3983
25.5071
25.2315
26.7007
32.3181
37.3088
37.2531
40.7402
36.0924
41.1839
48.6613
54.3340
53.9471
45.4499
52.5924
48.1305
46.0684
44.1144
43.0685
46.9734
47.3586
42.1115
39.2427
41.1790
45.8125
48.1823
53.8109
54.3143
52.1581
49.7933
53.3311
48.0048
47.1970
39.0135
41.2190
45.5193
48.7112
57.0767
56.1591
56.3645
57.9194
61.6029
65.7414
62.2296
52.2233
59.2575
65.4537
64.5851
60.5527
66.3842
71.5486
75.0782
72.5606
65.1102
64.6406
74.3598
72.9862
79.5852
77.1643
81.8021
77.5126
83.9796
6.0703
14.6849
9.9700
9.3217
14.6327
22.9543
24.9093
23.9946
24.4578
31.1244
35.1686
35.4992
38.6757
35.1226
39.8677
47.1005
52.2843
51.6746
43.2523
50.3293
46.4715
44.2340
42.3132
40.4522
44.0263
44.0994
38.8823
36.4934
38.6794
43.7325
45.5648
51.0699
51.6320
49.1857
46.7636
50.2540
44.9174
43.9230
35.6562
37.5356
41.9378
45.3280
53.5786
52.2196
52.7434
54.6957
58.0934
62.1065
58.5459
48.8481
55.8882
61.8726
61.3369
57.6980
63.6183
68.7354
71.8898
69.3545
61.9266
61.7235
71.4613
70.4177
76.7468
74.3734
79.3176
75.2024
81.7579
9.0921
7.4917
12.2020
17.1246
25.5387
25.8305
24.1256
26.5718
33.6450
37.1953
38.7289
41.1744
37.1710
42.7177
49.2103
54.8720
55.1408
46.5849
54.3686
50.2546
47.0840
45.9528
44.2524
48.2903
47.8949
42.2209
39.7057
40.6639
46.0699
48.4547
53.7215
55.1694
53.2268
50.1357
53.1803
47.4256
45.8748
38.0240
39.8849
45.1815
48.2681
56.1163
54.8921
55.7708
58.2341
61.0973
65.3492
61.9812
52.7439
59.7620
65.8347
65.2681
61.6182
67.5661
72.6146
75.8384
73.5818
66.3139
66.0696
75.7491
74.8600
81.1540
78.5325
83.3290
79.6554
86.1660
8.3221
16.9122
20.1338
27.4222
25.2780
22.5347
27.7378
34.8438
37.5163
40.7925
42.0305
37.4681
44.0202
49.1467
55.4745
57.2088
48.6106
57.4332
52.8820
48.2659
48.4510
47.2191
52.1063
51.0694
44.7616
41.9037
40.8645
46.5127
49.8306
54.6442
57.4767
56.5661
52.4199
54.7034
48.4405
46.2165
39.3075
41.3201
47.7345
50.1105
57.2480
56.6821
57.7831
60.7581
62.8906
67.5889
64.6414
56.0841
62.9546
69.3076
68.4096
64.5586
70.4437
75.3364
78.8684
77.1743
70.2693
69.7774
79.2470
78.5135
84.8141
81.7076
86.0693
83.2066
89.5605
8.8200
12.1984
20.5233
19.2667
17.8643
22.0010
28.1710
32.2248
34.1208
36.3111
31.1931
37.4187
43.5774
49.9236
51.0575
42.3828
50.8382
45.9313
42.1509
41.6501
40.9963
45.9908
45.6127
39.5286
36.1795
36.0831
41.0825
44.4199
49.6753
51.6583
50.6640
47.0477
49.8265
43.9012
42.4840
35.0460
37.5747
43.0903
45.5214
53.3193
53.2402
53.5302
55.5691
58.5648
63.2525
60.1812
50.7621
57.7060
64.3378
63.0093
58.6858
64.5013
69.5275
73.4486
71.5750
64.5085
63.7221
73.2589
72.0812
78.7097
75.7027
79.8893
76.5453
82.8742
5.5001
14.7236
16.3265
16.7324
17.5089
22.6050
27.8917
27.7723
31.2187
26.4031
31.5336
38.9644
44.7766
44.7586
36.1725
43.7991
38.9446
36.4858
34.8539
34.3664
39.0471
39.4325
33.8976
30.3823
32.0037
36.2794
39.0494
44.7297
45.4596
44.0025
41.2496
44.6718
39.3480
38.8858
30.8976
33.7006
37.8636
40.5452
48.9810
49.0588
48.6046
49.6946
53.5846
58.0467
54.7736
44.5572
51.5253
58.2248
56.6797
52.1200
57.8699
63.0159
67.0702
64.8902
57.6324
56.7138
66.3210
64.7999
71.6162
68.8584
73.0892
69.1509
75.5124
9.6044
11.2979
12.7204
13.1855
17.2330
23.0421
22.8334
26.2518
20.9302
26.2514
33.6413
39.7139
40.0994
31.4714
39.4884
34.1840
31.3919
30.0903
30.3077
35.6432
36.0705
30.3726
26.2526
27.4270
31.2640
34.5277
40.2250
41.1628
40.3518
37.3079
40.5931
35.3027
35.1325
27.4912
30.7812
34.7785
36.9647
45.3651
46.2660
45.2919
45.9680
50.0137
54.7132
51.6547
41.3503
48.1920
55.2398
53.1563
48.1563
53.7925
58.9075
63.4009
61.4849
54.4132
53.1219
62.5868
60.9032
67.8993
64.8953
68.7494
65.0543
71.2985
7.7564
10.0957
5.6398
8.2398
13.7163
13.6218
16.6546
12.4141
17.1799
24.3121
30.1248
30.8452
22.1756
30.8602
25.5307
21.8936
21.2202
21.7584
27.9804
28.1785
22.2906
17.4363
18.2696
21.6809
25.1473
30.8293
32.0968
32.1510
28.5470
31.5901
26.4290
26.7984
19.7986
23.7232
27.2047
28.6189
36.8856
38.8781
37.1726
37.3926
41.5133
46.4761
43.7430
33.5857
40.1556
47.5866
44.8745
39.4937
45.0231
50.0461
54.9091
53.4076
46.6958
45.0223
54.2445
52.6177
59.6320
56.2834
59.8426
56.7025
62.8461
5.5509
9.8982
10.8324
15.8203
18.1611
19.4600
12.4020
19.6380
24.9491
32.2327
34.9209
26.4958
36.0092
29.8483
24.6948
25.7750
27.5540
34.4252
34.1659
27.8879
22.7337
20.5163
23.7346
28.9127
34.0060
36.7452
38.0182
33.5320
35.6907
30.0812
29.7609
24.0382
28.0954
32.6998
33.3054
40.7279
43.5001
41.9453
42.4703
45.9573
51.3296
49.0312
39.5816
45.8557
53.4676
50.3726
44.6895
49.9694
54.7874
60.1078
59.1203
52.8120
50.8199
59.6753
57.9816
65.0814
61.3252
64.2092
61.7126
67.5614
9.3087
14.2381
16.0920
20.6482
20.6067
15.7669
22.6963
26.7150
33.5405
36.5588
28.1648
38.0058
32.7175
26.6697
28.3668
28.7538
35.3558
34.2733
27.5795
23.1400
20.0401
24.7035
29.4177
34.1224
37.7309
38.8285
33.7408
35.4717
29.3232
28.0355
22.3622
25.9994
31.7824
32.4958
39.5028
41.7093
40.9589
42.5673
45.1981
50.6063
48.3421
39.6220
45.9571
53.3222
50.7441
45.6724
51.1307
55.8465
60.6332
59.7604
53.5342
51.9470
60.8300
59.7018
66.3910
62.5845
65.8466
63.8108
69.7587
9.9719
10.7251
13.7358
14.6584
13.4694
17.7425
23.1610
28.3287
29.4767
20.9002
30.1179
25.8815
20.9089
21.2786
20.1863
26.3367
25.4666
18.9731
14.7174
14.5210
19.5079
22.4382
27.7423
30.0316
30.1565
25.6767
28.2132
22.4745
22.0716
15.0017
18.8224
23.4178
24.7443
32.6727
34.4017
33.2630
34.4868
37.7668
42.8511
40.2243
30.8509
37.4161
44.7100
42.3582
37.5335
43.2187
48.1015
52.5007
51.2332
44.7220
43.3768
52.5376
51.5361
58.1008
54.6099
58.4872
55.9937
62.1956
9.4639
7.6528
10.6650
4.8261
9.2610
16.6873
23.0543
24.6228
16.2930
25.4437
19.0169
14.7051
15.0071
18.0688
25.3225
25.8325
20.4887
14.5874
14.2979
15.2027
19.9810
25.5149
26.9144
28.5635
24.7280
27.3674
22.9151
24.3598
19.3178
23.7582
25.9386
26.0209
33.7316
37.4428
34.5445
33.5234
38.0521
43.2667
41.0527
31.1056
36.9719
44.8241
41.0187
34.7512
39.8089
44.6770
50.4341
49.4377
43.2762
40.8168
49.4916
47.4468
54.7654
51.0251
53.7241
50.9837
56.8017
9.1646
5.0129
9.6884
11.0459
13.1190
17.9961
20.8912
13.0504
23.3329
19.2475
11.7149
14.9782
15.0972
22.3715
20.9537
14.8623
9.7370
5.0113
9.0306
13.4728
18.2501
22.0478
24.4969
18.7613
20.1177
14.6637
15.3082
11.9314
16.3796
19.5990
18.6687
25.4778
29.6290
27.1638
27.5098
30.6080
36.1986
34.3948
26.0459
31.5709
39.3107
35.7775
30.2747
35.4728
40.0195
45.1870
44.7856
39.1918
37.1052
45.4666
44.4832
51.0220
46.9142
49.9769
48.5632
54.3862
6.9084
9.4562
5.9972
14.0707
17.8722
17.5110
9.0707
17.8716
12.2465
9.1843
7.7896
10.8319
18.2032
19.1774
14.9463
9.1081
12.0344
11.1432
13.8162
19.7115
19.6265
21.1522
17.9406
21.1418
17.9031
20.7569
16.4967
20.6201
20.5376
20.3722
28.2348
32.2138
28.4896
26.4773
31.7165
36.6583
34.4165
24.2200
29.8027
37.7018
33.6353
27.2298
32.3126
37.2637
42.9835
41.8862
35.7573
33.1836
41.8790
39.8721
47.1492
43.4994
46.4845
43.5991
49.5609
10.2860
7.8020
9.8034
13.7010
16.1048
8.3769
18.7381
14.5547
6.7921
10.5652
11.9031
19.4253
18.6028
13.6623
8.3177
5.9353
5.1615
9.7768
14.9353
17.8501
21.0165
15.6936
17.2660
13.1022
15.4360
13.4235
17.5940
18.6463
17.0872
23.7911
28.7777
25.2655
24.2739
28.1643
33.6599
32.0049
23.4427
28.5009
36.4300
32.2593
26.1800
31.1525
35.7222
41.3612
41.0281
35.6124
33.0892
41.2495
39.9510
46.7062
42.5375
45.3214
43.8046
49.5546
7.8840
13.4242
20.9459
24.1046
16.5083
25.9278
18.9559
13.3547
15.4924
19.8872
27.4663
27.7549
22.5846
16.6150
14.1379
13.5935
19.8329
24.7403
27.0425
29.9357
25.6121
27.5020
23.2310
24.7086
21.2035
25.7102
27.9316
27.1253
33.9982
38.6898
35.4706
34.1867
38.4342
43.8831
42.1176
32.8287
38.1596
46.1347
41.7930
35.1684
39.8289
44.4531
50.7074
50.1922
44.5346
41.6751
49.8322
47.6634
55.0350
50.9553
52.9683
50.7998
56.2964
9.8250
15.2057
16.8421
9.9713
18.4519
11.1744
6.8362
8.1859
14.5521
21.8821
22.9229
19.2941
13.6504
13.6363
9.8425
14.7721
19.7553
20.3766
23.7174
20.3237
22.5715
19.9493
23.0203
20.6134
24.7951
24.6427
23.3633
30.0664
35.3473
31.0599
28.2886
33.4367
38.5708
36.9139
27.5122
32.2090
40.2117
35.2926
28.1957
32.5564
37.1992
43.7985
43.2644
37.8180
34.5507
42.4593
39.9896
47.5208
43.4848
45.3740
42.9663
48.4583
8.7709
15.6642
12.3243
20.3327
15.2908
7.0220
13.8464
18.5692
25.3806
24.8880
21.6159
17.2583
12.8753
6.4277
13.1489
15.3488
19.3683
25.2060
20.2083
19.9903
17.8588
20.5281
21.8885
25.5582
25.8165
22.6741
26.7126
33.7391
29.3097
26.9618
30.4798
36.0434
35.4857
28.6584
31.9653
39.7606
34.2948
27.4119
30.9401
34.7627
41.6747
42.3711
38.2940
34.7584
41.3322
39.4852
46.3693
41.5777
42.5222
42.1300
46.9957
9.2489
11.1184
15.3972
14.1069
8.8221
14.2000
16.9481
21.7865
21.0326
20.0166
17.7837
15.6437
8.9723
9.7036
9.0960
12.6458
19.8108
15.3989
14.1289
14.9621
18.9283
22.4135
24.9707
22.9232
18.8566
21.0729
28.8895
23.5233
19.9789
23.5018
28.7085
28.6853
23.4374
25.2043
32.6166
26.6629
19.9112
22.8276
26.2990
33.2642
34.3925
31.1414
27.4338
33.2158
31.8102
38.2253
33.2431
34.2956
34.6211
39.4445
8.6848
6.4422
9.6359
10.9623
11.0684
12.1146
14.5191
15.3460
17.0004
16.1793
18.8620
13.5663
9.4155
10.3624
5.5265
12.0081
10.8859
12.1239
15.3842
20.6471
22.4837
24.4211
19.5536
16.5588
20.1053
26.4741
20.2413
14.3033
20.4390
24.5989
23.7559
16.9171
18.4747
26.0073
19.8381
12.2179
15.8985
20.3890
27.2235
27.2595
23.1060
19.1978
26.1132
24.3088
31.2679
26.9145
29.3326
27.8549
33.5202
10.3614
8.0015
5.5088
5.1253
6.6124
13.2276
13.8397
12.0869
8.7251
12.2609
8.3541
6.6256
12.0171
10.7450
14.0223
10.6839
13.5532
12.7701
17.3568
16.3993
19.4651
16.6565
14.9108
21.5292
26.7282
21.7711
18.3744
23.9999
28.8403
27.0915
17.8980
22.2550
30.2630
25.4336
18.6809
23.5792
28.3979
34.3255
33.6878
28.2300
25.2689
33.4838
31.8176
38.8290
34.8752
37.8773
35.7100
41.6378
8.6397
14.2903
10.7064
10.8535
10.9831
14.0215
17.0886
16.7372
22.0754
17.7981
13.2043
15.5308
7.6506
9.4368
12.0825
15.3981
18.6448
23.9731
23.9778
25.7185
19.6780
18.2239
23.0736
27.7645
21.6093
14.8942
22.4280
25.5998
23.9044
15.2710
17.2998
24.5745
18.8517
11.2941
15.4088
20.4801
26.7317
25.5364
20.2493
16.4082
24.4524
22.0072
29.4732
26.0093
29.3443
25.9247
32.1398
9.3935
4.6637
11.5971
16.0004
18.8782
18.9026
15.6579
19.6311
14.4390
13.9359
17.9468
13.7395
16.6645
16.5691
19.6871
20.4564
25.2729
24.0285
27.0687
23.2752
21.9197
27.9371
33.1807
27.5673
22.1921
28.9880
33.0441
31.3859
21.9590
25.2943
32.9000
27.3017
19.6388
23.3706
28.1351
35.0355
34.1094
28.8427
24.9735
32.5912
29.4562
37.3313
33.6816
35.7130
32.2893
37.9702
7.1515
11.8836
18.7347
18.9854
16.3084
11.9392
11.5508
5.2738
8.8857
13.1798
14.4377
19.1526
15.0644
16.4813
14.9095
18.7579
18.5878
22.1761
20.9283
18.5396
24.1739
30.2946
25.5034
22.4364
27.2646
32.4783
31.2468
22.9734
26.8675
34.8422
29.6100
22.5750
26.8051
31.2428
37.8145
37.7447
32.8712
29.5239
37.0193
35.0738
42.2062
37.8670
39.8404
38.2967
43.7651
8.6093
14.7533
16.9578
15.5354
11.4721
15.7417
11.6836
11.7472
16.9003
14.1473
16.4472
14.9800
18.4040
17.7640
22.1560
19.9688
23.3107
20.4657
19.5067
26.4513
31.2399
26.2285
22.1135
28.4410
32.9006
30.9443
20.9606
25.3664
33.2303
28.2653
21.1031
25.6407
30.5724
36.8836
35.8492
30.1148
26.8475
35.1031
32.5893
40.1538
36.5021
39.1405
35.9888
41.8745
7.6688
8.7802
7.6767
6.4522
14.2889
13.5377
9.2852
14.6567
11.4123
10.5757
8.7445
13.5720
12.7961
17.1294
14.1849
16.4846
12.2737
12.5035
20.6409
23.7552
19.3557
16.6328
22.6834
26.9176
24.2640
13.5216
19.2278
27.0079
23.3981
17.8506
23.5517
28.6609
33.2734
31.7446
25.3152
23.3626
32.5434
31.4075
38.0161
34.7410
39.0928
36.1427
42.5454
5.5633
10.2653
12.8982
20.9270
20.4070
14.2544
17.6848
11.5471
5.6142
9.2625
14.5329
16.1970
20.5069
18.2307
18.7934
11.6646
13.1220
20.1857
21.4751
16.9181
13.2965
20.1584
22.9403
19.6270
8.0235
13.7408
20.8324
18.1544
14.1946
20.0231
25.1106
28.3245
25.9001
18.7978
17.7964
27.4724
26.9219
32.8760
30.3927
36.0045
32.4055
39.1017
6.9288
11.6516
18.5119
19.1924
12.2968
14.9377
11.2446
6.6102
6.0800
10.7842
12.0128
15.8125
14.5395
14.2709
6.4628
7.9159
15.2500
16.2365
12.1018
10.8463
16.1840
19.6139
16.3143
5.4268
12.1519
19.4119
17.4245
14.6678
20.7114
25.4323
27.9587
26.1431
19.6249
19.2832
28.5124
29.0212
34.1708
31.3193
37.1337
34.7965
41.3434
6.0246
12.6751
15.3725
10.3710
14.5881
14.4038
12.6654
8.1976
11.9049
9.0002
11.6979
7.9873
9.0758
5.6146
7.3474
16.4289
17.9095
15.2276
16.0784
19.8692
24.3637
21.4597
12.0933
18.5599
25.7763
23.7564
20.2885
26.2809
30.9933
34.1246
32.7639
26.4915
25.8229
34.8899
35.1084
40.5973
37.3538
42.5050
40.5155
46.9414
9.0541
11.3775
9.3555
15.0859
15.5981
15.7153
11.1357
14.5520
10.6427
13.3902
8.7164
12.1436
11.5620
11.9122
20.4861
23.3775
20.3113
19.9958
24.3199
29.2231
26.6917
16.9848
23.1229
30.7745
27.7785
22.8576
28.6134
33.4910
37.8177
36.6612
30.4402
28.8962
37.9050
37.2356
43.5200
39.9896
44.2372
42.0144
48.2979
7.3803
10.2299
14.1480
19.2353
22.1519
15.5438
15.9512
10.1348
10.6019
9.5564
13.5143
16.5874
14.7493
20.7672
25.3917
22.9478
23.8821
26.1922
31.9311
30.4184
23.1935
28.2533
35.8353
32.3922
27.3786
32.5142
36.8122
41.6327
41.5639
36.3937
34.4866
42.5189
42.0902
48.1505
43.8960
47.1304
46.3962
52.1636
7.7248
11.3419
15.7322
20.5995
14.8151
15.0075
11.8876
14.7366
15.6661
19.2340
19.5266
16.6289
21.6714
27.9725
23.9056
22.4601
25.8788
31.5353
30.5201
23.2969
27.2979
35.1592
30.4090
24.1602
28.5812
32.7657
38.7789
39.0659
34.4268
31.5485
38.9359
37.7596
44.3184
39.7781
41.9963
41.3318
46.7572
6.1057
9.0722
13.4849
7.1975
7.8423
6.7977
11.7423
13.6722
15.9193
13.4294
10.0154
15.4260
21.4808
16.7129
14.8555
18.8077
24.2303
22.9495
15.8075
19.6114
27.4618
22.9849
17.3322
22.3111
26.6747
31.8813
31.8913
27.1026
24.6818
32.4105
31.9299
37.9940
33.7046
37.0559
36.2896
42.0938
9.0499
15.0197
8.9140
5.4880
7.7638
12.0860
17.2757
18.4462
15.6459
10.8146
12.0390
19.8343
14.6816
12.9726
15.1550
20.8126
20.6068
16.6996
18.4768
25.7058
20.9002
16.0091
20.0542
23.6066
28.6869
29.6421
26.1594
23.7173
30.1320
30.3675
35.6393
30.9292
33.9352
34.6141
39.9872
7.6870
6.8142
8.2251
13.0184
18.3076
20.5848
21.5762
15.5756
12.5793
15.7247
21.4352
15.0394
8.8670
15.4255
19.4437
18.3058
11.8487
13.1753
20.8792
15.1956
8.4465
13.4390
18.1389
23.6743
23.4620
18.9753
15.8887
23.4840
22.8933
29.0253
24.8990
28.7499
27.5179
33.5247
7.4866
11.5825
15.4901
20.2360
20.3489
20.4934
12.7361
12.3221
17.1463
19.6133
13.9126
8.2629
15.8605
18.4672
15.7364
5.8918
9.2735
16.9250
13.0749
8.7582
14.7359
19.7317
23.1371
21.2568
14.8454
13.3310
22.6822
22.6000
28.2708
25.3750
31.0028
28.2462
34.8239
5.4203
8.0345
13.0003
14.4290
14.9275
8.8758
6.1720
12.3231
16.6147
11.2501
8.9408
14.0497
18.7221
16.6465
8.6434
12.8927
20.7559
17.0938
12.8110
18.5700
23.1260
26.9298
26.2430
20.8806
19.3819
27.7657
28.0899
33.5057
29.8003
34.6010
33.3552
39.5599
6.7102
11.1811
15.8344
15.8789
11.3574
6.5177
8.2702
15.0080
9.4877
8.6545
10.9870
16.5699
15.6762
11.8022
13.8525
21.0609
17.1939
13.7032
18.5373
22.2940
26.0189
26.3922
22.3774
20.8542
27.9212
28.9008
33.6246
29.4050
33.7256
33.9547
39.7130
5.3736
9.8600
10.7152
9.8318
5.6582
10.8712
16.1501
12.9468
14.7393
16.1100
21.8398
20.4889
15.2007
19.2419
26.4009
23.3957
19.8246
24.9905
28.9383
32.6063
32.7172
28.0841
26.8213
34.4434
35.1531
40.1755
36.0367
40.2056
40.1330
45.9740
8.6294
8.5869
11.5311
8.5326
11.8016
15.7430
14.7430
18.7941
18.2718
23.9332
22.7221
18.8691
22.9267
29.3818
27.2899
24.6603
29.7031
33.3418
36.3244
36.5944
32.1643
31.4235
38.8233
40.0011
44.5507
40.4380
44.7207
45.1003
50.8563
4.5112
10.0810
10.9241
18.2884
19.5091
18.9105
22.0919
23.6930
28.7344
26.3100
19.1245
25.1126
31.8693
30.3003
27.1938
32.9685
37.3588
40.3772
39.5455
33.7448
33.2281
41.8837
42.4081
47.6489
44.0877
48.8873
47.6929
53.9253
8.3865
9.9869
16.3970
15.9415
16.5889
21.2152
21.7549
26.4011
23.8520
17.9933
23.6987
29.7314
29.0836
27.1727
32.9032
37.0413
39.1103
38.2265
32.6006
32.7507
41.2074
42.3851
46.9644
43.6144
48.9509
48.0191
54.2739
5.2232
13.1372
12.6448
10.9247
13.9657
16.2582
20.2708
17.1147
9.6328
15.6994
22.0437
21.2742
19.7047
25.5552
29.8348
31.6261
30.2675
24.3115
24.6238
33.3154
34.5403
39.0333
36.0220
41.8813
40.4173
46.8138
9.0828
12.0074
8.6578
11.4428
13.1046
18.1545
15.9739
10.3372
14.8723
21.7214
19.7503
17.5403
23.0698
27.0922
29.5830
29.0771
23.9957
23.5966
31.6149
32.8730
37.3880
33.7839
38.9971
38.4441
44.5566
8.8137
5.7075
11.2059
6.9077
12.5461
12.4949
14.5519
14.9555
19.7882
18.1742
18.2304
22.1422
24.6668
25.9810
26.8822
24.0480
24.0302
29.8069
32.4080
35.3317
31.3800
36.3718
37.8564
43.2819
6.7185
14.9132
10.5558
12.9200
11.0973
14.6778
15.6806
18.2651
19.9191
22.3689
26.5726
29.0632
28.0817
27.8469
24.4024
26.1788
32.3238
35.7144
37.6810
34.7957
41.1664
41.8589
47.5758
8.3180
5.7021
9.8565
7.9881
9.9844
10.3401
15.0392
14.5260
15.8380
20.2035
23.0735
23.4105
23.3010
19.6237
20.4429
26.9485
29.7669
32.5266
29.2363
35.2743
35.7407
41.5365
7.9835
10.9229
9.4598
7.6941
5.6150
12.8737
8.6581
7.5275
12.3279
16.0356
18.3279
17.9843
13.8961
13.0801
20.2489
22.0740
26.0087
22.4471
28.2381
27.8931
33.8960
6.0166
6.9912
13.2088
10.3765
13.7638
12.2205
14.4712
17.3515
19.1911
19.3015
20.3121
18.4401
18.8855
23.6373
26.9954
29.0098
25.3641
31.0327
32.6615
37.9669
4.5038
15.3273
10.2982
9.6834
10.4320
15.8519
17.4238
18.1796
15.6411
16.5277
16.0158
17.7533
20.9735
25.4749
25.8983
23.0442
29.6086
31.3680
36.4260
11.7162
7.4552
7.7116
9.7238
14.9972
17.7784
19.5640
17.3197
16.7894
14.2975
16.6235
21.6186
25.6564
26.7886
24.3661
31.4665
31.9489
37.5240
7.0417
14.0028
12.6216
11.8965
17.5431
21.8592
23.2171
21.1648
14.7619
15.2704
24.1974
25.5262
29.8184
27.3024
33.8289
31.7114
38.2150
8.0171
5.8255
8.8334
12.8538
16.1956
16.3098
14.5719
9.4561
10.5896
18.1290
20.6595
23.7286
21.2495
28.3003
27.0712
33.2533
7.2958
14.7810
16.1216
17.3582
13.2036
10.7265
8.3705
12.5017
16.5586
21.0426
21.2190
20.1603
28.2842
27.5692
33.1524
8.0139
8.9858
11.0852
10.5986
9.3573
6.7581
7.3225
12.6363
15.9860
18.2249
15.6232
22.9485
22.3481
28.1878
6.0683
11.0473
15.8283
15.1726
11.3351
7.7826
15.2201
15.4139
20.8689
17.1787
22.4673
20.9277
27.1588
5.2536
11.9287
12.4036
11.7154
7.2923
10.4418
10.6358
15.7875
11.4644
16.4362
15.7712
21.6119
8.7492
11.1201
13.7372
10.3554
7.9528
9.7016
12.5327
7.3744
12.3100
13.9767
18.7955
5.4736
12.1069
12.3328
7.1680
13.2777
10.6751
8.6207
16.2498
18.1997
22.2288
7.7821
9.4939
6.5885
12.3199
10.5218
10.4091
18.9810
18.2330
23.1309
5.3682
11.3623
14.1002
16.2179
15.5783
23.6726
20.7740
26.9101
9.7624
10.5154
15.1104
13.2242
20.3110
17.0489
23.5211
6.4443
5.7769
4.5279
12.9796
11.7659
16.6802
8.4002
7.0585
11.8740
6.6855
13.0708
5.6514
11.8016
10.6844
13.6731
8.6104
9.9321
13.6828
9.2486
9.0045
6.8000
