# Pairwise distances between all Valine CB atoms (in Å)
6.3782
15.3587
13.8823
14.5944
17.9630
18.8504
24.7738
34.0444
35.9532
40.9846
38.3511
39.4372
41.9278
36.4016
38.2049
37.4107
32.0580
28.2381
21.8167
22.1053
29.1320
31.4063
28.7974
35.3120
29.0595
30.3543
26.8532
32.2704
33.9007
35.0343
37.1706
41.6360
42.4933
48.6351
45.6134
49.7266
43.5977
35.2591
34.7946
35.5949
36.6219
39.2210
43.7854
51.7018
51.7000
55.1261
50.8183
50.1287
45.9045
44.5854
39.9473
32.8851
26.4895
23.5032
28.7301
35.4196
29.1195
29.0857
22.2594
25.4287
24.0157
30.2043
33.4800
38.1025
31.1508
32.3953
38.1804
41.0798
41.8227
45.4579
44.1303
41.2677
35.3631
34.4557
39.2006
39.3965
30.8589
35.2933
28.5964
21.3914
26.9721
33.5274
30.1946
20.2237
19.6742
29.4891
30.3450
37.4143
35.2254
30.2333
32.6356
38.8461
42.4347
36.1423
34.6696
30.9116
27.0681
30.9332
30.0492
34.1464
35.8808
9.2350
7.8509
10.5804
13.5701
13.3789
20.0228
28.5703
30.4234
35.3193
32.5150
33.1998
35.8103
30.4222
32.7856
32.3720
26.2737
22.4222
15.7986
16.0461
22.9914
25.4343
22.5204
28.9917
22.6880
24.2538
20.5491
26.6285
27.7538
28.7844
30.8334
35.4661
36.1261
42.2577
39.2956
43.7302
37.4101
29.2143
28.6124
29.7668
30.7439
33.1879
38.0818
45.9460
45.6175
49.0542
44.5936
44.1343
39.8801
38.3589
33.9015
26.9453
20.4495
17.5088
22.7470
30.1855
23.8397
23.9999
17.6658
21.7057
20.8083
26.1452
30.0382
34.0559
27.2932
29.8512
34.9223
38.2194
39.6565
43.7158
42.5504
39.4936
34.6639
32.9395
37.6011
36.8821
29.1725
32.2519
25.7806
17.5883
23.6467
31.9661
28.0576
18.4686
16.9037
26.4482
28.7601
35.2974
33.9322
30.6452
32.0528
39.1304
41.3849
34.0226
33.2263
30.5715
25.6348
31.8454
30.3677
34.3256
37.5089
6.2111
11.8956
14.0412
10.8797
17.2489
23.1743
25.6285
29.9657
26.0638
25.1273
27.4775
23.0884
26.4890
26.3683
18.9900
16.9647
9.6660
8.1843
15.0167
17.0131
13.5002
21.2683
14.6370
17.2987
12.0605
17.6430
18.5773
20.7498
22.0355
26.2958
27.4555
33.7391
31.3633
36.9241
30.2605
22.4196
21.9273
24.2129
25.2252
26.9355
32.7870
40.0784
38.8410
42.3999
37.3418
37.8102
33.4569
30.7231
27.4861
21.1435
14.9508
12.6143
17.3074
26.5559
20.6946
21.1766
17.0051
22.3643
22.4285
25.6149
30.3162
32.5648
26.6854
31.0949
34.8826
38.4819
40.7010
44.9712
44.3472
41.5761
38.2429
35.3742
39.3056
37.2442
31.3787
32.0261
26.2803
17.3549
22.3211
32.6887
28.9990
21.1531
19.4851
27.4575
31.9630
37.4739
37.2674
36.2214
36.2794
43.9164
44.4320
36.0824
36.0468
34.9676
28.7761
37.1659
34.7483
38.9323
43.4431
6.6604
8.0171
5.9450
13.1639
20.9120
22.7375
27.5823
24.7105
25.7826
28.6646
22.8577
25.5159
25.7408
19.1547
14.5782
8.1959
9.5592
15.8240
18.9330
16.5414
21.6106
15.7252
18.7270
14.8712
22.7164
22.3057
22.9265
24.5300
29.4640
29.3965
35.3940
32.6232
37.6689
30.7648
23.4897
21.4472
23.6691
23.4498
26.3787
31.5678
39.8261
38.8592
41.7721
37.4519
37.1100
32.2711
30.7308
26.2319
19.2129
13.0451
11.0423
15.9296
23.0601
17.1856
18.8683
13.7405
17.5726
16.7110
20.6918
25.0160
27.6571
21.3375
25.2247
29.4074
32.9336
35.0390
39.4504
38.5388
35.5680
32.0826
29.3681
33.6745
31.9069
25.5270
26.8159
20.9246
12.1683
18.7163
28.6796
23.9769
15.8187
13.2867
21.6175
25.9337
32.0070
31.3282
30.4496
30.1319
37.7205
38.2898
30.1585
29.9073
28.7649
22.6435
31.2770
29.1158
32.8081
37.5848
6.2351
6.7483
10.2662
20.0386
22.8274
27.9763
24.9617
27.8676
30.3898
23.7475
24.5556
24.1970
19.7740
15.4007
10.4718
12.6629
18.1318
21.1008
21.0110
24.6072
19.7595
24.1709
20.2289
27.4443
26.8353
27.9882
28.7711
33.1081
33.0154
38.8276
36.5895
42.0594
34.7177
28.5610
24.8336
27.9011
25.7940
29.9128
34.7698
43.7012
42.3445
44.2423
40.5139
39.9887
34.0423
32.5818
28.0374
20.8168
16.1852
15.6468
19.7163
23.6605
19.0292
22.6577
17.4598
18.7080
15.7375
20.6476
23.9584
25.3643
18.9562
21.0245
26.4508
29.0840
30.1924
34.0130
33.4074
31.6311
27.1879
24.3425
28.0819
26.8421
20.0443
22.0962
15.5840
7.1430
13.5040
22.4298
17.9230
9.3015
9.7490
18.7723
23.3331
30.9391
28.9583
28.1847
26.7314
33.2732
34.1542
27.3914
25.7201
24.3655
17.7403
25.6575
22.8914
27.6350
32.1388
4.5726
9.1256
18.0386
18.6749
23.8677
22.6301
26.2196
29.5845
22.4893
24.1076
25.0249
19.9053
12.5843
10.2763
13.9247
17.7837
21.7260
20.7663
22.1206
18.0577
21.4639
19.2712
28.6083
26.6994
25.7765
27.3802
32.7513
31.2223
36.5721
33.5788
38.0608
30.9985
25.2533
21.1202
23.4760
21.1626
25.6131
29.7357
38.9565
38.0956
39.9160
36.6994
35.4417
29.9691
29.9877
24.2128
17.0217
12.4653
12.1201
15.5717
18.2823
13.4197
17.4696
12.6863
12.7515
9.9208
14.4449
17.9913
20.5157
13.8235
17.2696
21.6502
25.1054
27.3139
32.0674
30.8087
27.5661
24.4915
21.6274
26.3560
24.6269
18.1456
19.6699
14.1150
6.8298
15.4645
24.5157
18.0500
11.0074
5.8703
13.7006
18.6105
25.3046
24.1367
24.6364
22.9102
30.5047
30.4179
22.4081
22.0311
21.5285
15.1345
25.0817
23.1513
25.7533
31.5328
7.9766
15.7206
17.2113
22.2406
19.8793
22.4377
25.6585
18.9498
21.2519
22.1669
16.0488
9.5658
5.7523
9.4588
13.4422
17.3357
16.2787
18.4357
13.8862
18.1511
15.0988
24.1395
22.2152
21.9880
23.1716
28.3249
27.2145
32.8142
30.1541
35.3859
28.0535
22.1992
18.1524
21.2847
19.1749
23.1656
28.1028
36.9861
35.6192
37.6933
33.9274
33.3114
27.7200
26.7519
21.7135
14.4739
9.4523
9.4325
13.0354
17.8243
12.8755
16.8086
12.9635
14.8990
13.3731
16.3154
20.5186
21.9249
15.9079
20.4478
24.0691
27.6126
30.0892
34.7314
33.9079
31.0525
28.5185
25.1958
29.2589
26.8774
21.4901
21.6014
16.3521
8.0804
15.3100
25.7124
20.0790
13.7004
10.3614
16.9416
22.6758
28.6020
28.0978
29.0153
27.2461
34.8622
34.2679
25.9650
25.9145
25.9046
19.1830
29.2459
26.7930
29.9881
35.8048
10.2734
14.0875
19.0434
15.7499
20.7021
23.2556
15.7427
15.5756
16.3459
13.1532
8.2474
8.9873
12.4503
13.4246
16.7995
19.1372
18.6467
16.4257
22.8339
19.5360
27.1675
24.5387
25.2617
24.7849
28.7414
27.5269
32.5922
31.1300
37.4233
29.5016
26.0141
19.6136
24.5604
19.5242
24.7399
29.5017
38.7276
36.2329
36.7128
33.6339
33.3051
25.9888
24.5159
20.2804
13.6685
12.6911
15.2289
16.6346
16.8154
15.1261
21.5933
19.3478
18.9321
15.9118
17.5225
20.5125
17.9208
13.2889
16.9556
20.5817
22.9950
24.8957
28.9179
29.0078
28.0692
26.0240
21.6088
23.9429
20.7882
17.5131
15.4240
10.9085
5.2039
8.9696
19.6575
14.2780
11.9144
12.0666
15.5537
23.1505
29.6297
28.4777
31.1799
27.2233
33.5763
31.8026
24.8352
23.7104
25.0221
17.3589
27.6465
24.0031
28.0780
34.4151
8.1834
11.2511
5.8290
12.8504
15.2900
7.6981
7.6615
11.3619
9.0584
7.5371
13.5534
15.8759
11.4473
14.0905
18.1973
13.0880
14.8706
22.1245
19.8118
26.3329
21.9237
22.3280
20.2584
23.2781
20.9259
24.8507
24.6029
31.9286
23.7936
23.6349
15.5180
22.2465
15.0340
20.1347
24.9360
33.4126
29.4333
28.6312
25.8621
26.3928
17.8286
15.3702
12.8480
9.2154
13.5781
18.0276
16.4300
14.1640
16.1163
23.1020
24.0051
23.7153
22.2224
20.3471
23.1870
17.2263
16.3263
21.6908
21.9787
24.3260
27.3741
31.3436
32.0635
31.4688
32.0552
27.0052
27.9807
23.1350
23.8856
18.1644
17.4040
15.3507
15.3570
24.9243
20.5222
21.7093
21.0176
20.5498
29.0990
33.2775
33.6255
38.5212
33.6722
39.9613
36.0730
28.8344
29.0356
32.1675
24.9066
35.7953
32.0036
35.1514
42.3841
5.2360
8.3660
14.7821
18.8852
12.3640
14.9421
19.3373
15.5064
8.9403
16.5453
19.6973
15.5103
19.1928
20.4276
12.5785
15.6084
20.1045
20.5892
29.4438
24.0755
21.0176
20.8333
25.6964
21.0176
23.9249
21.8605
27.0030
19.5442
20.3548
11.8563
17.1065
8.6985
14.7812
18.0476
27.1278
24.1095
23.3201
21.5271
20.4083
12.7108
14.6828
8.1915
5.8224
11.9840
16.4224
13.1240
6.4998
10.9945
18.0734
20.7744
19.4211
19.2161
14.9717
17.7073
12.8638
13.1243
20.2461
18.1466
21.8308
26.5389
31.6927
31.2998
28.4770
30.8755
26.3213
28.6608
23.7153
24.4866
18.9814
19.4497
18.2464
21.1719
30.1182
23.8356
24.6315
20.8724
17.7151
25.7279
27.6970
29.4719
35.5218
30.9098
38.0422
33.2708
24.7353
26.8807
30.7118
24.5727
36.3360
33.7383
34.5599
42.5778
8.6301
14.3729
18.2861
13.4267
16.1299
21.0833
18.0163
13.4478
21.0082
23.6927
18.4266
21.4653
22.8792
13.3739
18.2170
22.0772
23.3325
31.3968
25.4696
21.8782
21.2455
25.5776
19.9981
21.5356
19.9002
24.8251
17.8610
21.1620
12.7964
17.8729
9.1332
14.1204
16.4158
24.6206
20.8452
18.8652
17.8813
16.8541
8.4118
11.9617
6.2058
8.9974
15.9387
20.3203
16.1556
8.9391
14.7668
20.8493
24.7517
23.4362
23.7781
18.6185
20.8087
15.1132
17.2486
24.1027
20.6657
24.0592
29.0927
34.0797
33.8569
31.1286
34.6185
30.0418
31.8474
26.5364
28.6613
22.3683
23.9079
23.3710
25.5159
33.9562
28.0416
29.6870
25.9867
21.8994
29.6270
30.3568
32.7966
39.6030
34.7676
41.6725
36.0995
27.8246
30.4867
34.8765
29.1104
40.7766
38.2011
38.6082
46.8483
8.5557
11.3174
5.3246
8.0585
13.0192
10.2026
10.4964
16.8761
18.5054
12.2738
14.1953
17.9948
10.3407
14.6419
21.3016
19.9200
25.6827
20.3615
20.1505
17.4069
20.0139
16.6482
19.6933
20.0584
27.8474
19.8484
21.6923
13.4743
20.6376
13.2250
17.2990
22.0886
29.6277
24.8426
23.6528
20.7686
22.0266
13.1831
9.6811
8.9852
8.9500
15.0598
19.6808
16.7636
14.6348
17.6440
23.8025
26.2189
26.4638
26.0189
22.8755
25.8533
19.7958
20.1406
26.2448
25.1270
27.7446
31.4354
35.5168
36.2217
35.1968
36.8273
31.8118
32.7371
27.5282
29.1358
22.8773
22.9481
20.8744
21.0130
30.3422
26.1512
27.4199
25.9304
24.6758
33.0875
35.9288
37.2210
42.7040
37.9871
44.5702
40.0220
32.3393
33.4339
36.9986
30.0560
41.2380
37.6321
40.2214
47.7476
5.1022
5.8464
12.3140
15.9866
10.3610
13.9347
17.8864
17.7993
10.6069
10.7684
13.4483
6.5628
11.7284
17.8081
16.1650
19.3914
13.5418
14.5311
10.0044
11.6412
8.5935
12.6635
14.1946
23.6892
15.8330
17.8073
12.0045
19.1244
14.7817
15.7069
21.7426
27.3388
21.9694
22.4879
17.6294
20.7958
14.0717
6.6150
10.4906
11.9572
16.1165
19.8426
16.8700
19.6334
20.7765
24.6418
27.6096
29.9492
30.6746
27.7497
31.6413
27.4400
26.9039
33.5921
32.7242
35.8666
39.7000
43.8773
44.4732
42.8769
44.1270
39.3304
40.7540
35.7643
36.3535
30.8740
29.8880
25.7444
26.3611
36.6493
33.0587
32.5365
30.7185
31.1270
39.0734
41.4545
43.3575
47.9777
44.3424
51.6169
47.5891
39.0972
40.6338
43.5900
36.5705
47.8115
44.2598
47.2258
54.4635
7.7849
11.9346
14.6008
11.0941
17.6316
20.6702
19.8545
12.8583
11.1179
15.6990
11.4128
15.4329
21.9261
19.2458
19.5971
14.6679
18.0999
12.3943
10.5615
10.3743
13.6961
17.2584
27.2847
19.9327
22.1451
17.0380
24.0455
19.8307
20.6046
26.5071
31.3753
25.4701
25.4578
20.6926
24.6584
17.9272
9.2496
15.1772
16.6299
20.4866
24.0719
21.6231
24.2765
25.5465
29.5511
32.0983
34.5447
34.8639
32.3292
36.0797
31.0567
30.7126
36.8578
36.3409
38.9670
42.2971
45.9104
47.0220
46.3381
47.2827
42.2882
42.9888
37.9671
39.0363
33.2749
32.3080
28.3176
27.4921
37.2894
34.8357
34.8077
34.1510
34.9590
43.1370
46.0277
47.5656
52.0808
48.1891
55.0517
51.0670
43.1127
44.1009
47.0264
39.7316
50.5431
46.5306
50.2673
57.2459
7.1875
10.9814
5.8482
10.4230
14.6724
15.1458
8.2821
9.1230
13.9901
8.8000
11.9194
19.6109
16.7765
20.8847
16.0033
17.8899
14.1103
15.8365
14.2159
18.4766
19.4993
28.3515
20.1738
20.7212
13.6861
21.1496
15.4527
18.3955
24.2759
31.2590
26.3685
26.2626
22.2067
24.3907
16.4164
10.4913
11.7514
10.5029
14.6544
18.8046
16.7116
18.1288
19.3034
24.5859
26.3690
27.9362
27.6179
25.4586
29.0594
24.0534
23.1750
29.1575
29.1092
31.7787
35.0279
38.8822
39.7333
38.9021
39.5381
34.5885
35.6095
30.7492
31.3230
25.8396
24.6481
20.8976
20.6817
30.8145
27.4833
27.4884
26.6815
27.3458
35.6162
39.1085
40.1656
44.6447
40.5358
47.3019
43.5327
35.6988
36.4072
39.2581
31.9546
42.8394
38.9711
42.4921
49.5241
5.1275
8.1583
13.8493
17.7250
18.4231
13.1193
13.1308
19.8011
15.8766
18.1922
26.2909
22.7877
25.9173
22.0657
24.9937
21.0109
21.3532
20.7799
24.3448
26.1842
34.9731
26.8848
27.7079
20.2124
27.5766
20.8207
24.7757
30.0251
37.3706
32.2488
30.8688
27.7746
29.7669
20.8887
15.4120
16.9584
15.4052
19.6025
23.8174
22.3756
21.3270
23.3942
29.8170
30.7326
31.1599
29.5561
28.0079
30.7396
23.7806
23.5694
27.9502
28.5073
29.9296
32.1059
34.9453
36.6406
37.6118
37.8688
32.5864
32.1471
27.2485
29.1095
22.9071
22.3594
20.4660
17.3993
25.9600
24.0361
26.1378
27.4086
27.6842
36.2820
40.8106
40.8694
45.5881
40.5047
46.0852
42.2045
35.8863
35.3863
38.4560
30.9419
40.8917
36.3372
40.7549
47.4811
9.1880
16.5716
18.5218
18.5407
14.5840
13.5674
21.1116
19.5333
20.5426
29.0281
24.4463
26.0531
23.3852
27.8576
23.5794
22.9899
23.9634
27.9541
30.1595
39.2836
31.1434
31.0735
24.1448
31.4438
25.2395
29.1066
34.6827
42.0408
36.9483
35.8220
32.4498
34.6741
25.9322
19.9512
21.7782
19.3895
22.3514
26.1035
25.5621
25.5056
26.7664
33.0660
33.0647
33.7756
31.6595
31.1451
33.8730
27.1009
26.2219
29.6438
31.3258
32.2579
33.5368
35.6803
37.8025
39.6868
38.8994
33.6565
32.6799
28.2808
29.6886
24.1506
22.8142
20.6277
15.8278
23.7816
23.4901
25.4844
28.3545
29.8839
38.3023
43.7840
43.1632
47.1266
42.1248
47.2002
44.0083
38.3587
36.9954
39.5032
31.7857
40.7745
35.7530
41.3154
47.3569
10.0266
11.1789
10.8058
5.4269
5.5319
12.1022
11.7674
11.4551
20.0037
15.2841
18.4564
15.1509
19.1169
15.5357
16.8799
17.4167
22.6682
23.4821
32.2988
24.0916
22.4431
16.4440
23.4690
18.8659
21.9231
28.2205
35.5284
31.1690
31.7573
27.3442
29.3967
21.8268
16.1042
16.5504
12.9697
14.4733
17.8794
17.4792
20.7846
20.2999
25.3779
25.6034
27.7500
26.8542
26.2438
30.0702
25.8666
23.6106
28.8300
30.3113
32.7784
35.2681
38.7943
39.7628
39.3779
38.6477
33.8312
34.8942
30.6342
29.9340
25.5570
22.9632
17.8924
17.1473
27.8055
25.2608
24.0951
24.5215
27.1759
35.2032
39.9396
40.2145
43.5266
39.8273
46.4146
43.6687
36.1571
36.0184
38.0130
30.4006
40.5914
36.4408
41.0236
47.3690
7.6338
10.8679
8.4318
12.8278
13.6392
10.6618
9.5423
15.9627
13.8820
22.7137
18.5855
17.7254
17.4948
22.4259
19.9653
24.8840
22.9420
29.2727
21.2807
18.4040
11.4671
17.1526
12.1035
16.7878
22.1388
30.9546
28.2435
29.2962
25.7193
25.6518
18.8625
17.4988
12.8197
5.9280
6.3275
10.5451
9.8566
12.1002
10.5410
16.6315
16.8862
17.9475
17.3967
16.2809
20.3985
18.2809
14.9297
21.3898
22.3872
25.9782
29.4863
34.2537
34.0040
31.5957
31.4570
27.1104
29.9315
25.8987
23.9265
20.4684
17.8204
12.6982
16.5374
27.3595
21.8573
19.6601
16.7867
18.3655
26.0646
30.1293
30.8902
34.5442
31.1702
38.6439
35.8115
27.1883
28.1229
30.2189
23.2055
34.5142
31.5177
34.1301
41.1510
4.2841
8.0010
11.6606
11.1592
14.5260
9.5610
15.7590
11.1202
19.0206
16.9957
18.3342
18.4008
22.8928
22.5627
28.4659
26.5803
33.0472
25.3580
19.8935
15.7915
20.2622
18.1137
21.4062
27.3074
35.5759
33.3504
35.5163
31.1120
31.4861
25.5936
23.0178
19.4622
12.7386
8.4335
9.4938
12.2441
18.7036
14.5765
18.3418
16.1010
19.2159
18.4947
19.9803
24.4613
24.2751
19.3319
24.5252
27.4040
30.8120
33.4168
37.7833
37.5311
35.3329
33.3246
29.5012
32.6779
29.6316
25.5904
24.2040
19.5287
11.4994
15.9578
27.2568
22.7982
17.6336
15.9144
21.3921
27.9131
33.2357
33.2318
34.6922
32.6298
40.0997
38.9240
30.5821
30.6643
31.1957
24.1124
34.2117
31.1481
35.0179
40.8883
7.2436
9.4662
8.8516
15.1039
9.4699
15.9270
9.7355
15.3599
14.3865
17.7083
17.0784
20.6882
21.7010
27.9338
26.6117
33.6999
26.1105
20.3429
17.3454
21.9410
20.6380
23.0310
29.4100
36.9849
34.4575
36.9825
32.0331
33.1061
27.4352
23.6613
21.4145
15.4161
11.3291
11.7979
14.5890
22.3102
18.2134
21.0490
18.9096
22.9498
22.5250
24.0892
28.6803
28.3183
23.5754
28.6131
31.5964
34.8669
37.2673
41.3486
41.3588
39.5170
37.2295
33.4005
36.2535
33.2302
29.2751
27.8522
23.0460
14.8486
17.9359
29.2019
25.7795
20.3960
19.6450
25.6425
32.0212
37.3624
37.3746
38.3777
36.6389
43.9962
43.0675
34.8424
34.7634
35.0521
27.9282
37.5050
34.2080
38.7039
44.1734
4.6579
7.1702
9.1088
6.3521
14.8912
9.8968
15.0665
11.4697
14.6183
12.2243
15.5141
15.6222
21.5618
21.0776
29.2458
21.2131
17.8854
13.1136
19.4429
16.5678
18.8469
25.4871
32.7035
29.1106
30.9288
25.9904
27.7163
21.3881
16.6083
15.6632
11.2020
10.5764
13.2967
13.3045
19.4729
17.4257
21.2418
21.4509
24.7077
24.6888
24.2051
28.6493
26.3983
23.2715
29.2292
30.6770
33.9192
36.9250
41.0743
41.4044
39.7769
38.9740
34.5670
36.7399
32.7510
30.8123
27.3929
24.1596
17.6999
19.3948
30.6808
27.1559
24.1943
23.0546
26.4917
33.9141
38.1680
38.9308
41.6489
38.8933
46.2468
43.9139
35.4968
36.0328
37.5824
30.2757
40.8082
37.2603
41.2193
47.5644
7.9917
11.5520
9.6722
17.7250
12.0298
12.9671
10.2341
16.2012
12.2054
13.0463
15.2591
21.2060
22.0432
31.0698
23.2340
20.5176
16.5311
22.9569
20.3456
21.9575
28.7590
35.1861
30.9988
32.6993
27.4409
30.0425
23.6884
17.3422
18.5051
15.2587
15.1464
17.5266
17.5829
23.7030
22.0402
25.5664
25.7730
29.3136
29.1764
28.8270
33.1882
30.2871
27.4854
33.0831
34.6794
37.5702
40.2362
43.9434
44.6947
43.7463
42.7304
38.1805
39.7635
35.7293
34.1972
30.5218
27.3229
20.9921
21.1584
32.0750
29.7045
27.0708
27.0229
30.7634
38.3009
42.7744
43.3863
45.9600
43.1260
50.1872
47.9071
39.8387
40.0288
41.5263
34.0379
44.1333
40.1975
44.8548
50.9186
10.4538
5.3000
10.7415
4.4392
9.3616
5.9488
10.0241
8.7841
13.1413
14.1643
20.5551
19.2647
26.8241
19.7054
14.3312
13.4434
17.9102
18.4186
18.4505
25.3421
31.2335
28.3298
31.7785
25.9849
28.0185
23.7984
19.2370
18.5538
14.9903
12.2444
12.8549
13.3930
22.9895
19.5111
20.6051
21.0424
26.1410
27.3874
27.0286
32.0100
31.6419
28.0389
34.4443
35.7651
39.5898
42.9572
47.4597
47.3757
44.7768
43.8713
39.9090
42.8582
39.1194
36.2752
33.6715
29.9952
22.5580
25.5120
36.9133
33.2319
28.7287
26.4982
30.8131
37.3204
40.8303
42.2209
44.0658
42.5531
50.5582
48.7175
39.5514
40.7422
41.7435
34.8832
45.3172
42.2772
45.8764
51.9659
6.7870
11.7490
11.5096
18.3671
12.2122
9.8106
8.2553
13.9210
9.5577
14.4674
12.6872
20.6320
12.4064
12.0000
5.8572
12.9980
9.9421
10.6497
17.3427
23.9337
20.0126
22.0938
17.0139
18.7326
13.3772
9.9551
8.3042
7.7824
10.5476
13.9241
10.5364
15.6884
15.3129
18.2441
21.4850
24.3516
25.8471
22.9021
27.3008
25.2152
23.6764
30.9787
30.1638
34.0921
38.3896
43.2468
43.1023
40.1948
41.3452
36.9995
39.6007
34.9755
34.2339
29.7972
28.1968
23.2055
25.9974
36.8752
32.0866
30.1475
26.7678
27.5047
34.7962
36.7162
39.0238
43.1772
40.3480
48.2943
44.6984
35.3825
37.5571
40.1127
33.5041
45.0430
42.1586
44.3338
51.6104
8.5694
5.3298
14.5486
9.8730
9.0992
9.3297
15.4270
13.7469
19.6802
17.3594
24.2787
16.6631
11.7185
8.6763
13.7654
13.2885
14.1417
20.9062
27.7890
25.1230
28.2189
22.9581
24.1499
19.6395
16.5849
14.0597
9.9513
7.5264
9.2968
8.5504
17.7368
14.5158
16.3579
17.6436
21.9521
23.3869
22.2102
27.1434
26.8399
23.5107
30.3867
31.0577
35.1292
38.9351
43.7914
43.4269
40.3256
40.1116
36.1424
39.3630
35.4390
32.9115
30.0003
26.8862
20.1447
23.9811
35.3551
30.6742
26.7638
23.4342
26.5078
33.1591
36.1208
37.8428
40.4637
38.5900
46.7574
44.3956
34.9736
36.6510
38.1257
31.4637
42.4857
39.7372
42.4727
49.0851
7.2321
17.2015
13.0607
6.0542
11.6101
19.0888
16.0537
20.9063
16.1730
19.7893
14.1372
5.1650
9.4689
8.9244
14.0985
11.9876
17.7466
23.2953
22.6254
27.6686
22.3210
22.5656
21.4452
20.8294
17.0956
14.4880
10.7187
9.4703
8.2850
19.6309
15.1148
12.5189
15.3389
21.0754
24.4421
22.7321
27.9111
30.3019
26.8122
34.1616
34.0878
38.9401
43.4468
48.9493
47.7951
43.0334
43.3389
40.0788
44.4292
40.7818
37.4906
35.4359
32.3952
25.6047
31.1447
42.3737
36.7595
31.8057
26.4235
29.1665
34.2849
35.4631
38.3550
40.4684
40.0146
48.9667
46.8248
36.4914
39.4420
40.5960
35.0007
46.0567
44.3113
45.6616
52.3032
11.7086
8.8227
8.7957
10.5495
16.4316
16.1314
22.2179
19.5216
25.5910
18.9524
11.7536
12.4499
15.2561
17.3656
17.0385
23.5854
29.6187
27.7281
31.8418
26.1936
27.4282
24.1841
21.1661
18.9138
14.8601
10.4847
9.7111
10.8572
21.8795
17.3381
17.0894
17.4171
23.1717
25.0806
24.8319
30.0090
31.1048
27.0386
33.6535
34.8964
39.1382
42.7915
47.6828
47.1149
43.6506
42.7794
39.2020
42.8808
39.3913
35.8378
33.9130
30.0523
22.3673
26.7694
38.1834
33.7152
28.4121
24.9433
29.4065
35.2098
38.2535
39.9553
41.4138
40.5696
48.9752
47.4029
37.8028
39.4689
40.1933
33.8009
44.3010
41.8164
44.7097
50.8010
6.5850
14.9617
12.6181
12.5366
17.4727
23.3110
23.4487
31.1525
25.3624
20.2425
21.7788
25.3191
27.1222
25.9034
32.6817
36.7607
33.6598
37.6886
31.3040
34.4359
31.1469
25.2192
26.6588
24.1378
21.4619
21.2291
22.2456
32.2578
28.6781
28.6749
28.7366
34.6548
35.9977
36.1707
41.2238
40.8777
37.2043
43.2522
44.9952
48.6320
51.6403
55.7583
55.9848
53.8295
52.3376
48.4280
51.0681
47.4915
44.4587
42.1040
38.0303
30.1764
32.0095
42.9964
40.6258
35.6229
34.4708
39.7968
46.0322
49.7734
51.0464
52.0379
51.0893
58.9682
57.6484
48.6470
49.5144
50.0333
43.1085
52.7894
49.4970
53.9611
59.4071
9.5706
6.1055
8.3153
11.2625
17.4121
17.2378
25.4683
19.1287
15.2106
15.8572
20.0168
21.2302
19.8116
26.6413
30.8738
27.3888
31.1619
24.8480
27.9729
24.6356
18.9655
20.3970
18.7830
17.3438
18.0519
17.6613
26.9351
24.1997
24.6580
26.0463
31.3503
32.9866
32.0192
36.9802
36.1404
33.1930
39.8343
40.6220
44.4250
47.9616
52.3779
52.4913
50.0034
49.5125
45.4062
48.0553
44.0231
41.8202
38.6409
35.3865
28.2607
30.4412
41.6970
38.4862
34.4616
32.4018
36.2558
42.8949
45.8422
47.6459
49.7648
48.2394
56.2924
54.1101
44.8335
46.2767
47.5351
40.6457
51.1702
47.9925
51.6590
57.8427
6.4510
13.8559
10.5912
15.4390
11.4830
17.2313
11.2826
5.8079
9.6979
11.2405
15.0876
11.7651
18.0852
22.1100
19.9666
24.9957
18.8987
20.6755
19.6361
17.4029
16.0615
15.5216
14.1302
14.4306
12.1995
21.8631
19.0273
17.6721
21.1423
26.3116
29.3223
26.9731
31.9585
32.6975
30.1336
37.6408
37.1017
41.6749
46.2099
51.4575
50.7624
46.6525
47.3829
43.6755
47.3097
43.1753
40.9478
37.8462
35.3098
28.8390
33.0448
44.3780
39.4110
35.3947
30.9201
33.1240
39.0243
40.0970
43.0951
45.8816
44.7836
53.5035
50.7689
40.6308
43.4711
45.1362
39.1046
50.3792
48.1277
49.9513
56.7992
7.7134
5.8729
12.0651
11.2934
20.0646
13.3703
11.8000
11.7048
16.1487
16.9402
14.7700
21.4321
25.3495
21.4105
25.0737
18.7434
22.0009
19.1052
14.0095
15.6017
15.8018
16.1410
17.7257
15.5594
23.4999
21.9153
22.5490
25.5188
30.0798
32.1481
29.8765
34.6389
33.4066
31.3960
38.5962
38.2342
42.2241
46.3483
51.0611
51.0201
48.1005
48.7185
44.5083
47.1844
42.7326
41.4166
37.4605
35.1659
29.0024
31.5032
42.6933
38.7238
35.6869
32.6909
34.8808
41.7150
43.5947
46.0646
49.2692
47.3047
55.5038
52.4596
42.9212
45.0651
47.0481
40.3811
51.5693
48.6028
51.3643
58.1966
7.6903
12.2261
15.3101
24.9873
19.1214
19.3329
18.6673
23.6972
23.3937
21.5922
27.9306
30.7949
25.7490
28.3961
22.1503
26.7357
23.2171
15.7861
20.5335
21.4563
22.6193
24.5259
22.7683
29.5663
28.7464
30.1258
32.6623
37.0854
38.5482
36.5283
41.0886
38.4410
36.8816
43.6037
43.4935
46.8951
50.5244
54.6060
55.2217
53.4304
53.8155
49.2565
51.0057
46.3822
45.8171
41.2813
39.1233
33.2068
33.8785
44.5837
41.9639
39.6595
38.1518
40.6066
47.9651
50.4416
52.5099
55.7832
53.3457
61.0643
57.9157
48.9645
50.4797
52.5670
45.4530
56.2663
52.6640
56.4040
63.0127
6.4237
8.0949
18.2155
11.8503
14.6221
13.1805
17.9559
17.3401
14.8299
20.6903
23.5215
18.2498
20.9525
14.6398
19.0458
16.1920
10.2320
14.3588
17.0871
19.5754
21.9880
18.7688
24.1697
24.2815
25.5867
29.5139
33.1910
35.2038
31.9667
36.3020
33.8390
33.0374
40.3368
39.0536
42.8180
47.1667
51.7609
51.9437
49.2977
50.7982
46.3353
48.4857
43.5947
43.5303
38.5899
37.2812
32.1977
33.9412
44.6844
40.8020
39.0572
36.1508
36.9845
44.2059
45.4525
48.2535
52.4549
49.8249
57.8005
53.9261
44.5963
46.9851
49.6670
43.0150
54.4732
51.3627
53.8412
61.0837
6.9516
16.2086
11.9254
18.1564
16.9550
20.7229
19.8938
16.6164
20.8069
21.4510
15.1461
17.1116
11.0686
16.7296
15.5776
10.7557
16.2452
21.0385
24.6200
27.2284
23.3127
26.8121
28.1437
29.3134
34.1628
37.2725
39.5419
35.4192
39.3420
36.3378
36.6045
44.0116
41.7385
45.4184
50.0996
54.6960
54.9089
52.1683
54.6019
50.0814
51.9852
46.7888
47.6801
42.0934
41.6533
37.4190
38.9334
49.2452
45.2480
44.3487
41.1438
40.7844
47.9920
48.2635
51.6033
56.5984
53.6622
61.5586
56.9621
47.7035
50.5705
53.8085
47.4078
59.0804
56.0531
57.9878
65.5922
10.2510
5.2967
12.3578
12.7492
14.5750
15.6800
10.8884
14.8327
15.6405
10.6211
15.0993
8.4690
12.4855
13.6318
12.4359
13.9641
18.4208
21.1465
23.1554
18.8764
23.1580
23.7678
23.6646
29.1438
32.3981
35.4141
31.0206
35.0997
33.7933
33.6053
41.3946
38.8838
43.1726
48.3086
53.4838
53.0450
49.1344
51.7375
47.6416
50.4696
45.5316
45.5747
40.7092
40.0457
35.5398
38.5875
49.2314
44.2039
42.4688
37.9720
37.4352
43.9066
43.3792
47.2434
52.0234
49.7499
58.1248
53.7426
43.8811
47.4291
50.4566
44.5975
56.4405
54.0510
55.0988
62.7831
8.2873
14.6512
17.8489
15.0306
19.0523
12.9660
12.1086
6.9860
6.8687
14.4719
10.7011
10.7553
17.8557
20.9962
19.7029
24.1192
25.9993
26.9907
22.5356
25.8838
26.3138
23.9071
30.5203
33.3928
37.5734
32.4105
36.0555
36.8455
36.9226
44.8644
41.3471
46.1846
52.0002
57.7626
56.5185
51.0418
54.5775
51.1503
54.8944
50.2027
49.8928
45.6434
45.3406
41.2172
45.6913
56.1661
50.0540
47.8976
41.7790
40.2046
45.2459
42.5720
47.6376
52.5612
51.1623
59.9330
55.3721
45.0456
49.8530
52.9129
48.2025
60.0582
58.6225
58.0730
65.9555
9.6408
10.0524
10.0548
12.0511
6.2989
9.7448
12.1660
8.7961
14.1259
8.5314
9.6475
11.9944
13.9082
12.1108
16.2280
18.6590
20.4379
15.7335
19.4998
19.9626
19.3035
25.3731
28.2033
31.6256
26.8473
30.8428
30.5805
30.2917
38.2219
35.3888
40.0189
45.4587
50.9887
50.0990
45.4295
48.3124
44.5225
47.9010
43.1497
42.8218
38.3798
37.8072
33.5567
37.5722
48.1179
42.3305
40.3757
34.9773
33.8790
39.8244
38.6581
42.8698
47.7545
45.7247
54.2907
49.9121
39.7820
43.8157
46.8389
41.4651
53.3680
51.4520
51.7253
59.5216
8.6756
6.1929
12.8369
8.5931
13.8070
18.2826
17.8074
23.4250
18.1230
18.2086
18.7491
19.2642
15.6642
15.2636
13.5928
13.3261
10.2577
19.4763
16.3574
13.4053
18.1828
23.0195
26.8647
23.8448
28.7217
30.8300
28.3496
36.0875
34.9076
39.8980
44.8998
50.5833
49.3434
44.2235
45.5363
42.2205
46.4990
42.5057
40.0565
37.3209
35.1198
29.1687
34.5107
45.5978
39.6956
35.5956
29.7839
31.0440
36.1745
36.1007
39.7590
42.7725
42.0636
51.0896
48.2097
37.6805
41.3121
43.0690
37.7451
49.1711
47.5643
48.2473
55.3292
7.4775
5.5573
5.8306
12.4396
20.0526
17.6322
20.5550
16.0803
15.9767
12.4412
13.1203
7.6815
6.9748
8.8098
11.5868
6.7436
12.3708
11.3723
13.1646
17.6949
20.3364
22.8221
19.0715
23.5975
23.3318
21.6502
29.4462
27.9577
32.5352
37.4395
42.8884
42.0541
37.8555
39.5624
35.6743
39.1828
34.7681
33.4956
29.6633
28.2483
23.5252
27.9764
38.6746
32.7639
30.3380
25.2653
25.1556
31.6559
32.4151
35.4585
39.7701
37.4535
45.8922
42.2283
32.2607
35.3780
37.9502
32.0726
43.8652
41.7335
42.6728
50.1899
8.8195
5.5340
9.2043
16.2134
16.6567
21.4013
17.5095
15.6572
16.2245
19.3521
13.4186
13.0798
12.3173
12.6389
8.3110
14.6648
12.1476
9.3485
15.6863
18.8854
23.0185
18.9089
23.4480
26.1139
24.0940
31.9545
29.9778
35.1842
40.5701
46.5382
44.9307
39.1979
41.2774
38.1496
42.7125
38.7419
36.5806
33.8198
32.3061
27.4931
33.4115
43.9316
37.2337
33.8050
27.0994
26.7388
31.5694
30.5980
34.7042
38.5666
37.5225
46.5588
43.1934
32.5479
36.7798
38.9778
34.1984
45.8201
44.6336
44.2884
51.7529
6.3599
10.1889
19.3305
17.3444
18.8675
16.1101
14.3121
10.1072
14.0558
6.0325
6.4613
10.4877
13.7373
8.6422
7.6170
9.2878
12.7745
17.9159
18.4652
20.7763
15.6883
19.5495
18.8868
18.2571
26.1813
23.5768
28.2749
33.6302
39.3169
38.2232
33.6243
36.3170
32.4833
36.0383
31.4915
30.9526
26.7287
26.3638
23.2454
27.8810
37.7552
31.1571
29.8414
24.1973
21.9897
28.4797
28.4204
31.7956
37.2168
34.2606
42.5213
38.1302
28.2200
31.8626
35.1081
29.7178
41.6822
39.8622
39.8274
47.7796
6.9748
14.2918
12.6434
16.4410
12.4774
11.0918
10.9132
14.5400
9.0526
11.5201
13.7518
15.7255
10.5977
13.6403
13.8148
13.8015
19.9798
22.0982
25.4579
20.5503
24.6089
25.0342
24.3229
32.2900
29.5805
34.4279
39.9140
45.6547
44.4710
39.4478
42.2098
38.5919
42.3624
37.8512
37.0524
33.0670
32.4102
28.4389
33.2030
43.5392
37.1727
35.0987
29.1743
27.7326
33.5283
32.5497
36.6041
41.5298
39.4328
48.0457
43.8298
33.5868
37.6734
40.6275
35.4620
47.3615
45.7089
45.5996
53.4198
9.7891
10.7067
14.1981
12.8511
8.3068
12.2689
18.9870
13.1836
16.5935
19.1220
20.7254
15.7313
15.0634
16.5916
15.6986
22.7140
23.4119
27.2911
21.2713
24.3437
25.6056
25.9955
33.7690
29.7140
34.7289
40.7659
46.7955
45.1194
39.1421
43.1530
39.9612
44.0313
39.5787
39.2917
35.3245
35.5958
32.8075
37.9869
47.6161
40.6027
39.1128
32.3197
29.1130
33.9052
30.9118
35.9802
41.7527
39.7254
48.2859
43.4230
33.1819
38.2955
41.7159
37.5646
49.3619
48.3536
46.8537
54.9810
7.3066
13.1868
12.6391
9.1707
17.9964
23.7658
20.7836
25.3881
27.7149
28.8118
24.0774
24.7693
26.0967
23.7394
30.8350
32.3533
36.6940
30.7776
33.6465
34.9493
35.7556
43.4754
39.0402
43.9358
50.0977
56.0661
54.4130
48.2652
52.7151
49.6282
53.6001
49.0123
49.0658
44.8805
45.2996
42.2219
47.1477
57.0072
50.2404
48.6442
41.8341
38.8171
43.1562
39.1493
44.7946
50.4357
48.9272
57.5248
52.4747
42.3241
47.7911
51.2295
47.3087
59.0545
58.1354
56.4521
64.5759
7.6143
5.4805
4.8667
12.9852
17.6173
16.6623
22.5650
26.2221
28.2699
23.2241
23.4930
25.8037
25.2824
32.0623
33.6355
37.1800
31.3142
34.3380
33.4845
34.7697
42.5168
38.2496
42.6808
48.5507
54.0910
53.0982
48.1526
52.4385
48.7362
51.8371
46.8252
47.7484
42.6313
43.2846
40.3528
44.0812
53.9202
47.8741
47.0873
41.3673
38.4787
44.0753
41.3020
46.2694
52.3019
49.8544
58.1138
52.7318
42.9586
47.6935
51.4729
46.7118
58.6615
57.0049
56.2981
64.5213
6.6626
6.0103
10.8629
16.5804
16.5448
23.5115
28.7727
31.7328
26.4767
23.5112
27.7476
29.1219
35.6856
35.9657
38.6793
32.3357
34.5255
31.6114
34.3459
41.5828
36.5580
40.3131
46.0924
51.2248
50.6040
46.4724
51.5471
47.5665
49.7790
44.4491
46.8874
40.8072
42.5914
41.0833
43.7766
52.6681
46.8892
47.7072
42.6466
38.4346
44.5366
41.7807
46.4756
53.5950
50.0204
57.5323
51.2735
42.4008
46.8911
51.4236
46.6657
58.4925
56.5687
55.7588
64.2455
6.1209
9.6190
12.6661
13.6114
20.2042
24.7813
27.5137
22.4659
22.3637
25.2574
26.1616
32.4349
33.9534
36.8043
31.1749
34.2657
31.8877
33.3926
41.0034
37.0451
41.0714
46.6070
51.7775
51.2809
47.2891
51.2945
47.1830
49.6309
44.3865
45.8565
40.1636
40.9210
38.1381
40.9200
50.6444
45.1863
44.9909
40.1797
37.4878
43.9165
42.1820
46.5292
52.7087
49.6211
57.5599
52.0711
42.6783
46.7571
50.6920
45.3520
57.3069
55.1184
55.1750
63.3755
9.3384
16.0149
13.6168
19.7683
24.1499
26.6532
21.4055
19.5801
22.8559
23.4035
30.1405
30.7760
33.9552
27.7472
30.3848
29.0066
30.7856
38.3757
33.7635
38.0877
44.0146
49.5530
48.5275
43.6528
48.2505
44.5254
47.5006
42.4625
43.7647
38.4647
39.5631
37.3688
41.0450
50.4382
44.1752
43.9800
38.2641
34.5824
40.2929
37.5120
42.3617
48.9002
45.9645
53.9695
48.2906
38.7646
43.4932
47.5672
42.9353
54.8453
53.2303
52.2551
60.6103
8.9569
6.1338
13.2631
19.4773
23.2296
18.1823
14.3824
19.0007
22.5336
28.0217
28.0315
29.7820
24.0636
26.6683
22.6903
24.7693
32.0431
28.0439
31.7487
37.1256
42.1854
41.8272
38.4184
42.4281
38.0977
40.1651
34.8423
36.8575
30.7666
32.0819
30.4882
32.9148
41.9469
36.2771
37.1317
32.7780
29.1587
36.1973
35.3933
38.9724
45.7018
41.6515
49.0550
43.3323
34.4968
38.0384
42.3315
36.8604
48.7001
46.3455
46.4403
54.7342
8.3843
13.5968
19.3871
23.3531
19.2342
19.0274
22.0488
25.9386
30.1832
31.5619
32.6385
28.3856
31.6808
26.7814
27.7815
34.6856
32.3332
35.4654
39.8780
44.2154
44.6912
42.7623
45.3532
40.5540
41.8259
36.4552
38.2724
32.0019
32.3388
29.5808
30.3691
39.9271
35.7826
36.3941
33.8122
32.3102
40.1753
41.2478
43.8385
49.5953
45.5142
52.6979
47.6892
39.2419
41.5089
45.2512
38.7192
50.2698
47.0049
48.9464
56.7178
7.2589
13.6345
17.6802
12.9622
10.9095
14.2852
18.6103
23.2013
23.7270
25.1491
20.3047
23.6423
20.1877
20.7745
28.2561
25.5218
29.4316
34.4515
39.5667
39.2142
35.9441
38.8038
34.4119
36.7966
31.7195
32.6051
27.0977
27.3714
24.8188
27.6104
37.2946
31.6218
31.6078
27.4579
25.1162
32.4970
33.0139
35.9348
41.8149
38.0234
45.6517
40.7448
31.6425
34.6009
38.3068
32.3425
44.2146
41.6872
42.4760
50.4759
7.1462
11.7061
8.1773
8.6077
9.1392
14.8658
17.6165
18.3934
19.1719
15.7946
19.8572
17.6563
15.9687
23.4359
22.4391
26.5373
31.0321
36.2284
35.7033
32.4261
33.8489
29.5720
32.5424
28.0224
27.1987
22.8767
21.7012
17.9477
21.8020
32.0796
26.1147
24.8049
20.6297
19.9362
27.4442
29.5904
31.5924
36.3672
32.9389
40.7560
36.9336
27.6873
29.9161
32.8024
26.4392
38.2276
35.6809
37.0557
44.6553
4.6943
4.1084
12.1592
7.4352
11.0299
11.7509
14.6857
16.0322
14.7910
19.7975
20.8521
16.7620
23.8454
24.4930
28.9532
33.0262
38.3589
37.3775
33.4080
33.3667
29.7295
33.7662
30.1673
26.9704
24.7861
21.7399
15.6381
21.4928
32.3366
26.2285
22.1947
17.1206
19.3963
25.7376
28.6730
30.3370
33.2384
31.2790
39.6748
37.3292
27.6372
29.6661
31.1805
24.9767
36.3435
34.2265
35.8505
42.7708
5.2878
15.4314
9.0385
9.3121
8.4111
13.4695
15.6642
15.6388
20.8813
23.9638
19.0548
25.7142
26.9237
31.6034
35.5557
40.9997
39.6538
35.0569
34.3912
31.3256
36.0368
32.9964
28.5944
27.6732
23.9042
16.9533
23.7844
34.5358
28.3616
22.7968
16.9712
20.7312
25.7970
28.6752
30.3859
32.0351
31.2959
40.0445
38.5574
28.6271
30.7965
31.4648
25.7805
36.6269
35.0075
36.4324
42.8801
11.9279
7.0331
8.1685
11.1202
14.5850
17.2908
14.9357
20.0522
22.1247
18.5818
26.0875
25.8090
30.6729
35.2744
40.9171
39.6212
34.8439
35.5114
32.1293
36.5254
32.8503
29.8376
27.6081
25.0627
19.4062
25.5099
36.2114
29.7835
25.7862
19.7977
21.1438
26.8381
28.3970
30.9657
34.1050
32.6168
41.3829
38.7658
28.5573
31.4768
33.1558
27.5385
39.0292
37.3533
38.1581
45.2671
7.2616
13.8184
17.2956
14.8079
15.7457
9.8954
12.7382
11.5427
11.2789
19.0966
15.9852
20.8423
26.3809
32.3206
30.8745
26.0242
29.1292
25.3679
29.1391
24.7843
24.4186
20.3439
20.7800
19.6967
24.6839
33.2389
25.8141
25.5641
19.6288
15.1517
21.8974
22.2429
25.0580
31.3951
27.4688
35.3472
30.5853
20.9308
24.5682
28.3344
23.3586
35.2756
33.7659
32.9058
41.1419
7.9117
10.1583
9.5175
11.7223
8.0140
13.0383
16.1035
12.3589
20.0007
19.2105
24.3517
29.2452
35.2298
33.4531
28.0282
29.2865
26.1170
30.9815
27.5156
24.5260
22.6044
20.7918
17.0705
23.9043
33.4121
25.9482
22.8870
15.7683
14.7372
20.3901
21.7752
24.2877
28.4615
26.2460
34.9804
31.9439
21.6173
24.9682
27.1357
22.0893
33.8225
32.6543
32.2599
39.8159
7.1650
10.1979
15.1339
12.4873
17.3271
23.1965
19.3304
26.4124
25.6142
31.0661
36.0844
42.2612
39.9862
33.4081
34.4894
32.1774
37.8216
34.8437
30.8464
30.0683
27.7024
22.8620
30.4377
40.2325
32.8067
28.1121
20.0963
20.5166
23.7671
23.4022
27.0166
29.6792
29.6172
38.9607
36.7584
25.9602
30.1482
31.3719
27.4229
38.4302
38.0607
37.0076
44.0353
7.4888
11.5019
12.6901
17.4632
24.2358
18.6432
24.4074
25.6712
30.7475
34.8231
40.6961
38.3598
32.1419
31.3710
29.5170
35.5600
33.4513
27.7087
28.6678
24.9280
19.1377
27.4985
36.9028
29.6886
23.3257
15.2119
18.5671
20.8782
22.8575
24.8764
25.4287
26.2926
35.5611
34.9038
24.6670
27.6592
27.5092
23.5927
33.6917
33.5029
33.0876
39.2773
5.7760
6.5980
10.4318
18.8758
13.4047
18.5318
19.2535
24.4221
28.7073
34.8541
32.0064
25.0232
25.0405
23.5270
30.0317
28.1989
22.6885
24.0077
21.3097
18.1241
26.5343
34.4605
26.3478
21.5370
12.4210
12.4093
13.9038
15.6594
17.6417
19.8244
19.6068
28.9969
27.7318
17.3006
20.9489
21.4306
18.4357
28.8044
29.2200
27.2207
34.0914
7.1807
9.4667
16.4804
9.9906
13.5355
16.0514
20.5569
24.0189
29.8791
27.1793
21.0753
19.9149
18.2100
24.7261
23.3424
17.0675
19.2981
16.1583
14.0674
22.3285
29.2495
21.0207
16.5213
7.4681
7.7953
10.1985
15.4435
15.1521
17.3677
15.6467
24.6136
23.7226
14.1462
16.1885
16.4373
12.7049
23.3494
23.4838
21.9825
28.9418
5.2855
12.5818
8.3766
14.7170
13.5296
19.0025
24.0416
30.4179
27.7401
20.9557
22.7779
20.4297
26.2852
23.6494
20.1118
19.6247
18.6491
17.6929
24.9602
32.3649
23.9380
21.7031
13.5503
8.8480
12.9848
14.0612
16.3906
21.6978
18.8948
27.7159
24.5346
13.8714
18.1166
20.5766
17.1018
28.4389
28.3390
25.9737
33.8474
10.9029
8.3894
12.5335
9.9723
15.4415
20.7239
27.2774
24.0491
16.3311
19.4786
17.6383
23.6883
21.4535
18.6003
18.4381
18.8146
20.1813
26.7746
32.5422
23.8406
23.0858
15.5195
7.6055
10.1118
10.1237
12.3759
19.6264
15.6049
23.9452
19.8940
9.1318
14.5036
17.9069
15.9136
26.5183
27.0232
23.1257
31.3576
7.0304
10.7367
5.6123
9.4385
15.1988
21.2142
19.6950
16.0307
20.3127
16.1586
18.8895
14.4767
16.5353
11.5218
15.1189
19.2519
22.4615
27.3047
19.4818
22.8685
18.8935
10.4259
17.4016
19.4487
19.9223
27.9242
21.3919
27.1244
21.0360
13.9990
16.0869
21.4895
17.3088
28.0559
26.5489
24.7678
33.3851
7.9722
8.2335
12.5896
16.9412
22.9695
21.1250
16.8243
18.1505
14.2704
18.8245
15.5937
13.3494
11.2848
11.3170
13.4986
18.8142
24.9416
16.5072
17.1160
11.9473
4.7760
13.2264
17.7259
17.3554
23.4089
17.9402
25.0046
21.0930
12.6067
13.9878
17.6715
12.3728
24.1537
22.7600
21.8036
30.0301
7.7621
8.7689
10.6062
16.3800
14.0915
11.2004
10.6680
6.3047
11.6343
10.2316
6.5477
7.9284
8.9285
15.2479
18.9446
21.2735
12.6858
15.5517
13.0871
6.1646
11.3412
18.3733
15.0831
20.8095
13.5399
18.3957
14.9252
10.1980
7.4362
11.6976
7.1218
17.3395
16.1422
14.5363
22.9193
5.6625
11.6629
18.1899
15.5634
10.4725
15.4778
12.0846
15.8183
12.7690
13.9557
11.2880
15.0686
20.5328
24.1368
27.2472
19.0473
22.5662
18.5250
8.8461
13.6853
16.2225
15.4720
23.9511
16.7234
21.8027
15.4432
9.2123
11.1078
17.0572
14.5107
24.1341
23.5194
20.1516
28.8804
6.4999
12.8304
10.5160
8.7309
13.9964
10.3298
11.6750
8.8061
12.9878
9.8407
15.3334
22.6745
24.5348
25.2732
17.9148
23.6119
21.5747
12.8277
16.8084
20.2353
18.1051
26.2893
18.1413
20.7060
13.6649
12.0150
11.0708
17.4057
15.4156
22.9501
21.9440
18.7866
27.2112
6.6011
4.8155
9.7343
11.8640
8.3637
6.0036
5.6442
11.2462
9.8746
15.1984
23.7887
24.1220
21.9225
15.8269
23.0589
23.2818
16.3790
19.3953
24.5667
20.7860
27.5106
19.0296
18.8893
13.0502
15.6155
11.4811
16.7562
15.2973
19.7313
18.2263
15.9954
23.4979
5.2218
14.9550
15.2485
12.7135
6.2768
8.3685
14.7679
13.8086
18.7204
27.6580
26.1893
21.0469
17.4343
25.9625
28.0862
22.4494
25.1316
30.7398
26.3820
32.1679
23.8150
21.3670
16.7512
21.7703
16.6926
20.7337
19.6551
20.9697
18.8125
18.1046
23.7811
10.0876
11.3123
9.8822
6.7430
9.5245
13.5418
14.2124
18.7365
27.3679
27.5666
23.7579
18.5609
25.6373
26.2836
19.8325
21.1349
26.2668
21.7177
27.8168
19.3876
16.8542
11.5432
17.4729
12.5675
16.9592
17.3521
18.7682
18.0531
14.7390
21.2543
9.1450
9.4908
13.5240
14.3984
14.3406
16.1500
19.5177
26.3496
29.6027
29.2557
21.7694
25.6350
22.7140
14.4651
13.2961
16.4356
12.4404
20.4306
12.1421
13.0362
5.1239
8.3026
6.7734
12.5792
14.9088
19.2272
20.6181
13.7481
21.8961
5.4857
11.0848
14.5515
9.5087
15.8531
16.3705
22.8351
25.9359
24.2607
17.3947
19.8996
18.9283
14.5773
12.4644
19.9992
13.7488
17.1443
9.2839
8.4705
8.5924
12.0333
5.0734
5.7886
9.5013
10.0844
12.1418
4.8987
13.5288
7.5625
9.6054
5.1216
10.3691
11.5681
19.0115
21.3941
20.4016
12.9149
17.0018
16.6686
11.7083
13.1805
20.8841
15.8023
20.4107
12.4371
13.9207
11.5810
12.0744
5.5727
9.0038
7.4876
12.6904
12.0282
9.3382
17.5956
5.8205
8.6404
9.9147
13.2415
22.0370
21.3348
17.1208
12.0683
19.8567
22.2030
17.7789
20.6733
27.6986
22.9252
27.6828
19.6630
18.5972
15.5245
18.6208
12.6478
15.8745
13.7398
15.9683
13.2876
13.7612
20.0851
9.6435
5.4813
11.2850
20.0868
19.0867
17.1572
11.3499
19.7731
21.3927
16.0049
21.0400
27.1971
23.6970
29.6655
21.6023
22.5861
17.9562
18.3402
14.0917
18.5816
14.6902
20.4364
17.3074
18.1049
25.2638
8.4741
7.0726
14.5868
16.4974
16.1650
8.1952
12.2300
13.6712
11.3990
14.8842
23.5117
18.8331
22.1222
15.2169
17.7477
16.6385
15.2533
9.5900
11.0883
5.6500
12.7659
10.0423
11.7195
18.8751
6.9264
15.1330
14.9558
16.2755
8.9592
16.1100
17.1435
12.5229
19.2388
25.6948
22.8790
28.4987
21.1351
24.2470
20.1789
17.4991
14.2598
18.3389
12.5790
21.0691
17.6507
19.3265
26.8268
8.9444
10.1409
13.8016
5.3256
9.2435
11.7569
11.5948
18.1607
26.1914
22.9651
26.3313
20.3633
24.5299
22.7797
18.8491
15.1977
16.9449
9.4495
18.6361
14.7114
18.5515
25.1850
8.7945
17.9621
12.0575
6.9632
8.2473
14.1141
20.4873
28.1781
26.0389
27.4934
23.9423
30.0131
29.4514
23.1295
21.1088
21.2775
13.6712
23.1848
19.7515
24.2106
29.9566
11.4414
9.6043
10.4296
16.4955
20.2434
27.1589
35.0999
32.3964
34.4601
29.6985
33.8534
32.8272
28.5987
25.2342
26.0286
18.3627
25.6396
20.5004
27.2202
32.2389
8.7559
15.1081
23.1517
25.2227
30.4809
39.2313
34.9041
36.7181
30.9163
31.7475
31.4544
31.1597
25.6305
26.0732
20.1659
22.3610
16.1994
24.6326
27.7982
9.9919
15.7314
16.4875
22.0312
30.5540
26.5600
29.2112
23.1010
25.4689
24.4473
22.6546
17.6971
18.7842
12.1022
17.8214
12.5954
18.7499
24.1098
9.2375
15.9950
20.1887
29.3115
25.5926
25.3942
22.0096
26.5502
27.7213
23.5045
19.6747
18.2042
11.2879
17.6662
13.9333
20.0082
24.3452
9.9874
13.5973
21.5925
19.2341
19.5939
17.3043
24.6664
25.0859
17.8402
16.7181
15.6831
9.6920
19.6697
18.4727
20.0278
25.9926
8.6782
14.9236
13.3002
18.7556
13.3268
20.8445
17.9980
9.3551
10.3495
13.2373
8.8643
20.4070
19.9537
17.9073
26.0487
9.8520
5.6478
10.5262
5.9574
15.2265
14.5589
6.4995
8.6827
8.9199
10.5201
18.0883
20.3140
14.7654
22.1922
7.0204
14.6741
12.8955
20.6374
17.7123
9.0975
15.7190
17.6821
19.9905
27.1434
29.7922
22.8840
30.1157
10.0656
6.0309
13.8310
12.5399
6.3142
10.3196
11.1241
15.2235
20.4777
23.7032
16.1025
23.1151
8.5484
14.7683
18.9901
15.4905
16.0556
11.9991
17.1951
18.6697
23.1973
16.5694
20.3410
9.5114
11.2702
8.7499
7.6460
5.4425
11.4521
14.5329
18.2221
10.5045
17.2888
8.9700
15.3989
11.2471
8.9960
16.3566
12.3437
17.2725
7.3912
11.5142
10.9166
8.4575
11.9262
16.6775
17.8119
20.5192
11.9333
18.9631
7.2186
11.5104
13.0395
20.5822
22.3265
15.9345
24.2431
6.5334
8.5079
14.0961
15.5439
9.4176
18.1170
7.8402
9.4793
12.7823
6.0204
13.4832
11.9742
11.2847
11.0252
18.2217
6.1980
5.8942
6.7908
9.9437
11.9932
8.7433
