# Pairwise distances between all Valine CB atoms (in Å)
6.6688
15.8817
12.8984
14.1179
20.5286
12.9654
10.1601
9.4188
10.4353
7.1918
5.8658
16.2336
10.1150
8.3125
15.5723
16.4916
13.1633
8.0743
15.3430
16.0857
10.6062
9.5841
10.3895
13.6496
20.0921
15.0412
18.3664
25.4835
26.7897
34.2145
39.8574
45.9225
48.6235
55.8730
58.4786
59.7973
55.8529
58.8361
52.0375
47.9862
49.1565
53.4402
53.8859
61.1725
66.4556
62.9553
70.0067
76.4871
79.8448
82.2299
74.0922
69.7594
74.5936
78.9125
76.7163
72.9841
65.5780
64.7542
60.2524
64.0451
69.6887
67.7442
74.4015
81.8696
74.5101
81.0264
74.4078
75.6914
69.1304
69.3279
68.4633
65.2176
68.4426
74.6892
77.6000
76.6606
73.4379
71.8250
70.5414
70.9638
78.8656
74.8475
73.6759
66.9699
64.2282
63.7444
60.8004
62.4984
57.4849
56.0095
55.6038
50.9359
44.8126
49.1271
54.3381
57.0424
64.0217
73.0539
72.6603
67.5093
63.4951
11.5364
10.2152
13.6911
20.9571
15.7339
12.4519
8.9441
8.0605
9.0682
11.9723
21.8919
16.1976
12.3967
19.2550
20.2138
18.9847
13.7221
20.5130
21.4583
17.0740
16.1934
15.1156
15.6228
21.8966
16.6120
17.1999
24.4367
27.0201
33.7755
39.0419
44.8579
47.1196
54.0264
57.3583
58.6402
55.4006
58.9504
52.0242
47.8738
48.2153
53.0651
54.3411
62.2983
67.8913
64.0781
71.1243
77.7854
81.1689
83.3227
75.4017
71.6531
76.6919
80.9404
79.0631
75.1703
68.1938
67.6350
63.1712
67.0348
72.4363
70.1603
76.5652
84.3544
77.3210
83.9436
77.4967
78.8703
72.4409
72.6311
72.0596
69.1708
72.9023
79.1366
81.6827
80.3836
77.5834
75.6633
74.3612
74.9393
83.0441
79.0606
78.3885
71.5856
68.8624
68.0422
64.9152
66.9635
61.6124
60.0836
60.2628
55.8944
49.4640
53.6872
59.1405
61.3527
68.1035
77.4004
77.4353
72.2510
68.2937
7.4274
10.3109
16.0426
15.2095
14.4501
11.9324
16.1539
19.1491
20.8881
30.3175
23.6044
19.0771
22.6432
20.6584
24.0609
19.1432
22.8876
24.6754
23.3737
24.6603
25.9383
26.9230
32.4483
26.6511
25.9465
30.6947
35.2276
42.3054
47.9220
52.8799
55.2056
60.8878
64.1872
66.1993
63.2596
67.0990
60.7672
56.2936
55.2202
60.3431
62.6358
71.0877
76.1066
71.7581
78.9497
85.9455
88.9868
90.6403
82.4961
79.8357
84.2499
88.8585
86.7436
82.1449
75.4521
75.9325
72.1096
76.1993
80.8605
78.6189
85.4246
92.8124
85.6413
92.7896
86.1390
87.0226
80.1683
81.4792
80.3998
76.7712
81.0647
86.9899
88.8519
88.4597
85.4935
83.6040
83.1693
84.1711
92.0539
87.8169
87.3026
80.6232
77.1708
76.3649
73.9033
76.2939
71.3847
69.2595
69.1089
64.9397
58.8561
63.2238
69.0112
71.4182
78.0097
86.8240
87.0362
82.0265
77.5945
5.2675
12.0763
12.0835
8.5588
5.3099
11.5964
14.4618
16.4132
24.5819
18.4007
13.0278
15.8588
15.7340
18.9086
14.6357
20.0450
22.7861
19.6990
20.7601
22.9024
23.1645
27.6128
21.5178
21.3715
25.0153
29.5445
37.4029
43.7540
48.4551
51.4130
56.8401
59.3154
61.7581
58.2104
61.7137
55.8105
51.1893
50.1561
54.9234
57.0303
65.2909
69.8496
65.4627
72.7255
79.7566
82.6508
84.2702
75.9236
73.3323
77.4469
82.2003
79.8838
75.1558
68.3977
69.1191
65.5548
69.7259
74.1240
72.0069
79.0883
86.1668
78.8435
86.1623
79.3915
80.0802
73.0891
74.7807
73.4724
69.6342
74.1156
79.9416
81.6145
81.4262
78.4248
76.5372
76.3951
77.5800
85.3485
81.0197
80.6594
74.0295
70.3146
69.4541
67.2368
69.8264
65.1496
62.6966
62.4888
58.5335
52.5647
56.9607
63.0182
65.4131
71.8316
80.3497
80.7687
75.8793
71.1959
7.3063
8.1032
6.2540
7.0269
15.3130
16.6734
16.5875
23.7958
17.2889
12.7715
13.3572
11.2357
16.3203
12.8821
16.5866
19.9475
17.9247
20.1110
24.0519
25.5795
29.8890
23.7968
24.8403
27.8674
32.0697
40.5007
47.2381
51.8864
55.1936
60.5314
62.4330
65.1497
61.1487
64.3136
58.7101
54.0484
53.1792
57.5992
59.4157
67.3326
71.4198
67.0821
74.3981
81.4064
84.1435
85.7571
77.1499
74.5159
78.2056
83.1560
80.4851
75.6070
68.6249
69.5676
66.2535
70.4515
74.7192
72.8856
80.3185
86.9645
79.3344
86.7726
79.7939
80.2025
72.9414
75.1128
73.3601
68.9287
73.2499
78.9288
80.5850
81.0777
77.6777
76.0513
76.3016
77.5473
85.0375
80.5839
79.9144
73.4398
69.3969
68.8025
67.0320
69.5012
65.2971
62.6293
61.8398
57.7906
52.2533
56.7432
62.7423
65.5597
72.0396
80.1098
80.2887
75.5257
70.6056
10.3965
10.9820
13.5637
21.8688
22.9006
21.8321
27.0243
21.0714
17.4740
14.5071
10.4522
18.4319
16.8897
17.9070
21.9894
21.4278
24.5380
29.8484
31.7500
35.3224
29.3259
30.6630
32.0845
36.5204
45.3484
52.5381
56.6814
60.4084
65.0770
66.2446
69.5562
65.1905
68.0713
63.1350
58.3431
57.0754
61.1541
63.0755
70.7741
74.0688
69.5836
76.9313
84.0047
86.4001
87.7665
78.8824
76.7458
79.6996
84.9542
81.8725
76.5770
69.6297
71.2751
68.5660
72.8535
76.5473
74.9988
82.8750
88.8569
80.9652
88.7147
81.5217
81.4311
73.8199
76.9574
74.5990
69.3903
73.8807
79.1988
80.4199
81.8947
78.1645
76.7550
77.7919
79.3315
86.4053
81.7582
81.0263
74.8126
70.1559
69.7347
68.7002
71.2905
67.7519
64.5887
63.2556
59.4070
54.4773
59.0008
65.1106
68.2328
74.5222
81.8627
82.0503
77.5549
72.2208
6.7337
11.2422
19.0148
17.7306
14.3127
20.9970
13.8949
12.4152
12.6924
6.7234
11.3631
8.5301
8.6786
12.1365
12.0990
15.7903
21.6012
25.6870
30.6885
25.1089
28.1779
32.3325
35.0753
43.6998
50.3497
55.5931
58.9678
65.0855
66.7393
69.1246
64.6690
67.3784
61.5558
57.1256
57.3297
61.3343
62.2048
69.4084
73.4645
69.5867
76.8466
83.5733
86.4023
88.3741
79.6462
76.1456
79.8042
84.7190
81.7849
77.2524
69.7478
70.1373
66.5931
70.6166
75.3883
73.9061
81.4358
87.8821
79.9515
87.0882
79.9943
80.4305
73.1212
75.0071
73.0362
68.2841
71.7518
77.4874
79.7840
80.6266
76.6801
75.4854
75.5500
76.4480
83.7048
79.2896
77.8231
71.4904
67.6146
67.5309
65.8625
67.7052
63.8376
61.4805
59.9350
55.3782
50.2762
54.8139
60.2434
63.7021
70.5460
78.4095
77.8548
73.0906
68.2946
5.4454
13.2115
12.4457
10.9359
17.5942
11.0693
6.9680
8.5514
8.3017
10.4942
7.1400
12.9508
16.3516
12.4613
14.3216
18.9543
21.0413
25.2174
19.3536
21.9581
25.6117
28.5854
37.2733
44.0971
49.1005
52.5963
58.4751
60.0555
62.5446
58.1194
60.9266
55.2022
50.6852
50.6581
54.7237
55.8206
63.2725
67.4048
63.3850
70.6630
77.4823
80.3282
82.2231
73.5887
70.3081
74.1283
78.9917
76.2586
71.6945
64.3990
64.8675
61.3230
65.4276
70.0480
68.3476
75.7727
82.4179
74.6792
81.9066
74.9097
75.4457
68.2554
70.0588
68.3413
63.9939
67.9261
73.7358
75.7932
76.1156
72.5854
71.0728
71.0408
72.0893
79.5804
75.1857
74.2625
67.7709
63.9392
63.4761
61.5655
63.7950
59.5978
57.1115
56.1740
51.9346
46.4068
50.9108
56.7485
59.7124
66.3325
74.4455
74.4048
69.5981
64.7794
8.5227
9.9134
11.6749
19.3653
13.5394
7.8276
11.8427
13.6617
14.7646
10.7002
17.7709
20.5518
15.8699
16.3191
18.6505
18.8629
23.0345
16.9219
17.9888
22.0302
25.6688
33.9061
40.4763
45.4195
48.6301
54.4369
56.5492
58.8916
54.9307
58.1345
52.1885
47.6347
47.2292
51.6961
53.2585
61.1869
65.7329
61.5577
68.8147
75.7270
78.6855
80.5033
72.1067
69.0632
73.2499
77.9596
75.5835
71.0610
64.0778
64.4930
60.7902
64.9145
69.5266
67.5029
74.6134
81.6711
74.2585
81.4579
74.6621
75.4258
68.4753
69.9434
68.6526
64.8831
69.1486
75.0582
76.9730
76.6494
73.5837
71.7523
71.4365
72.5153
80.2891
75.9930
75.5156
68.8695
65.2793
64.4721
62.1624
64.6395
59.9643
57.5911
57.3318
53.3027
47.3128
51.7142
57.7248
60.1727
66.6505
75.1847
75.5153
70.6079
65.9673
6.0152
12.4085
19.5653
15.8683
10.6946
17.0177
21.2124
19.3998
15.4750
23.9135
25.7663
19.4510
17.6034
16.1619
12.9235
16.7284
10.9453
10.1494
16.4067
19.4863
26.7001
32.6666
37.9539
40.7387
47.0805
49.8854
51.6193
48.1140
51.6395
45.1308
40.7441
40.6543
45.4400
47.0115
55.2065
60.5420
56.4993
63.5990
70.4056
73.6688
75.6514
67.7119
64.3872
69.3228
73.6283
71.8181
67.7545
61.0447
60.8315
56.6277
60.6236
65.5856
63.1711
69.6478
77.3758
70.4621
77.3139
70.8981
72.1834
65.7864
66.2569
65.7437
63.0647
67.3814
73.5241
75.6214
74.0845
71.6599
69.4587
68.3615
69.2503
77.4231
73.3952
73.3549
66.5121
63.6016
62.3993
59.3002
61.8708
56.4504
54.5374
55.2430
51.4048
44.7859
48.9290
54.9112
56.6250
62.9570
72.1723
72.8459
67.7670
63.6035
7.0505
14.2757
10.8756
7.4519
15.0277
19.3791
15.2880
11.7943
20.5070
21.8978
14.7051
12.0289
10.6276
8.9639
13.8766
8.2149
11.4988
18.5886
19.6134
27.1498
33.1133
38.9529
41.9108
48.9459
51.3309
52.7812
48.7414
51.7588
45.0900
40.9330
41.9896
46.2565
46.8389
54.3402
59.6625
56.0448
63.0999
69.6570
73.0173
75.3336
67.2957
63.1623
68.1366
72.3942
70.3937
66.6603
59.4940
58.7366
54.2625
58.1317
63.5782
61.4238
67.9792
75.6026
68.4477
75.0515
68.5422
69.9096
63.5047
63.6300
63.0218
60.2235
63.9192
70.1847
72.8137
71.3561
68.5837
66.6506
65.2962
65.8995
73.9940
70.0045
69.4357
62.6157
59.9109
59.0209
55.8589
57.9899
52.6803
51.0368
51.3071
47.0753
40.5659
44.7823
50.4366
52.5567
59.2138
68.4190
68.6132
63.4730
59.4187
10.3832
4.8883
5.8713
12.7701
15.4634
9.4281
6.3710
14.4698
15.5128
7.7885
5.2611
8.3323
12.1197
17.3295
12.7500
18.0109
24.3209
24.5094
32.3730
38.3995
44.4021
47.5699
54.8327
56.6845
58.1497
53.6011
56.0929
49.5899
45.5951
47.3053
51.0568
50.9044
57.6633
62.5918
59.2962
66.3278
72.6804
75.9723
78.4829
70.2071
65.5457
70.1826
74.5548
72.1437
68.5106
60.8681
59.9228
55.4777
59.2476
64.9335
63.2095
70.0661
77.2514
69.6948
76.1873
69.4580
70.6499
64.0170
64.2899
63.2261
59.7965
62.8182
69.0560
72.1101
71.3334
67.9225
66.4469
65.2289
65.6337
73.4086
69.3510
68.0231
61.3661
58.5538
58.1938
55.3881
56.9956
52.2185
50.6499
49.9708
45.2464
39.2801
43.6500
48.8788
51.7913
58.7998
67.6022
67.1163
62.0230
57.8831
7.4185
11.5560
13.4188
18.6815
10.6006
12.9790
18.6388
20.0006
12.2140
9.5740
13.2688
15.4075
16.3776
14.1644
21.0101
24.7758
22.8872
30.8758
37.3124
42.8321
46.7818
53.7473
54.1198
55.8891
50.3036
51.7936
46.1019
42.3127
44.9082
47.5225
46.2636
51.8632
55.9516
53.0711
59.9784
66.0389
69.1476
71.8478
63.3651
58.1720
62.3382
66.8057
63.9786
60.5289
52.4941
51.3764
47.1471
50.8638
56.5123
55.2418
62.4745
69.0257
61.1181
67.5814
60.6511
61.6212
54.8531
55.3604
53.8691
50.0594
52.7457
58.9435
62.2114
61.7634
58.0124
56.7876
55.7691
56.1978
63.6974
59.5455
57.9941
51.4403
48.4168
48.2685
45.8013
47.3033
43.0750
41.2152
39.9843
35.2303
29.6417
34.1208
39.4806
42.7704
49.7294
57.9849
57.4153
52.4774
48.0159
6.2350
9.9443
12.9858
5.3194
5.5940
12.5326
14.2872
6.2321
5.2876
11.6213
15.5427
19.2479
15.0416
20.8575
25.7022
25.6687
34.0304
40.5012
46.1813
49.7898
56.7171
57.8412
59.6788
54.6337
56.7217
50.7161
46.6788
48.4465
51.7632
51.3411
57.6916
62.0203
58.7703
65.8279
72.1456
75.2437
77.7263
69.2072
64.5506
68.7178
73.2856
70.5223
66.7435
58.9033
58.2106
54.0865
57.8962
63.3603
61.9276
69.1535
75.8491
68.0013
74.6393
67.7053
68.5955
61.7004
62.5019
60.9783
56.9770
59.9085
66.0060
69.0092
68.8499
65.0890
63.8364
63.0442
63.5657
71.0622
66.8649
65.3253
58.8090
55.6171
55.4736
53.1421
54.7139
50.4582
48.5668
47.3284
42.5782
37.0601
41.5381
46.8270
50.1263
57.1084
65.3990
64.7863
59.8466
55.3920
7.8965
12.3346
8.8680
6.4236
15.0443
17.6234
10.6719
10.1487
13.8340
15.0740
18.6463
13.0959
17.1722
21.5173
23.0586
31.7051
38.4660
43.7664
47.3498
53.7230
55.1466
57.3066
52.6350
55.2089
49.2862
44.9400
45.7040
49.5110
50.0055
57.1477
61.5403
57.8081
65.0062
71.6486
74.6722
76.8333
68.3304
64.4634
68.6420
73.3039
70.7233
66.5557
59.1185
59.0046
55.1067
59.1164
64.1176
62.3724
69.5937
76.4721
68.8225
75.7937
68.9069
69.7282
62.7866
63.9565
62.5556
58.7040
62.4241
68.4418
70.8445
70.5315
67.1776
65.5756
65.0404
65.8972
73.5734
69.3087
68.4249
61.8096
58.3778
57.8170
55.4793
57.6210
53.1162
50.8921
50.2605
45.9710
40.1207
44.5735
50.3814
53.1490
59.8177
68.2456
68.2386
63.3220
58.7196
8.5506
8.4724
9.9361
15.1086
19.0321
13.7560
15.0763
20.7601
22.1022
23.9666
18.8527
22.6483
24.0729
26.1185
35.3494
42.7893
47.2678
51.4883
56.8963
57.2382
60.2252
54.9910
57.1314
52.1937
47.6616
47.8811
51.1715
51.7707
58.5907
61.8823
57.9503
65.2197
71.9594
74.5471
76.4192
67.5174
64.2421
67.4839
72.5576
69.4355
64.7291
57.2541
58.0560
54.9699
59.1329
63.3608
61.9819
69.8292
75.8554
67.8347
75.2511
68.0572
68.2382
60.8008
63.2490
61.0502
56.1855
60.2282
65.8482
67.7059
68.5564
64.8010
63.4258
63.9104
65.1940
72.3840
67.8415
66.9640
60.6286
56.3374
55.9405
54.5600
56.9588
53.3320
50.3439
49.0342
45.0651
39.9933
44.5222
50.6221
53.7416
60.1005
67.5782
67.6869
63.1168
57.8991
8.8361
9.5224
9.3238
13.9076
12.7061
16.4404
23.4122
27.0279
30.6263
25.3105
29.0269
31.6399
34.0633
43.1451
50.3104
55.1274
59.0481
64.7181
65.4659
68.3132
63.2891
65.5483
60.3583
55.8690
56.0810
59.5703
60.2029
66.9930
70.3365
66.4693
73.7264
80.4209
82.9990
84.8850
75.9318
72.5811
75.6862
80.8045
77.5276
72.8004
65.2124
65.9965
62.9010
66.9777
71.3463
70.1373
78.0316
83.9153
75.7525
83.0817
75.8174
75.8976
68.3515
70.8958
68.4642
63.1773
66.7409
72.2496
74.3042
75.7583
71.5772
70.5369
71.1398
72.2612
79.2062
74.6490
73.1841
67.0295
62.6985
62.7175
61.5885
63.5579
60.2344
57.4409
55.5002
51.1564
46.5252
51.0833
56.6892
60.3360
66.9648
74.2249
73.7589
69.2190
64.0612
5.5096
8.7871
11.6956
6.0686
8.7269
16.3593
20.8301
24.3255
19.9653
25.3711
29.2643
29.8281
38.5409
45.3086
50.7007
54.5249
61.0673
61.8262
64.0399
58.7957
60.7338
55.1215
50.9805
52.4249
55.5956
55.2745
61.4844
65.2778
61.9390
69.0415
75.4013
78.2785
80.6236
71.8731
67.4835
71.1271
75.9257
72.8244
68.7624
60.8427
60.6099
56.9002
60.7594
65.8818
64.7021
72.2731
78.4823
70.3821
77.2169
70.0928
70.6159
63.4157
64.9129
62.8809
58.1788
61.0764
66.9354
69.7580
70.4345
66.2858
65.2877
65.0663
65.7428
72.8904
68.5405
66.7553
60.4544
56.7926
56.9104
55.1823
56.7129
53.0509
50.8284
48.9626
44.2186
39.3120
43.8454
49.0878
52.7965
59.7203
67.4212
66.6283
61.8827
57.1237
8.8642
11.2228
5.3783
7.6625
13.9742
18.4277
23.2375
18.2556
22.8550
27.9092
29.1054
37.5445
44.0013
49.6402
53.0491
59.8007
61.3209
63.2711
58.5570
60.9780
54.8961
50.7122
51.8832
55.5820
55.7020
62.4657
66.8313
63.3402
70.4819
76.9613
80.0073
82.3186
73.7528
69.4968
73.5702
78.2357
75.4624
71.4311
63.7190
63.3689
59.3854
63.2626
68.5425
67.0481
74.3242
81.0248
73.1805
79.9667
73.0010
73.7799
66.7623
67.8628
66.2412
62.0253
65.1234
71.1206
73.9123
74.0509
70.2395
68.9972
68.4396
69.0551
76.5029
72.2494
70.7070
64.2398
60.8657
60.7478
58.5887
60.2194
56.0331
54.0523
52.7344
48.0060
42.5997
47.0914
52.3678
55.7173
62.6919
70.9140
70.2763
65.3669
60.8554
4.6263
7.8750
12.8232
20.2070
26.4225
31.4481
26.8898
31.7102
36.5196
37.6792
46.1946
52.6347
58.3286
61.7850
68.5847
69.8728
71.9020
66.9723
69.1268
63.2023
59.0945
60.4377
63.9045
63.7321
70.0410
74.0106
70.6918
77.7930
84.1352
87.0493
89.4085
80.6557
76.2233
79.8535
84.6519
81.4972
77.4344
69.4658
69.1887
65.4175
69.1877
74.4639
73.3617
80.8843
87.0804
78.9291
85.6460
78.5178
79.0202
71.7890
73.2571
71.1285
66.1929
68.6794
74.4504
77.4625
78.5330
74.0928
73.3447
73.1315
73.6291
80.5929
76.2810
74.0012
67.8679
64.2844
64.7251
63.1240
64.2658
60.7846
58.8210
56.5357
51.5098
46.9624
51.4401
56.1548
60.2272
67.3560
74.9391
73.6277
68.9002
64.3161
8.3190
12.7670
19.4587
26.6946
32.3024
28.2209
33.3182
39.0352
39.6698
47.7752
53.7768
59.8444
63.0231
70.3238
71.9183
73.5304
68.7187
70.8557
64.5817
60.6800
62.5139
65.9924
65.4885
71.5901
75.8965
72.8322
79.8338
85.9998
89.0831
91.6554
83.0467
78.1393
82.0573
86.6709
83.6288
79.8969
71.8108
71.0242
66.9216
70.5283
76.2256
75.1365
82.4137
88.7996
80.7189
87.1144
80.1005
80.8379
73.8127
74.7096
72.7953
68.1289
70.1342
76.0264
79.4717
80.2604
75.7752
75.1252
74.4744
74.6657
81.6555
77.4945
74.8836
68.7635
65.6041
66.1972
64.3146
65.0755
61.4639
59.9420
57.6005
52.3041
47.7679
52.1505
56.4019
60.5887
67.9131
75.6888
74.0093
69.1908
64.9493
4.9561
12.6766
19.1095
24.1474
20.1712
25.7518
31.4299
31.5297
39.5958
45.6818
51.6851
54.9934
62.2752
63.7328
65.3139
60.4276
62.5426
56.2802
52.3785
54.3501
57.7534
57.1855
63.3662
67.8240
64.7422
71.7381
77.9309
81.0878
83.6820
75.1846
70.2568
74.4354
78.9528
76.1230
72.4815
64.4997
63.5802
59.3334
63.0020
68.7256
67.4321
74.5850
81.2374
73.3220
79.7482
72.8212
73.7402
66.8629
67.4889
65.8893
61.7132
64.1019
70.1778
73.5190
73.6332
69.5622
68.5833
67.6823
67.9569
75.2797
71.1451
69.0553
62.6802
59.6512
59.8612
57.5969
58.6999
54.6349
53.0630
51.3484
46.2430
41.1010
45.5276
50.2371
53.9550
61.1779
69.3654
68.1916
63.2456
58.9915
8.1095
14.6378
19.7081
16.3379
22.4118
28.7329
28.0216
35.6219
41.3810
47.6084
50.7708
58.3902
60.0106
61.2529
56.4454
58.5591
52.0385
48.2970
50.7013
54.0780
53.2586
59.3705
64.2012
61.2822
68.1860
74.2706
77.5982
80.3420
72.0542
66.8154
71.3886
75.6927
73.1170
69.7735
61.8357
60.4734
55.8925
59.4793
65.5015
64.0538
70.9091
77.8960
70.1837
76.3942
69.6357
70.8540
64.2581
64.2781
63.0818
59.4850
61.8215
68.0811
71.6140
71.0455
67.2719
66.1179
64.7303
64.8517
72.4204
68.4265
66.5060
59.9803
57.3655
57.3902
54.6454
55.7344
51.2312
49.9595
48.7153
43.6080
38.0330
42.3795
47.0690
50.4703
57.7271
66.3466
65.2977
60.2097
56.2198
8.5231
15.1061
13.0795
18.6984
26.8080
25.1901
31.3235
36.0010
42.7915
45.2695
53.6243
56.1106
56.5365
52.3290
54.7649
47.5058
44.0924
47.0306
50.6995
49.7657
56.0420
61.8223
59.1171
65.8136
71.7323
75.4173
78.3635
70.5893
64.9797
70.3830
74.2319
72.2631
69.4321
61.7665
59.6651
54.4530
57.8475
64.3855
62.5369
68.6501
76.4018
69.2249
74.9854
68.6523
70.4695
64.4790
63.3291
62.9981
60.5609
62.8401
69.3581
73.1474
71.3263
68.1860
66.6844
64.3810
64.1968
72.2035
68.5318
66.9499
60.2169
58.4400
58.1046
54.4501
55.4936
50.1052
49.5231
49.2805
44.2687
37.9824
42.0207
46.4789
49.1385
56.3811
65.8504
65.0102
59.6798
56.3409
7.7805
6.4721
11.1416
19.7328
17.6388
23.0987
27.7536
34.4760
36.9340
45.1706
47.9087
48.3058
44.3776
47.1851
39.7894
36.2400
38.8754
42.8418
42.3854
49.2977
55.4475
52.4826
59.1798
65.2735
69.0285
71.8181
64.2954
59.1271
64.8909
68.6009
67.0590
64.1913
57.0165
55.0439
49.7990
53.3079
59.5742
57.2782
63.0921
71.2790
64.5249
70.4106
64.3091
66.3166
60.6055
59.2756
59.4513
57.7685
60.8280
67.3633
70.6594
68.0254
65.6344
63.6025
61.1517
61.2314
69.5925
65.9877
65.3594
58.4444
56.7581
55.7750
51.7232
53.4433
47.4675
46.7187
47.6291
43.2988
36.3765
40.2169
45.3040
46.9551
53.7053
63.5766
63.6398
58.2975
54.9807
6.1507
10.1624
15.8994
11.3939
16.5172
21.7679
28.1478
31.2746
39.2259
41.1455
41.7614
37.2769
39.7660
32.6757
29.0580
32.1192
35.6212
34.8167
41.6418
47.6743
44.7217
51.4104
57.5186
61.2510
64.0494
56.5622
51.3873
57.2251
60.8864
59.4496
56.6648
49.6535
47.6394
42.4287
46.0078
52.0894
49.6671
55.4749
63.6953
57.0633
63.0306
56.9937
59.0534
53.5153
52.1088
52.4933
51.2742
54.7246
61.2238
64.2623
61.1453
59.1771
56.8670
54.3647
54.6417
63.1253
59.5456
59.5245
52.5592
50.9067
49.5231
45.2951
47.4692
41.2924
40.3148
41.9333
38.1921
31.0052
34.6345
40.1945
41.1916
47.5099
57.4125
58.1064
52.8528
49.4512
7.2187
13.9450
12.4063
19.6505
25.7611
31.6523
34.9181
42.1647
44.1481
45.4174
41.0573
43.8466
37.1416
33.0857
34.8412
38.7740
38.8743
46.2141
51.7530
48.3182
55.2679
61.7060
65.1916
67.6626
59.8313
55.3854
60.7115
64.7451
63.0071
59.6123
52.5768
51.4022
46.6964
50.5111
56.0786
53.7503
60.0361
67.9108
61.0062
67.4382
61.1273
62.7648
56.7252
56.2964
56.1339
54.0890
57.9130
64.2667
66.9192
64.6403
62.3500
60.1409
58.3623
58.9453
67.2508
63.4132
63.3165
56.4018
54.0713
52.8181
49.1970
51.5571
45.8399
44.3144
45.3650
41.5316
34.6224
38.5880
44.4388
45.8988
52.2641
61.7525
62.4019
57.2445
53.3810
9.6675
10.5780
16.6478
22.5705
27.9609
30.8688
37.5620
40.3674
41.7400
38.2192
41.8013
35.0494
30.7518
31.1673
35.9325
37.3120
45.6304
51.4716
47.5755
54.4928
61.1762
64.6467
66.7700
59.2472
55.7041
61.2233
65.1516
63.8495
60.2366
53.8975
53.1785
48.6790
52.5590
57.6095
54.8449
60.7638
68.9610
62.5584
69.1260
63.0983
64.8005
59.0010
58.6583
58.8676
57.3253
61.8458
68.0676
70.1410
67.4170
65.7485
63.1334
61.4263
62.2767
70.7273
66.9608
67.6025
60.6734
58.3346
56.6205
52.8775
55.7450
49.7455
48.0788
49.9118
46.6450
39.5904
43.2990
49.3920
50.1360
55.9865
65.6030
66.8957
61.8078
58.0132
7.4012
14.2571
21.7011
24.7332
28.8664
33.2721
34.6059
37.4883
33.4340
36.9309
31.7317
26.8354
25.3142
29.9114
32.4571
41.2706
46.0185
41.4043
48.5187
55.6252
58.6268
60.1812
52.3884
50.2046
55.0162
59.3018
57.8611
53.5261
47.7568
48.3127
44.8000
48.9765
52.7387
49.8835
56.2342
63.8863
57.5375
64.7573
58.6488
59.8303
53.8173
54.7179
54.5910
52.8344
58.4640
64.2569
65.2657
62.8579
61.5910
58.6546
57.8854
59.4610
67.6844
63.7251
65.2941
58.5410
55.4779
53.2873
50.1723
53.9356
48.4055
45.7646
48.0036
45.7359
39.0459
42.5646
49.3736
49.6143
54.5920
63.4684
65.6919
60.9925
56.6508
9.3130
17.1490
21.1748
25.5878
31.3191
32.2601
34.3664
29.6157
32.5398
26.7196
22.1075
22.8464
26.7121
27.6716
35.8664
41.1583
37.1576
44.1758
50.9521
54.2846
56.3824
48.7240
45.2869
50.6802
54.6645
53.3551
49.7276
43.5783
43.0453
38.8647
42.8733
47.4083
44.5634
50.6684
58.6677
52.3264
59.1040
53.0969
54.7117
49.0538
48.9165
49.2159
48.1132
53.1814
59.2243
60.8664
57.7230
56.5460
53.6209
52.0783
53.2857
61.7057
57.9446
59.3591
52.5138
50.0797
47.8826
44.1726
47.6669
41.7517
39.5925
42.1909
39.8629
32.9114
36.2145
42.7938
42.7800
47.8556
57.1339
59.2281
54.4058
50.4332
8.0606
12.1634
16.4017
22.9653
24.8136
25.7808
21.7315
25.3010
18.4749
14.1227
15.8641
20.1312
21.1382
29.8448
36.4232
32.7509
39.1855
45.6495
49.3837
51.6364
44.9946
41.4040
47.8227
51.0082
50.7084
47.9145
42.7144
41.3340
36.7147
40.2823
44.9337
41.4874
46.2485
55.0992
49.8501
55.9193
50.7571
53.0765
48.5816
47.0110
48.5418
49.1906
54.1950
60.1791
61.8331
57.1059
57.0181
53.6373
51.1172
52.1007
60.7356
57.5038
59.6640
52.9156
51.5041
48.7911
44.2255
47.8032
41.1995
39.7919
43.7885
42.1551
35.1573
37.5727
43.6064
42.2876
46.5638
56.3028
58.9970
54.2287
51.0944
7.5704
9.6024
18.4765
22.1186
20.8757
18.4571
22.5607
14.3378
11.6056
15.1392
19.2200
19.7100
27.9331
35.8019
32.8828
38.3572
44.1393
48.2895
50.7939
45.3540
41.3563
48.6567
50.9500
51.5736
49.7537
45.3200
42.9540
37.8676
40.8048
45.7886
41.9810
45.2217
54.7810
50.5979
55.7049
51.4237
54.4291
51.0435
47.9952
50.5882
52.6242
57.1727
63.1230
65.0459
59.0788
59.7388
56.1607
52.6508
53.2103
61.9163
59.2327
61.6886
55.0936
54.7033
51.7922
46.5130
49.7956
42.6942
42.2263
47.0390
45.6874
38.7809
40.5132
45.7289
43.5451
47.2915
57.4127
60.2798
55.5305
53.2965
5.9600
11.5089
14.6083
13.9224
11.8856
16.9293
10.1914
7.4329
8.6466
12.8813
15.2352
24.1843
31.6292
28.2871
33.3761
39.2987
43.2248
45.2520
40.3139
37.6117
44.7525
46.8486
47.9432
46.0044
42.7028
41.0371
36.7714
39.6235
43.3730
39.2426
41.9925
51.3957
47.9388
53.1486
49.3165
52.1749
49.2557
46.6218
49.4477
52.0186
57.2582
62.7534
63.8533
57.5550
58.9805
55.0365
51.9220
52.9512
61.3880
58.8204
62.2159
55.9233
55.3741
52.0017
47.0220
50.9075
44.1532
43.2369
48.6454
48.2113
41.7766
43.0885
48.4567
45.6040
48.2750
57.7331
61.4603
57.1179
54.8173
10.3309
16.4043
13.2577
14.3318
19.5306
12.6438
12.0552
13.3484
17.1318
19.2005
27.0951
35.1015
32.3266
36.5969
41.8854
45.9983
48.0889
44.0792
41.2782
48.7859
50.3101
51.9471
50.5496
47.6497
45.4877
40.9674
43.4183
47.4078
43.1703
44.9107
54.6265
51.8524
56.3918
53.1255
56.3486
53.9991
50.5816
53.9147
57.0479
61.9358
67.4507
68.7744
61.9439
63.6483
59.6846
56.0363
56.7472
65.1824
62.9275
66.2976
60.0753
60.0621
56.7081
51.3779
54.9504
47.9393
47.6063
53.2030
52.6581
46.1693
47.3058
52.1907
49.0992
51.6819
61.3813
65.0056
60.6212
58.8419
8.9797
7.5120
11.8822
17.4841
15.4441
15.2168
11.4800
14.2015
19.2422
26.9211
33.2992
29.8878
33.3439
38.6951
42.1563
43.2346
40.0473
39.6601
46.3811
47.7442
49.8596
48.0570
46.7660
45.9341
42.7750
45.1669
47.2819
42.8425
44.1055
53.1074
51.2552
56.0294
53.2904
56.0550
54.1251
51.7370
55.0221
58.3960
64.1932
69.0522
69.1877
62.3759
64.8690
60.5536
57.7557
59.1471
67.0708
64.8680
69.2852
63.4773
63.0055
59.2062
54.5309
58.8103
52.4365
51.3816
57.3269
57.7104
51.7639
52.6376
57.8258
54.2807
55.7558
64.4120
68.9754
65.1120
63.0589
7.3507
7.3594
11.4543
14.0126
13.9167
9.4438
8.0137
13.9602
20.9689
25.7246
21.8596
25.2068
30.9757
34.0347
34.7850
31.3194
31.9382
38.0764
39.6084
41.6595
39.6193
39.0513
38.9462
36.7818
39.1740
40.0406
35.6197
37.1394
45.4906
43.7482
48.9073
46.1887
48.5514
46.7835
45.1636
48.2420
51.7386
57.9892
62.3659
61.8353
55.1236
58.0014
53.5359
51.3702
53.2616
60.7584
58.5159
63.5563
58.1103
57.3044
53.2492
49.1336
53.8829
48.1965
46.5402
52.6533
53.8594
48.6141
49.1219
54.4323
50.6104
51.2176
58.9039
64.0796
60.6700
58.3295
7.7282
11.9018
12.1375
14.1238
13.2911
12.5502
15.3876
21.0662
27.5764
25.0989
27.4907
32.1377
35.8402
37.2879
34.9321
33.9881
41.0983
41.7873
44.4486
43.5383
42.8124
41.2886
38.2074
40.0626
41.9806
37.4685
37.6884
46.8189
45.7072
49.7954
47.6937
50.7901
49.7514
46.5334
50.4085
54.7472
60.1878
64.7993
65.0181
57.4312
60.4874
56.0913
52.8239
54.0773
61.7466
59.9326
64.7039
59.2416
59.3482
55.3987
50.5453
54.7346
48.5222
47.8088
54.2258
55.1757
49.7535
49.9954
54.6448
50.4823
51.1236
59.3978
64.2840
60.7186
59.1346
5.8889
7.0242
8.3226
9.3361
6.1896
7.8060
15.1743
21.7773
18.7752
22.5686
28.1939
31.9944
33.8416
29.9297
28.1267
35.2794
36.6726
38.6084
37.3147
35.7530
34.2650
31.1344
33.3906
35.4810
31.0391
32.5624
41.6902
39.5164
44.3319
41.4378
44.3243
42.6711
39.8881
43.3536
47.2748
52.8461
57.5664
57.8587
50.6503
53.3244
48.9833
45.9884
47.4343
55.2461
53.1132
57.7610
52.1712
51.9200
47.9881
43.3082
47.7037
41.6649
40.5283
46.8267
47.8844
42.6057
42.8759
47.8303
43.8544
44.6261
52.8271
57.7000
54.1137
52.1023
8.9125
11.3598
14.0427
8.7687
5.7187
9.6506
16.1394
13.9421
17.1119
22.5217
26.5145
28.7863
25.0469
22.5337
29.9813
31.0390
33.2056
32.5409
31.3612
29.4065
26.5619
28.4417
30.1385
25.6431
26.7128
35.8710
34.0104
38.5584
35.9551
38.9878
37.9408
34.7320
38.5363
43.1442
48.5288
52.9805
53.2309
45.5393
48.6303
44.2191
41.0446
42.5323
50.0931
48.1731
53.1796
47.9102
47.9526
43.8785
39.2416
43.6876
38.0130
36.9267
43.5367
45.2008
40.5677
40.2892
44.8651
40.4505
40.4073
48.0591
53.2883
50.0251
48.2177
5.0852
12.1140
10.7213
7.7429
14.5928
22.9385
20.9334
25.1067
30.2899
34.6168
37.3328
33.0378
28.9667
36.8103
38.1751
39.7852
39.0455
36.2027
33.3391
28.9032
31.1037
34.9298
30.6731
32.3897
42.1374
39.3275
43.7596
40.5478
43.9180
42.1026
38.1912
41.8627
45.8219
50.5600
55.7914
57.0880
49.6862
51.8253
47.7538
43.8941
44.7226
52.9673
50.8712
54.7551
48.8580
49.1377
45.5146
40.1739
43.9942
37.3567
36.9231
43.1498
43.6162
37.9785
38.2674
42.8994
39.0457
40.5411
49.6385
53.8552
49.8768
48.1885
8.6237
8.9636
8.2295
17.2155
24.6071
21.5345
26.8381
32.8184
36.8167
39.1999
33.9055
30.4305
37.7034
39.8308
40.7860
39.1302
35.7082
33.6844
29.4590
32.2820
35.9562
31.8430
34.8362
44.1808
40.5424
45.8090
41.8851
44.7753
42.0358
39.2288
42.1555
45.1115
50.3080
55.6716
56.7661
50.2013
51.8107
47.8080
44.6280
45.7590
54.1088
51.5792
55.2435
49.1048
48.6577
45.1275
40.1617
44.2324
37.7042
36.6407
42.3983
42.5491
36.5889
37.4351
42.7340
39.4902
41.5956
50.7066
54.7572
50.6352
48.3158
6.3291
12.4843
22.0941
27.5543
23.0456
28.5031
35.1523
38.4089
39.6715
34.2443
33.4300
39.5840
42.1766
43.0406
40.2156
37.6933
37.5823
34.6686
37.8220
39.8936
35.7439
39.1505
47.6869
44.2150
50.2319
46.2459
48.4000
45.2303
44.1492
46.4326
48.6305
54.8603
59.8278
59.8436
54.0839
55.8162
51.6447
49.6824
51.4962
59.5095
56.7069
60.8646
54.8590
53.4918
49.7919
45.6766
50.3289
44.3686
42.4073
47.8429
48.2253
42.3774
43.6003
49.5028
46.5532
48.4382
56.8299
61.2932
57.4017
54.4775
7.8050
16.6458
21.4431
16.9799
22.1876
28.8559
32.0818
33.4317
28.1485
27.4027
33.6222
35.9831
37.1063
34.6417
32.7456
32.5510
30.1174
33.0095
34.4010
30.1416
33.2109
41.5996
38.5286
44.4116
40.7447
42.9324
40.3330
39.0939
41.6676
44.5606
50.8338
55.4699
55.2354
48.9880
51.2607
46.9271
44.9442
46.9191
54.6523
52.0482
56.7303
51.0582
49.9016
45.9564
41.9407
46.7883
41.1886
39.1595
45.0265
46.1413
40.9189
41.5653
47.1890
43.7092
44.7045
52.4955
57.4468
53.9121
51.1479
9.8229
16.4350
13.5143
18.6569
24.7712
28.6850
31.1852
25.8929
22.3792
29.7010
31.6569
32.8293
31.5305
28.9104
26.9363
23.5455
26.1095
28.6397
24.3449
27.1568
36.2522
32.9977
38.3144
34.6812
37.5025
35.4125
32.6677
35.8720
39.6459
45.1015
49.9427
50.5139
43.4500
45.7846
41.5296
38.5492
40.0712
48.0071
45.6542
50.1554
44.4978
44.1178
40.2037
35.5652
40.0803
34.2443
32.8193
39.1247
40.4243
35.4898
35.5593
40.6035
36.6706
37.3955
45.4777
50.3327
46.7767
44.4907
9.2298
10.4460
12.5000
16.7797
21.3227
24.9908
21.0223
14.9356
23.3533
23.9724
26.0124
26.8021
25.1642
21.3410
18.1608
19.2967
21.5280
17.1033
17.8762
27.5647
25.4523
29.4740
26.9072
30.4941
30.2669
25.6160
30.0851
35.8005
40.3549
44.6691
45.4762
36.9716
40.3331
35.9990
32.0308
33.2724
40.7186
39.0924
44.2363
39.3147
40.0699
35.9627
31.0978
35.3309
30.0970
29.3891
36.3773
38.7648
35.1881
34.0012
37.7482
32.7524
31.6502
38.7922
44.2671
41.3448
39.9509
6.1308
5.1343
10.1345
13.6342
17.2144
12.2984
6.4192
14.3365
15.2793
17.2533
18.1463
18.3939
16.0574
16.1613
16.9104
15.1357
10.7260
12.2957
20.1775
18.2922
23.3249
20.8420
23.5111
23.9415
21.0649
25.0051
31.0160
36.3028
39.5491
39.0460
30.6659
34.8973
30.2932
27.7630
30.0833
36.3736
34.7130
40.9978
36.9620
37.0358
32.5933
29.1814
34.0680
30.6414
28.8126
35.5100
39.1372
36.9709
35.3740
39.0446
34.0809
31.4572
36.1764
42.6130
40.6520
38.7806
7.3491
14.6535
17.2371
19.3586
12.6067
10.8639
16.7079
19.2237
20.1610
18.6219
18.2770
18.1675
18.4046
20.4509
18.7282
14.5473
18.2034
25.1304
22.2034
28.4739
25.0537
26.8321
25.5686
24.7554
27.4976
31.9257
38.2369
41.7119
40.6858
33.5878
37.1088
32.4816
31.0669
33.8047
40.3546
38.0801
44.0987
39.6106
38.6380
34.2029
31.1958
36.5356
32.8851
30.2570
36.5630
39.7671
36.9532
36.0788
40.7332
36.3974
34.7941
39.9537
46.1396
43.8506
41.1914
7.5301
10.2404
12.9113
9.1555
8.4453
14.1525
14.4475
17.4068
18.0743
20.4620
19.7103
20.9263
21.4734
18.1399
14.1825
14.2252
20.6060
20.3069
24.9714
23.4640
25.5746
26.5706
24.7001
28.3849
34.2836
39.9311
42.6030
41.2602
33.0950
37.8470
33.1778
31.3704
33.9701
39.5667
38.0977
44.8205
41.1965
41.0505
36.5437
33.6710
38.6478
35.5937
33.5927
40.1349
43.9409
41.8704
40.3455
44.0572
39.0932
36.1541
40.1304
46.8417
45.2000
43.3395
5.0445
9.8192
11.5745
9.9365
14.3018
11.3070
16.4184
19.9201
23.7753
21.8337
23.4819
22.5365
18.4324
15.3786
10.9254
16.1815
19.0643
21.1291
21.9696
24.5939
27.9076
24.5452
29.1248
36.3576
40.9077
42.8553
41.6118
32.3928
38.1358
33.6533
31.1559
33.3368
37.8521
37.3245
44.4515
41.7467
42.6077
38.2052
35.3769
39.7315
37.3128
36.0851
42.6977
46.9663
45.6747
43.5019
46.1311
40.6589
36.4864
39.2217
46.2270
45.2473
44.3175
5.3645
9.7759
11.8467
12.7826
9.2093
14.6664
18.1677
23.7156
23.1678
26.1461
25.1945
19.4362
17.1999
13.3778
15.1578
19.0079
21.1188
22.4398
24.0758
27.7923
25.8984
29.7743
36.6835
41.5102
42.7254
40.5783
31.8786
37.9890
33.5582
32.1368
34.7847
38.3677
37.8845
45.4120
43.2553
43.6905
39.2832
37.3084
41.8126
40.1848
38.5044
44.7541
49.3890
48.5748
46.3769
49.0305
43.7368
39.1774
40.6991
47.9657
47.4557
46.2978
9.4591
15.7767
14.6595
12.1141
16.7146
18.7598
25.5196
26.6204
30.2459
29.7033
23.2458
21.2336
18.5514
18.7588
22.5171
25.1422
26.3340
27.0525
30.3265
30.0168
33.1379
39.2864
44.7091
45.5150
42.4649
34.6808
40.7778
36.3626
36.0002
39.0481
42.2094
41.5537
49.2529
47.2508
47.0784
42.6451
41.2574
46.0309
44.6558
42.5016
48.5007
53.2020
52.3691
50.4006
53.4212
48.3499
43.9099
45.0256
52.3821
52.0060
50.4810
10.7061
9.2631
11.2356
12.7681
11.5842
17.2489
19.8700
23.8990
24.5451
18.0764
15.7498
17.4643
19.0961
18.7202
24.5200
22.8589
22.9379
23.7945
25.3132
27.3139
32.1475
38.6229
40.0977
37.0339
30.2720
35.3124
30.6976
31.2107
34.8261
38.9995
37.2751
44.6026
41.8032
40.5418
36.0261
34.9318
40.3062
38.8335
35.7649
41.4461
45.9382
44.8701
43.3591
47.2291
42.7734
39.2561
41.1035
48.2202
47.3392
44.7866
8.7168
9.7534
11.1006
13.4632
14.5896
12.0852
14.4995
14.3633
9.7262
6.0622
8.6134
14.4017
12.1134
17.6930
15.1262
17.4084
18.8568
16.4141
20.1778
26.8159
31.8697
34.3952
33.5142
24.8409
29.6571
25.0379
23.0234
25.8129
31.2054
29.6737
36.5246
33.2352
33.2873
28.8027
26.2656
31.1632
29.1044
26.9744
33.3153
37.7240
36.7684
34.6796
37.7893
32.8440
29.1146
32.0398
38.9359
37.6790
35.7822
6.1915
3.7856
6.3714
11.9274
13.4737
19.1435
18.9480
10.6225
10.4490
13.6165
12.3239
10.0010
16.7979
14.3496
13.7347
15.6881
17.5063
19.0547
24.6633
30.3574
31.3269
28.5260
21.1097
26.5437
22.0141
22.7934
26.6873
30.0743
28.4016
35.9663
33.8407
32.8148
28.4118
28.0274
33.1146
32.9744
29.8813
35.0955
40.2351
40.4734
38.3497
41.3849
37.0335
32.6322
32.8472
40.1240
39.8437
37.3682
6.1025
12.2517
17.6834
17.0065
21.6664
20.2904
12.5579
12.3264
10.7477
7.9402
10.6326
13.8899
14.4339
15.1468
19.6918
18.7350
21.8007
28.8141
33.2469
33.8709
31.5823
22.8546
29.1851
24.8979
24.2537
27.4142
30.1484
29.5043
37.2879
35.7438
35.9313
31.6578
30.6854
35.1175
34.8946
32.7824
38.3618
43.5677
43.9294
41.3878
43.6156
38.6847
33.4968
33.3053
40.7576
40.8204
39.3538
7.7005
12.8484
13.6601
19.7669
18.9402
10.0413
11.3510
13.8270
9.9490
7.7136
14.0833
12.0408
10.7915
14.2602
16.0664
17.3980
23.4443
28.4548
28.8369
25.9734
18.1720
24.1160
19.7754
20.7576
24.7000
27.2059
25.8105
33.5987
32.1039
31.3380
27.0932
27.1784
31.9276
32.5583
29.6259
34.5130
39.9536
40.8546
38.4283
40.9141
36.5856
31.6160
30.6612
38.0527
38.2439
35.9864
8.6865
14.3094
20.8135
21.6432
13.5447
14.0297
19.5027
17.6374
13.3187
21.2969
17.3897
14.9425
14.0200
19.6920
19.0308
22.2280
29.1583
29.8603
25.9032
20.8743
25.2285
20.8428
23.8521
28.4014
31.5339
29.0468
36.3009
34.0993
31.6281
27.3366
28.2036
33.7039
34.1493
30.0389
34.3680
39.4926
39.9271
38.2591
41.9466
38.3853
34.6388
34.4524
41.4442
41.1600
37.7126
8.7691
14.9085
16.9721
11.4669
12.2089
20.6639
21.2267
13.6379
22.6399
16.2714
14.3295
9.1546
15.8595
13.8576
15.5092
23.1869
25.4340
23.0483
18.6527
20.9506
16.5240
19.3623
23.9132
28.5587
25.0703
31.2721
27.9177
24.7148
20.3633
21.0657
26.9528
27.1535
22.3512
26.3688
31.2146
31.5381
30.1317
34.3569
31.4285
28.8053
29.8693
36.1784
35.1709
30.9319
7.1838
8.2760
5.4655
6.6634
15.2972
18.0848
9.8244
17.6353
10.6634
11.7693
9.1486
8.2953
9.3710
15.2474
20.3407
23.8001
24.1786
16.5817
19.2910
14.8183
13.3624
16.9634
23.1974
20.2260
26.2686
22.3633
21.3872
16.8624
15.0702
20.5747
19.9561
16.4300
21.9219
26.8684
27.2370
24.9175
28.0852
24.1542
20.8385
23.1782
29.6026
28.2218
25.0188
4.5478
10.3278
9.4109
16.3177
22.1438
15.1091
20.7928
14.6159
17.5567
15.3637
10.2977
13.2527
18.7809
22.3089
27.1396
29.3146
21.5195
23.1974
19.3697
15.1769
16.9139
24.9122
22.1903
26.7773
21.6417
21.9552
17.8603
13.2520
18.1926
15.0707
12.7546
19.5623
23.4921
22.6507
20.2349
23.4617
18.9749
16.8675
22.5875
28.0960
25.5405
22.8825
9.0090
8.9130
13.7227
19.3281
13.0942
17.1597
11.7118
15.7774
15.7226
7.5055
12.5362
19.8811
22.0417
26.3947
28.9967
19.9410
22.4579
18.7719
13.0308
14.1082
21.9491
19.9889
24.9819
20.5351
22.2189
18.2751
13.4698
17.4934
14.9993
14.0875
20.8438
25.1340
25.0778
22.0186
23.8616
18.6800
14.8868
19.8704
25.8471
23.7713
22.1776
4.5257
10.8963
12.6744
5.0134
12.5842
6.6226
9.0218
10.7523
7.2383
10.7095
18.5191
22.4845
24.8986
24.9379
15.6667
20.2346
15.7510
13.4437
16.7772
21.9348
20.0227
26.9777
24.1339
24.3208
19.9470
18.2034
22.9098
22.6854
20.2629
25.8708
31.0515
31.7618
29.0208
31.2396
26.6644
22.0102
23.0839
30.1440
29.4424
27.2972
9.1812
14.2105
8.7048
15.2618
10.6484
13.4217
14.2936
10.6197
14.5372
21.6550
26.1141
29.0501
29.0939
20.1638
24.4181
19.8965
17.2240
20.0329
25.9393
24.0804
30.6526
27.1838
27.3961
22.9576
20.2947
25.1602
23.5622
21.3428
27.5756
32.2220
31.8978
29.4802
32.2505
27.4339
23.5134
26.3053
33.1029
31.8185
29.7550
10.3278
11.5738
12.2120
12.7783
17.0802
21.4789
14.9842
20.7538
29.2644
32.1017
34.3014
34.6475
24.2656
29.8414
25.7168
21.4466
22.9201
27.6336
27.4531
34.2677
31.8091
33.7826
29.6655
26.4049
30.0053
28.2206
27.7559
34.2632
38.8288
38.5748
35.6643
37.1280
31.4468
26.3527
28.5637
35.5208
34.7673
34.4353
8.9543
6.6214
10.6897
12.5630
19.7154
16.0666
19.9797
28.2577
30.6065
30.7118
29.5840
19.4832
26.3928
22.7379
20.6299
22.9429
24.3694
24.8480
32.6254
32.1044
33.6504
29.8161
28.7740
32.1143
32.7812
31.6481
36.9315
42.3917
43.7010
40.5029
41.3808
36.2306
29.9482
28.1646
35.6392
36.4198
35.9894
9.0064
4.3834
5.6953
11.1297
8.7719
11.5435
19.6248
22.8947
23.9605
23.2396
13.3594
19.3059
15.0646
13.6556
17.1650
20.3142
19.0895
26.7548
25.1937
25.6150
21.5016
20.8561
25.0002
25.9556
23.7560
28.7364
34.2924
35.7583
32.7816
34.3495
29.8174
24.2812
23.1482
30.5655
30.7666
29.0330
7.6401
10.9170
18.6850
12.6576
17.0465
25.9471
26.5161
26.7187
27.1594
16.1961
22.8067
19.7663
16.0026
17.4283
18.3590
19.4997
26.9668
26.9262
29.5330
26.1388
24.8989
27.2996
28.6601
28.2483
33.1372
38.6369
40.6523
37.0330
36.9222
31.8043
24.9178
22.1045
29.4907
30.6286
30.8475
5.6975
11.6528
5.8308
9.7487
18.7778
20.4245
21.7175
22.4132
11.6215
17.3380
13.5661
10.1364
13.0868
16.3544
15.4707
23.0199
21.6872
23.1022
19.2820
18.2680
21.6903
23.1295
21.5981
26.4046
32.0173
33.9992
30.6404
31.3982
26.7803
20.6886
18.9435
26.4064
26.7966
25.5734
8.3381
9.2660
8.8432
16.1229
18.7593
18.8036
17.7431
7.8346
14.2069
10.2733
11.0711
15.3270
16.7862
15.1269
23.0187
22.3761
22.2052
18.4611
19.5404
23.3482
25.9567
23.3104
27.0486
32.9772
35.5198
32.4494
33.6369
29.8110
24.1154
20.8004
28.1109
29.0024
26.8353
10.9835
6.1697
9.1901
15.1587
16.6918
15.3101
9.8597
12.0204
7.4440
11.7233
16.7417
20.0194
16.3303
22.7993
20.5750
17.8058
13.6721
16.0079
21.0508
23.5510
19.1733
22.0953
27.8596
30.2013
27.8470
30.4281
27.7082
23.8415
22.1926
28.5781
28.5259
24.5181
6.8322
15.9404
17.2386
20.2471
22.5273
12.6513
16.1021
12.4557
6.8320
9.5651
15.6923
13.7204
20.1683
17.3618
18.9155
14.9879
12.7255
16.4465
17.4107
15.8210
20.9377
26.3735
28.2424
24.8236
25.7209
21.1987
15.6672
15.8863
22.9078
22.3835
20.6556
9.3391
11.8008
14.6721
16.4730
8.7824
10.2679
6.2546
5.7826
10.6740
15.2043
11.4337
17.7214
15.1198
14.1377
9.9916
11.0851
15.4986
18.4746
15.0370
18.2409
24.1936
27.0838
24.0433
25.5106
22.4568
17.9590
16.2320
22.6904
22.5536
19.1020
8.8424
12.0786
13.0391
13.0344
9.2073
7.6906
13.1447
17.1962
20.3526
15.4105
18.9262
16.0927
10.4773
7.3535
12.8965
17.2360
21.2655
16.0568
15.9469
21.5854
25.2811
23.2719
25.8468
25.0052
22.7770
20.8852
25.3969
25.0637
19.5235
6.7790
13.3882
13.0731
6.8565
9.1985
11.3674
13.3345
14.6620
9.7080
10.4863
9.1362
4.9259
5.4225
11.7281
12.7649
19.3834
16.1190
14.1570
19.9018
25.5166
22.5611
22.5315
22.2089
19.2443
14.4764
17.7119
18.4210
13.4189
8.4546
11.3824
4.8088
9.4856
14.2336
16.5543
14.1201
10.1958
11.9651
14.1924
11.3342
11.8998
18.0505
18.7897
25.6785
22.6914
20.8699
26.4579
32.2463
29.3272
28.9063
28.4237
24.5038
17.1185
20.5585
22.8156
18.9646
11.2250
7.9981
10.2649
18.3125
22.0898
19.5713
16.1957
20.1520
21.8634
17.8167
16.9940
23.3199
25.6664
31.6228
27.6636
26.6842
32.3747
37.3494
34.9310
35.7893
34.9391
30.9050
24.1734
28.6424
30.7556
26.6465
7.2546
5.3780
9.4951
13.6303
12.3165
9.8047
17.2752
18.1695
17.4738
14.8573
18.2216
20.8778
25.6562
22.8892
24.6064
30.7362
34.7657
31.5564
31.9028
29.1800
23.5875
17.4561
24.0037
25.8273
23.2559
4.7032
10.8326
14.3057
13.3080
8.9632
13.5853
14.3735
11.6828
10.3411
15.9562
17.9838
24.0035
20.6665
20.2956
26.2698
31.2488
28.2949
28.5737
27.2476
22.9229
16.6102
21.5256
23.2075
19.3493
8.7891
13.4021
14.4137
10.2108
16.3317
15.6695
13.2067
10.2303
14.6226
17.9802
22.7601
19.0738
20.1976
26.2975
30.3261
27.4462
28.5049
26.4406
21.9917
17.3844
23.2728
24.2490
20.4079
5.0799
10.2527
7.1482
13.5360
11.6489
13.6429
10.5872
10.3597
12.6323
16.5803
14.9987
17.9764
23.8418
27.4209
23.7009
23.4548
20.0058
14.1791
10.6900
17.6167
18.0196
15.9405
8.8321
7.3875
11.6400
9.8196
14.6593
12.7152
10.6994
10.5570
14.6396
15.0219
17.8801
23.2147
27.0092
22.8388
21.1245
17.3048
10.5131
6.3310
13.4675
13.8923
13.5063
5.1000
9.7971
13.3882
17.7636
17.1193
18.1620
17.0504
22.8021
22.9753
24.0810
29.5215
34.4596
30.3390
27.7895
24.9001
18.1352
8.0243
14.0339
17.4872
18.0512
8.0622
10.1344
13.0398
12.1782
14.2700
14.0124
20.2368
19.2906
19.9526
25.6820
30.7180
26.8557
25.1695
22.8043
16.8939
8.2525
14.2601
16.6972
15.3124
6.9751
11.6658
13.5292
15.5678
12.4103
19.8909
19.9281
18.1973
22.9023
29.0964
25.2089
21.9324
21.2138
16.7920
7.8136
8.7027
12.0386
11.0253
7.7842
9.1329
9.2569
5.6619
13.3665
13.1381
11.6053
16.4973
22.2833
18.3397
15.7527
15.0346
11.8538
8.2863
9.6900
9.3140
5.3092
4.5472
9.7610
10.1630
16.5398
13.1871
9.6572
15.1245
21.0994
18.2863
18.3898
19.0172
17.6589
15.2885
17.0719
16.4916
10.3137
7.1590
10.1200
15.2908
11.0943
10.1146
16.1742
20.9106
18.0529
19.2007
18.5779
16.5587
15.2236
18.7511
17.8884
12.1766
6.0950
8.4895
5.0682
8.2856
13.8197
17.0910
13.4656
14.4917
12.2727
10.5532
13.8732
17.4770
14.9498
10.3083
7.7372
8.4497
8.6306
13.0714
17.7362
13.4796
11.2485
9.6770
7.8601
10.7096
12.1341
9.0049
4.7176
6.2805
10.5521
12.7171
13.9896
9.6222
8.9139
4.2840
6.7705
16.2449
17.7981
13.2272
11.1334
7.2137
11.0822
12.6000
9.1508
12.0131
10.0639
11.4279
17.9145
20.5068
16.8056
12.2451
6.1311
11.5318
8.7170
10.6452
12.4714
15.0404
18.8986
19.4692
16.0155
9.6344
7.3605
5.9191
8.6077
12.9574
18.1401
23.5519
22.6552
18.3865
12.9238
4.5587
11.2023
14.1316
20.5700
28.3709
28.2199
23.3726
18.8572
7.4598
9.7935
16.0745
23.9967
23.9352
19.0375
14.8317
6.3741
12.9709
20.4248
18.5467
13.2164
10.9617
7.7277
17.5692
17.4706
12.2159
11.5379
11.1443
13.3900
9.7668
10.8966
7.5333
9.6992
11.4323
5.5679
9.9452
6.9294
