# Pairwise distances between all Valine CB atoms (in Å)
8.6606
13.5356
14.6630
21.9162
14.8302
8.4096
10.1731
14.2062
21.9957
26.4768
19.6211
24.0099
18.6161
17.0335
12.9972
7.4513
14.9179
21.2897
20.4066
19.2102
15.3040
17.8950
23.2994
24.6705
27.5977
21.4757
18.7268
16.1179
24.6949
28.2749
28.9091
26.2977
25.0460
18.0385
15.7803
16.6282
23.3374
30.8811
36.9919
36.9195
34.4213
38.1520
32.5451
28.5181
30.4240
28.7556
32.7446
29.5512
30.3261
26.2600
31.7408
31.9499
32.7697
37.1545
36.3581
35.3250
35.5352
26.9285
31.4779
29.2572
31.5775
23.8888
24.5775
19.8732
25.3603
26.2747
21.5578
23.8442
24.3218
26.3402
22.7197
18.6407
21.2295
28.5033
29.9356
28.9074
34.1807
34.9584
29.6378
30.6564
24.4863
32.8040
32.3321
31.1811
36.9682
36.1809
36.7119
42.9236
40.8777
37.6077
38.2179
36.2731
32.8877
28.5896
24.8176
28.9125
29.6438
32.5949
32.5962
37.4129
39.6896
9.0967
8.7360
19.1367
12.4650
10.1893
5.1102
8.5018
14.9633
19.2768
12.6638
16.1256
10.8150
8.8108
4.8953
8.2373
13.5249
17.6131
15.0244
16.6268
16.2547
19.5025
21.2775
25.1443
25.4466
19.8395
20.0743
16.4126
23.0664
26.1669
26.9400
21.5741
19.3727
13.1201
14.6427
11.1757
18.0563
26.1108
30.8954
30.3989
27.7102
30.5471
25.1734
22.3820
23.6469
22.4310
25.9213
22.9157
22.1706
18.3880
23.6501
23.4705
24.4093
28.8524
28.0056
26.6742
27.0533
18.3596
23.0126
21.4934
24.0705
15.6581
17.1826
14.0363
21.5571
21.2925
15.6274
17.4333
15.9627
18.1284
14.0773
11.3356
13.6060
21.0844
24.2025
22.2062
28.3017
29.7568
25.9298
27.0845
21.4605
29.3687
26.8190
26.0646
32.8035
32.8969
31.9556
39.5976
38.0218
36.3094
37.6247
35.2248
33.0537
27.6562
23.5381
29.1807
27.8116
30.3663
30.5017
34.5166
37.2769
7.3536
14.7398
6.8109
13.3788
9.4428
16.9404
20.7636
21.6606
14.9686
17.4342
10.4631
12.9452
10.9877
13.8936
20.8815
24.9133
21.2499
19.7044
19.5133
24.2317
25.9960
30.2134
31.0329
26.7729
26.5468
24.9687
31.5499
34.2781
33.9928
27.6278
26.4187
21.4307
23.2799
16.9632
24.6264
32.8227
36.6950
36.4701
33.1438
33.5867
27.8302
24.5748
27.4152
28.2703
31.8245
29.1793
25.8831
23.1309
26.3274
25.8069
24.4141
29.2807
30.3419
27.2077
25.9645
18.6692
21.1299
19.2192
19.0902
13.6282
13.5758
13.7420
20.1565
22.3286
18.5646
22.9518
19.2904
18.8427
16.1388
15.9674
19.3564
25.6689
30.0971
26.2371
31.1750
34.4981
29.9970
29.6631
23.2000
30.1236
27.1655
28.2222
34.7038
35.7843
35.5223
44.6169
42.0800
39.8602
39.4691
36.4176
33.3175
25.6282
24.6079
31.8959
31.0785
32.4791
30.0412
36.1178
39.7009
11.1689
7.0002
10.8051
5.5517
14.1208
15.5864
15.1841
8.1814
11.7812
5.5976
8.5294
10.6658
16.5099
22.0469
25.0220
21.5921
23.6653
23.9439
27.8326
28.9884
33.4870
33.2149
28.0610
28.7767
24.6485
30.6134
33.6197
34.7996
28.1114
24.7748
17.7912
19.4505
10.8572
18.7027
26.7788
30.8809
31.8455
27.6860
27.9471
21.6775
17.4776
20.9236
22.5336
27.3453
26.4959
22.7937
19.2635
21.3600
22.5923
20.1412
24.7269
26.3158
24.4877
22.7204
15.2807
19.8870
20.8908
20.1871
11.3931
16.0291
17.7878
25.6314
26.1190
20.9174
22.6798
17.2593
18.9690
13.5675
16.2239
16.9026
24.3297
29.5921
26.5765
32.9812
35.4230
32.6154
33.2865
27.6442
34.7451
30.7268
31.1759
38.2794
39.2625
37.6684
46.4121
44.9128
43.6999
44.5140
41.6794
39.2851
32.2316
29.9163
36.6600
34.9988
36.9065
35.7410
40.5002
43.8091
8.7212
15.3519
14.9036
24.5124
24.3222
20.2005
15.2342
18.2953
14.5543
18.7843
21.8066
26.0036
32.6528
36.0842
32.7596
33.9724
33.3192
37.5176
39.7194
43.7555
44.1992
38.9295
38.8511
34.6219
41.0811
44.3329
45.8119
39.2671
35.5475
27.5610
27.5405
18.6587
25.9440
33.1069
37.2756
39.9573
34.7075
32.9941
26.2290
19.8366
25.8876
29.7287
35.7985
36.5825
31.7594
28.4398
27.8713
30.5877
25.0555
29.0342
33.1175
31.2357
27.2592
22.5575
26.1598
28.7535
24.7269
18.4859
23.7670
27.5829
34.4871
36.1867
31.6540
33.6938
27.1907
28.4063
23.0545
27.2757
27.4461
34.6794
40.5225
37.2878
43.5223
46.3973
43.5237
43.7670
37.7088
44.4912
40.4190
41.5996
48.5573
49.8350
48.4738
57.5178
55.8070
54.1951
54.1816
51.1560
47.9006
39.8871
39.3297
46.3552
45.4270
47.0299
44.6303
50.5395
54.1192
11.0350
9.8100
19.7987
22.4935
21.5410
14.7782
18.2680
12.0178
15.3805
15.6435
18.1439
25.5858
29.8755
26.6184
26.0231
24.8827
29.3124
32.0382
35.7269
36.9020
31.9189
31.2211
28.4057
35.4643
38.6184
39.1862
33.1786
30.8313
23.8139
24.0969
16.9401
25.1128
33.1497
37.6677
38.8261
34.6062
34.4935
28.0480
22.9976
27.3986
29.3512
34.3279
33.1214
29.4873
26.1729
28.0328
29.0776
25.9013
30.5384
32.8501
30.3530
27.9033
21.3134
24.5806
24.5676
22.5867
16.4277
18.9813
20.4876
26.8774
29.0912
24.9440
28.2651
23.5903
24.1233
19.9008
21.4321
23.3631
30.5260
35.3466
31.9791
37.5323
40.4904
36.3857
36.3288
29.8471
36.9117
33.8712
34.8683
41.4617
42.4348
41.9673
50.7995
48.5324
46.2308
45.8384
42.8777
39.3660
31.6506
30.9946
37.9031
37.4896
39.0975
36.6057
42.8659
46.3648
7.0286
15.0560
19.8203
21.8403
15.0457
20.2413
15.5979
15.2054
14.8249
14.6111
21.0262
25.9449
24.4289
25.6820
23.0981
25.9208
30.0474
32.3696
34.0534
27.6305
26.1944
21.3229
29.0225
32.8020
34.6660
30.7617
27.4997
18.2427
15.3587
12.5908
20.1784
27.7503
34.1256
35.7271
31.9201
34.5212
28.2055
22.5875
25.9979
25.9488
31.6210
30.5824
29.8183
25.3029
28.8667
30.7517
29.5227
33.6815
34.3147
33.8080
32.7401
24.8002
30.1974
30.2561
30.6824
21.8479
25.3441
23.6607
30.5413
31.2301
25.7908
26.9091
24.5410
27.3872
21.9377
21.2919
21.9195
30.1318
33.2551
32.0327
38.4255
39.3963
35.5223
36.7536
30.7639
38.8785
36.8464
36.1652
42.7076
42.4845
41.8739
48.7573
47.3052
44.9200
45.8283
43.6258
40.4308
34.9834
31.8538
36.7688
36.6827
39.4623
39.1322
43.9429
46.5265
10.3553
14.3877
16.7387
9.6147
14.1988
9.1340
8.4279
8.6977
12.7230
18.0720
21.7266
19.2059
21.7007
21.0779
24.2927
26.3176
30.0748
30.2817
24.3977
24.6085
19.7815
26.3431
29.6798
31.2484
25.7402
22.3120
14.1875
14.5593
8.5132
16.5657
24.7371
29.9169
30.7054
27.0486
29.1533
23.1043
18.8948
21.4324
21.4211
26.3087
24.9248
23.2309
19.0321
22.7900
24.0119
23.2510
27.5964
27.8889
26.9766
26.2954
18.0408
23.4055
23.5857
24.5510
15.2514
19.0252
18.0915
25.8749
25.8205
20.0645
21.0584
17.6889
20.4551
14.9477
15.0829
15.6501
23.7264
27.7258
25.8237
32.4431
33.8851
30.7577
31.9871
26.4097
34.1593
31.0465
30.5793
37.5272
37.8102
36.4525
44.1794
42.8933
41.3949
42.6954
40.2374
37.8660
31.9661
28.4709
34.2260
32.9036
35.4053
35.2292
39.4527
42.2968
9.1621
16.8279
12.6246
15.1983
13.4896
8.2610
7.1792
12.5229
11.7530
12.7985
11.3033
18.3866
19.5544
20.9189
20.5617
24.7762
22.9557
16.7404
19.2449
12.5101
16.8086
19.9272
22.4179
17.1101
12.5073
4.7056
9.1976
8.6602
11.6986
18.9686
23.7572
22.8018
20.8399
25.6892
21.3584
20.2216
19.1272
15.7212
18.5991
15.8072
17.3336
12.8973
19.6242
19.7898
22.8776
26.4548
23.8076
24.3727
26.1968
17.5229
23.4691
23.1764
27.2297
17.6194
20.6522
17.3933
25.2164
22.4314
15.6581
13.0449
12.9078
17.6535
12.8057
9.9208
8.3149
16.1992
18.6542
18.6818
26.0225
25.6812
24.1642
26.8289
23.1294
30.6222
27.4142
25.3446
32.2696
31.9339
29.3937
35.8599
35.7423
35.5739
38.7973
36.8989
36.2312
32.4419
26.3484
30.6342
27.8061
30.9887
33.3655
34.8875
36.9625
9.1634
9.2139
9.4294
12.4043
7.8900
12.8206
21.1461
20.1523
18.6087
16.3314
25.3331
27.9136
29.5383
27.4173
32.6345
29.0738
23.8370
27.7581
20.5940
22.1427
24.5280
27.9403
20.9885
14.0996
7.9662
13.7877
7.7574
6.1697
13.0423
16.1208
16.4599
12.8157
16.6333
12.3900
13.0182
10.2309
7.6876
12.1176
13.3669
11.8452
6.7494
11.2129
13.5914
15.8217
18.5227
16.1828
18.3523
19.8479
12.5151
19.6573
22.6542
25.4826
15.1617
21.3015
21.7253
30.1735
26.6880
20.0064
15.5017
10.5414
16.8263
10.1509
13.7094
7.9497
14.8564
20.0357
19.7775
27.9800
27.8456
29.0472
31.8325
29.1299
35.5204
30.3216
28.8113
36.1629
36.6543
32.3860
39.4570
40.2958
41.7074
45.4379
43.3181
43.3633
38.7760
33.2014
38.1620
34.1585
36.8587
39.1392
39.9244
42.2240
7.2639
5.0851
11.3925
11.0665
18.0147
27.0238
28.1136
27.2300
24.1350
31.6958
34.2234
36.7941
34.9672
40.5473
37.2360
32.3434
35.8277
29.0830
31.2990
33.6482
36.7782
29.0374
22.6074
16.7359
20.7273
10.9299
11.3050
16.4506
17.8775
20.6073
14.9491
13.3001
6.6136
5.4086
6.3456
11.2518
16.9325
20.6107
15.1636
11.9163
8.8657
14.2219
10.5868
13.0825
14.9841
16.6934
15.1007
10.5064
17.5182
23.4107
23.0564
13.1451
21.8453
25.7261
34.3005
31.8593
25.8151
22.8742
14.7803
19.4301
12.3032
19.8288
15.2267
20.8752
27.6755
25.9852
33.8075
34.9555
36.2787
38.3158
35.0893
41.0546
34.8728
34.6103
42.1440
43.4299
39.0537
47.2242
47.7803
49.2159
52.1734
49.6087
49.1878
43.0987
39.0583
45.1524
41.2779
43.3935
44.2715
46.1102
48.9852
5.4290
5.8195
6.0254
12.5397
20.7702
23.5050
24.3674
21.1775
26.8965
28.4138
31.3923
30.9402
36.0124
34.0365
28.7050
31.0173
24.9422
29.0153
31.8371
34.2976
27.0843
21.7377
14.3377
17.2876
6.4255
12.0585
19.5799
23.0752
24.8590
20.0453
20.2156
13.8065
10.0341
12.7481
15.0197
20.6085
21.7976
17.6146
13.6048
14.3605
17.3850
14.8002
18.6911
20.0485
20.0160
18.5509
11.3685
18.1004
21.7157
21.5735
10.8355
18.5669
21.2068
29.8053
28.3988
22.3102
21.1174
14.1582
18.1094
10.7846
16.3332
13.6796
21.0970
27.1395
25.0377
32.5608
34.0815
33.4822
35.1106
30.7909
37.5242
32.3586
32.1821
39.6682
40.6704
37.5135
45.8323
45.5264
45.7428
47.9290
45.3108
44.0567
37.7575
34.1011
40.3277
37.4046
39.6117
39.8647
42.8612
45.8542
6.9725
7.7747
14.4687
23.8898
25.6072
25.1630
21.4182
27.8445
30.6132
33.6389
31.7207
37.5558
34.5108
30.0114
33.3188
27.6696
30.4802
32.7396
34.9537
26.7165
21.3425
16.3706
21.0399
10.8074
13.6518
20.0591
21.5114
22.7114
17.9328
16.3701
10.4736
9.8234
10.9615
14.2102
18.4981
20.1503
13.9913
11.1174
9.8695
12.8114
9.4052
13.4629
15.2091
14.8258
13.2290
6.6201
13.6339
18.7792
18.4894
8.1474
16.8186
21.1195
29.6089
27.6204
21.9020
20.2982
11.6548
15.2954
8.2245
16.2694
13.0061
18.7859
25.8861
23.1596
30.5853
32.5581
33.0471
34.5787
30.9874
36.8475
30.6725
30.8589
38.4003
39.9252
36.0290
44.8919
44.8280
45.8764
48.2775
45.5197
44.9104
38.4152
34.8702
41.4479
37.6998
39.5182
39.7857
42.1857
45.3314
5.5730
10.1260
18.6702
22.3223
23.6538
19.6668
23.4885
25.3987
29.0690
28.3975
33.8250
32.1420
27.5494
29.6534
25.2753
29.7840
32.3342
33.5931
25.8044
21.9888
16.5309
20.2536
10.5845
16.7885
24.4943
27.2873
27.7757
23.6852
23.2330
17.3939
15.0004
17.3082
19.2060
23.2402
22.6956
17.7567
14.7426
16.2430
17.1553
14.8015
19.4761
20.8846
18.9009
17.3948
9.6864
14.7927
17.0066
16.7081
6.4640
13.1307
16.5291
24.8957
24.2714
18.8853
19.7243
12.6449
14.5739
8.5712
13.8096
13.4488
20.1591
26.3967
23.0038
29.7245
32.3426
30.8006
31.6691
26.8987
33.3348
28.1509
28.6901
36.0714
37.4634
34.9029
44.0662
43.0134
42.8232
44.2351
41.3318
39.8442
32.8605
30.0649
37.0277
34.2461
35.9590
35.2695
39.0449
42.4161
6.9807
16.2372
18.1265
18.8233
15.3172
21.0920
23.1981
26.0541
24.9883
30.3107
28.1348
23.0942
25.7544
20.4830
24.4296
27.0267
28.8074
21.4022
16.8945
11.0401
15.6351
7.3510
12.6505
20.5261
23.8109
23.7168
20.2472
21.8965
16.6008
15.1864
15.5981
15.4228
19.1261
18.0177
14.9054
10.9647
14.9212
15.6051
16.0150
20.2258
19.6142
18.9184
19.1865
10.4984
16.7083
18.1745
20.2415
9.8215
15.1902
15.9292
24.5909
22.7014
16.4073
15.5171
9.7901
13.7484
7.0333
10.3530
8.6871
16.4603
21.9646
19.6666
27.0368
28.5665
27.4897
29.1486
24.9626
31.7687
26.9270
26.4134
33.8524
34.7013
31.7713
40.1085
39.5819
39.7250
42.0355
39.4860
38.5455
32.7715
28.4714
34.5574
31.4099
33.6645
34.3327
36.9631
39.8695
9.9110
12.2875
14.5916
11.0740
14.4627
16.2326
19.2610
18.8047
23.8269
22.6503
17.6981
19.5778
16.1678
21.2339
23.7979
24.2957
17.6612
15.5482
11.6167
15.6925
11.8325
17.1929
24.9361
28.6399
27.1854
25.0485
27.8780
23.2150
22.0581
22.0915
20.3950
22.6258
18.8791
17.9326
14.6724
20.6353
19.4308
21.6499
25.9968
24.3058
22.7823
24.0389
15.2454
19.6132
17.7524
21.6142
13.3830
14.3266
10.9901
19.1848
17.6956
11.5023
12.9034
11.4641
13.6296
10.2582
6.5346
9.4017
16.3482
19.8801
17.4386
23.7809
25.4149
22.3571
23.7036
18.8131
26.2830
22.8732
22.0026
29.0629
29.4557
27.7843
35.9086
34.5910
33.7350
35.6087
33.1366
31.8835
26.6573
21.8810
27.7935
25.2463
27.6488
28.3406
31.4073
34.2322
8.8694
15.4798
14.3916
11.8395
8.8091
11.7244
15.9796
18.1420
20.5975
15.1704
13.1042
12.7749
20.5404
23.4785
22.8411
19.9198
20.3759
16.6092
17.0610
18.2627
23.8489
31.2274
36.2521
34.6174
33.1808
37.2477
32.4959
30.2748
30.7795
28.1966
30.3964
25.5368
26.9618
23.6809
30.3056
28.9707
31.5210
35.8988
33.9262
32.4155
33.7872
25.0815
28.7494
25.0016
29.1221
22.4683
21.1208
14.2587
19.1480
19.3700
15.0139
18.1999
20.6815
21.8875
20.0824
13.5489
17.7392
23.5913
24.1188
22.8285
27.2897
28.2005
22.2897
23.2284
17.2366
25.6110
25.5292
24.0266
29.5894
28.7303
29.4911
35.8777
33.5599
30.4386
31.3438
29.3637
26.7242
23.0495
17.9749
22.2430
22.3016
25.2689
25.9145
30.0580
32.3118
7.3628
8.7250
10.4543
10.6141
9.8826
10.4562
13.1251
13.2465
6.6702
7.7622
6.7815
12.2896
14.7732
14.1489
12.5069
13.9352
13.9303
16.0528
20.0889
22.7041
28.6378
32.9492
29.8894
30.0332
35.6817
32.2789
31.8868
30.3725
25.9527
26.2040
19.9886
24.1156
21.3308
29.2869
27.1553
32.1112
35.8331
31.9674
31.4518
34.4633
25.9240
29.7644
25.9326
32.0353
25.1654
23.8318
16.0301
20.4296
17.6673
12.8688
12.9984
19.1549
21.2702
20.4018
12.0479
15.2314
19.1037
17.1155
17.8512
22.2631
21.2364
16.3662
19.0207
15.5154
23.2863
23.3272
20.0706
25.3253
23.6273
23.4238
28.2825
27.0309
25.2019
28.3893
27.1013
26.5642
25.4116
17.6339
19.7331
17.8919
21.7870
25.4752
26.4297
27.7547
5.1494
13.1845
16.5012
15.3085
10.8214
15.3303
10.8572
5.8246
12.2821
9.9193
8.9334
9.9693
9.9867
6.0270
7.7173
13.0772
17.7426
21.3074
21.5120
26.0770
28.9119
24.5210
25.9176
32.1203
30.0368
31.4646
28.3799
23.0592
21.2705
13.9738
19.7789
17.9041
26.2808
23.4010
30.0509
33.0886
27.8907
28.0787
32.2697
24.4668
28.1305
24.8429
31.9654
25.2821
24.3316
17.5281
22.1013
17.0592
12.0338
8.0444
16.4715
19.1836
19.1378
11.2698
12.6071
13.7774
10.0764
12.6228
17.6377
15.1295
13.3203
17.4165
16.5950
22.7918
21.4359
17.2644
22.7353
21.1814
18.7776
23.3974
23.5899
24.1649
29.1120
28.0041
29.3109
28.7040
20.2986
22.0456
17.7398
21.5333
26.8180
25.2323
26.1944
11.3117
15.9752
16.4508
11.4141
17.5236
13.1341
9.5486
15.0690
13.1911
13.8291
14.8418
14.2788
6.5997
7.6656
12.6959
18.6007
19.3345
20.4972
25.9564
28.2141
23.9906
24.6452
29.5367
27.1753
28.7806
26.0612
21.7361
20.1652
12.9849
16.4303
14.8906
22.9987
19.5896
25.9018
29.2316
24.5333
23.8303
27.8012
20.0162
23.2005
19.7279
26.8357
20.5852
19.2650
13.0595
18.6206
13.5595
7.5481
4.3160
12.0763
14.1455
14.6458
6.3961
9.1371
10.5625
9.8136
9.3919
15.3844
14.9820
13.0754
16.2113
14.5067
20.8269
18.0171
14.7547
21.3447
20.9038
18.1495
25.1528
24.7167
25.3881
29.3969
27.6209
28.6517
26.4348
18.8950
22.6374
17.9594
20.9774
24.9192
24.3690
26.2316
7.2781
9.6304
6.9612
12.1566
12.6682
11.7656
12.5192
17.1500
20.8414
21.7715
17.9918
14.0948
18.8767
21.6358
25.2749
25.8099
29.6413
36.1941
39.0968
35.1993
35.3905
39.1400
35.9193
36.2066
35.1232
31.9420
31.2135
24.1046
25.8065
24.6182
31.8323
27.9518
32.7087
36.7925
33.4091
30.7774
33.7422
26.1062
27.3291
20.8613
27.5636
24.2359
19.1741
9.7309
10.4383
9.0485
8.2092
14.4012
19.9199
18.5530
20.9844
12.3756
18.5835
20.0542
18.9389
16.3562
17.6106
19.7029
11.8964
11.5815
5.5530
13.9092
15.0673
13.2021
17.9115
17.2977
19.0887
26.4992
23.0924
20.2383
21.1790
18.8237
18.0717
15.6250
8.0494
13.6375
11.4999
13.8138
15.3915
18.3203
20.9265
5.4002
10.9431
11.7249
16.3188
13.6533
10.1864
16.0246
22.1009
23.8862
20.6903
19.3833
23.1293
23.1344
24.5073
26.4613
31.2464
38.1354
42.3542
39.3539
39.0273
43.2205
39.2067
38.0586
37.8790
34.7664
35.3274
28.8503
30.9904
28.8252
36.0003
33.1653
36.9375
41.2738
38.5125
36.2329
38.4389
30.2401
32.2995
26.3995
31.8243
27.6282
23.4364
14.4579
15.0114
16.0069
14.6877
19.8740
24.7795
24.2561
25.0779
16.8740
22.5498
25.8665
24.5610
22.9798
24.7439
26.0131
17.8719
17.6497
11.5125
19.3551
21.9753
20.3013
24.0745
22.6681
25.5604
31.3309
27.7200
23.1025
22.9214
21.0724
18.1565
16.3556
10.3063
13.7353
15.3031
18.0139
18.6377
23.1177
25.1508
9.3918
7.2768
13.4738
10.8908
5.6932
13.9937
19.2180
20.7243
17.1724
18.4321
22.7694
23.6717
24.5955
28.5712
32.2947
38.4491
42.7981
39.4046
39.7742
44.9692
41.3877
40.5779
39.7367
35.7327
35.7562
28.8961
32.5851
30.3953
38.1423
35.2866
39.9608
44.0226
40.4739
38.8695
41.6932
33.3875
35.8611
30.1268
36.2259
31.4820
27.7443
18.5234
18.7888
18.3639
17.0064
20.5314
27.0330
27.2047
27.9758
19.1876
24.1185
26.8231
23.9052
23.7417
25.1534
24.9965
16.9085
17.6381
13.3343
20.4539
23.9751
21.1788
24.1063
21.6469
24.7807
28.6272
25.3756
20.5094
21.5368
20.5996
18.6330
19.6215
12.1622
11.9264
13.8812
17.5277
20.3619
22.8350
23.8420
7.3773
5.8488
7.4597
9.9042
15.8530
17.0469
16.9737
11.8387
10.9002
17.5168
22.5835
26.2287
28.9242
31.1485
36.5773
39.2188
34.4559
35.8359
40.8226
38.4445
39.5118
37.3582
32.9759
31.0651
23.1718
27.1159
26.2104
34.1258
29.9933
36.1883
39.7699
35.1521
33.4353
37.4032
29.9185
31.4939
25.3683
32.9572
29.1715
24.7644
15.7308
15.6953
12.0334
11.5572
14.3750
22.4922
22.0374
24.6168
15.5501
20.4002
20.2528
16.3148
15.9376
16.0933
15.8494
7.5716
9.4446
8.2633
14.1515
16.6522
12.6710
15.8514
13.5399
15.4442
20.5237
17.6074
15.2206
18.6042
17.3867
18.6604
19.7617
10.6349
11.4567
7.5136
11.5617
17.0866
16.1919
17.3118
8.6203
9.8111
7.4576
16.5070
18.2957
18.3382
12.9255
16.7447
22.8382
26.6181
28.4676
33.1389
35.4833
40.6750
44.1834
39.7003
41.2201
46.9636
44.3328
44.6844
42.7957
38.0185
36.5609
28.8798
33.7768
32.3521
40.4758
36.8520
42.8506
46.5023
41.9042
40.5495
44.3403
36.4995
38.5055
32.3717
39.5732
35.4390
31.2072
21.8426
20.7822
18.7070
18.5969
20.9540
29.1750
29.1684
31.0567
21.8942
26.3944
27.0090
22.1791
23.0115
22.7177
21.3766
13.2984
14.6548
13.5979
18.4709
23.1290
19.2687
20.4575
16.8673
20.6122
22.3256
19.0669
14.1798
17.1737
17.2553
17.6907
21.6074
12.9809
8.8235
9.5416
13.8681
19.5863
18.8598
18.6054
7.3668
11.8064
16.8006
14.9496
13.5573
7.1113
9.5903
16.9421
23.8746
27.7124
31.5601
32.3532
36.6529
38.7932
33.3301
35.7162
41.5106
39.9498
41.7831
38.7341
33.5444
30.5665
22.3575
27.8774
27.3382
35.4749
31.2089
38.4116
41.4902
35.9530
35.0210
39.7220
32.5890
34.3689
28.7678
36.8522
32.7695
28.9793
20.5509
20.6563
15.7897
15.2311
15.2523
24.5304
24.7557
27.3737
18.6569
22.1313
20.5395
14.5033
16.2002
15.6785
12.9495
6.8205
10.8382
13.0965
16.6569
19.0212
13.9643
15.8721
12.4937
13.2871
15.6112
13.9862
13.4461
19.3696
19.1245
22.0295
24.7362
15.6096
13.9700
8.8429
13.0831
20.6955
16.7477
16.4457
7.3129
9.4864
9.7399
10.4465
7.6938
9.1555
13.4253
17.6267
20.5581
25.3862
26.4096
31.0891
34.4382
30.0796
31.6171
37.9051
35.5819
36.4304
33.8251
28.5560
27.0024
19.6324
25.4020
23.5824
31.9208
28.8844
35.2963
38.5682
33.5528
33.2873
37.3366
29.3789
32.5726
28.1593
35.3998
29.4302
27.2824
19.0714
21.7415
17.5480
14.1810
13.0122
21.5798
23.3191
23.9051
15.1961
17.9632
19.0341
14.3085
16.5626
19.3933
16.7977
12.2027
15.9696
15.0817
21.3077
22.2449
17.8085
21.8313
19.2574
18.9755
22.0547
21.2952
20.2383
25.0204
24.3946
25.4719
26.4451
17.5323
17.4274
14.2969
18.6637
24.5109
22.9747
23.3688
9.6518
14.0661
15.7407
13.1557
16.2659
19.8886
20.9948
21.5889
27.3198
29.7900
35.1266
39.6398
36.1753
37.0026
43.1584
39.9617
39.4462
37.9351
33.1317
32.9055
26.1722
31.2477
28.8020
36.9074
34.4316
39.7440
43.4532
39.2736
38.6371
41.8993
33.4732
36.7723
31.9170
38.3639
32.4301
29.9253
21.0675
22.7330
20.7023
18.0886
19.1590
26.5051
27.8848
27.9350
19.1715
22.7763
25.4278
21.5332
22.9689
25.2465
23.5075
16.9575
19.2546
16.5015
23.3976
26.0958
22.3797
25.5954
22.6541
24.5194
26.9500
24.9969
21.3790
24.3928
24.0098
23.2912
24.8922
16.6886
15.3326
15.6757
20.0344
24.6056
25.1042
25.4236
8.9586
12.7018
14.7842
15.8600
15.1228
12.9017
12.4638
20.0514
21.2776
26.1111
31.4472
29.0846
29.3572
36.2533
32.9423
32.0845
30.3077
25.0881
25.9624
20.8745
26.4677
22.9828
30.8403
29.8702
34.7643
38.0871
34.0080
34.7757
37.7504
29.1724
34.1117
31.5017
37.2005
29.0490
29.3573
22.3859
27.2070
24.2109
19.0442
16.8277
22.6234
26.1666
23.8916
16.8768
17.7352
22.2261
19.5737
22.1749
27.2534
24.7183
21.3563
24.7781
22.0698
29.5375
29.6127
25.9042
30.8749
28.6356
27.9027
30.8225
30.6681
29.1891
33.2177
32.5020
32.0565
31.7428
23.8774
24.4690
23.0719
27.3659
31.8224
31.9971
32.6411
4.1895
9.5918
12.8082
12.0387
15.0843
16.9993
24.4015
22.6937
25.1907
28.9448
25.0108
27.1935
35.1824
33.5367
34.6334
31.0410
24.5365
22.9417
17.1779
25.1594
22.6899
30.7838
29.1821
35.8649
38.3348
32.7103
34.4612
38.7089
31.0100
35.6808
33.4061
40.1839
32.3960
32.7663
26.1793
30.5650
25.7066
20.9575
15.8706
23.3900
27.3341
25.9942
19.3805
18.6669
20.1638
15.0861
20.1592
24.8126
20.1327
19.7973
24.4643
24.4106
30.2592
29.8384
25.1518
29.4617
26.8790
24.5228
25.3142
27.0131
27.7700
33.8082
33.6178
35.0725
36.0342
27.2364
26.6658
23.3605
27.7068
34.0838
31.4682
31.2700
7.0718
11.8435
12.5249
18.1529
20.9349
27.6552
25.4890
27.3956
30.1368
25.2719
28.3323
36.3131
35.3561
37.2644
33.1436
26.4730
23.6195
17.2075
25.7088
24.0125
32.1008
29.8352
37.2539
39.4726
33.2688
34.9983
39.7959
32.5542
36.6724
34.0673
41.3865
34.2790
34.0810
27.4082
31.0802
25.6383
21.6113
16.2150
24.5442
28.0522
27.6376
20.9095
20.3230
20.0766
13.6443
19.4468
23.1420
17.5843
18.3199
23.3017
24.5107
29.3649
29.0876
24.0366
27.6575
24.8705
22.1060
21.7121
24.0934
25.7801
32.5587
32.6242
34.9295
36.6000
27.5592
26.3822
22.3638
26.5781
33.7152
29.8620
29.2344
9.9361
14.9490
21.9752
25.2988
30.8759
30.1035
33.1054
35.4045
29.9496
32.9699
40.0015
38.9059
40.9296
37.1927
31.1010
27.8559
20.1780
27.5928
26.6226
34.9061
31.4508
39.0786
41.6772
35.5506
36.0101
40.9810
33.7907
36.7069
32.5116
40.4333
34.8481
32.7676
25.0541
26.8630
21.5218
19.1966
16.0303
25.4730
27.3672
28.6346
20.6352
22.0975
20.7205
13.5100
17.9779
19.3350
14.1871
12.6481
17.4559
19.6113
23.5138
24.6632
19.3612
21.7478
18.3925
17.0378
16.4181
17.5838
18.7084
25.6402
25.8973
28.7662
31.4879
22.3002
20.1964
15.8653
20.0610
27.7953
23.2935
22.3503
8.0843
17.2269
23.0714
25.1104
24.7159
28.6534
29.8437
24.2102
26.5137
32.0690
30.9908
33.7631
30.0038
24.8525
21.2710
12.9437
18.5146
18.2616
26.3070
22.0806
29.8101
32.4837
26.5642
26.3033
31.3438
24.5547
26.9449
23.0807
31.0885
25.9464
23.9447
17.6463
21.0962
14.7353
11.1564
6.5821
16.1658
17.6663
19.6545
12.3655
13.8800
11.2329
5.5462
8.2333
12.1287
9.1743
9.5285
14.0931
15.5215
19.7995
17.6485
12.9593
18.2503
17.1580
13.2523
18.9154
19.4629
21.7423
27.3056
26.1251
28.7499
28.4267
20.0942
21.9816
15.9708
19.0730
25.0272
21.7499
22.7090
10.9454
17.7828
19.3017
17.2302
20.6182
21.9617
17.0067
18.7826
25.1549
24.0637
26.9755
22.6364
16.9476
13.7820
6.2856
13.3261
11.8386
20.0465
17.3746
24.8492
27.1261
21.1611
22.5656
27.2850
20.3581
24.5639
23.3704
30.1567
22.8569
23.8427
19.7752
25.7550
19.9572
14.2550
6.2030
12.3806
16.7575
15.8518
11.3995
8.6996
8.3564
6.9419
10.4876
17.7266
15.0329
17.4775
21.6300
21.6209
26.8316
23.0732
19.4155
25.6434
25.1043
20.3214
25.6500
27.2253
29.7309
35.1212
33.7609
35.6268
33.9455
26.2057
28.9669
23.6444
26.7766
31.7508
29.5242
30.7496
7.8166
9.6291
8.8797
15.0015
20.0103
19.1222
17.5389
23.7349
20.1383
19.7947
17.4102
12.5740
15.3145
13.4384
16.5320
11.8796
18.7118
19.4971
23.3413
26.2174
22.7784
24.6541
26.9976
18.8968
25.3016
25.8790
30.1650
20.2813
24.1000
21.2051
28.8972
25.2589
18.4329
13.6496
13.9791
19.7280
14.6873
12.7583
8.8724
15.8728
17.7854
19.2488
26.9794
25.5488
25.5141
28.8580
26.1468
33.2404
29.7934
27.1943
33.9961
33.4402
30.0885
35.6276
36.4067
37.0483
41.1511
39.5341
39.4781
36.3649
29.6734
33.2203
29.8773
33.2903
36.5916
36.9950
38.6749
10.9638
11.5474
16.8176
23.9837
24.7591
22.6834
29.0871
24.7674
22.1207
21.3273
17.1791
21.6135
20.7586
24.1196
19.2251
24.8996
26.7932
29.2388
32.1641
29.6779
31.7480
33.2017
25.0445
31.7477
32.2905
35.7204
25.4530
29.5382
26.0834
33.3925
30.7744
24.1860
20.6349
21.3058
26.6750
21.1642
18.9353
16.3898
23.6041
24.5256
26.4606
33.7298
31.9172
30.6774
33.9372
30.4586
38.2306
35.9600
33.2670
39.6710
38.5169
36.1865
40.6176
41.1872
40.7020
44.4334
43.1041
42.1369
39.4203
32.9414
35.6401
33.7421
37.5449
40.6601
41.8395
43.2371
8.2696
16.3705
21.7795
23.5831
19.3779
22.3521
16.5271
12.7258
13.9419
13.4658
19.5425
20.3316
19.0316
14.0995
17.2238
20.1483
19.8283
23.2241
22.8865
24.0223
23.8462
16.0734
23.0943
25.4881
26.8931
16.1040
22.3827
22.4210
30.8913
28.9845
22.3605
20.0596
15.7396
20.7855
13.7071
16.1047
12.9579
21.1797
25.6171
25.0206
32.8005
33.0672
32.2680
34.5636
30.3950
37.7534
33.5779
32.4038
39.6861
39.9004
36.9521
43.9981
44.0369
44.0070
46.7771
44.5887
43.3700
38.2597
33.4727
38.5708
35.9879
38.8423
40.1524
42.5602
45.0149
8.2288
14.0343
16.5462
12.3980
17.7899
13.6794
12.7083
9.9937
6.3690
13.2922
16.4729
16.8403
11.9574
14.8173
18.6958
20.1412
22.0507
20.0369
23.4784
24.5476
18.0520
25.3967
28.7946
31.1681
20.5463
27.1655
27.1316
35.5129
32.0760
25.2476
20.1753
16.6144
22.9792
16.2480
18.9709
13.3443
19.8575
23.7711
24.8495
33.0804
31.9607
33.3573
36.5772
33.8993
40.6539
35.9833
34.0263
41.1780
41.1789
36.9435
42.8346
44.1699
45.4926
49.6075
47.7788
47.6684
43.5857
37.6548
41.8620
38.2659
41.3898
44.1531
44.7392
46.6683
8.3401
13.1480
9.5838
16.9629
15.5199
16.5571
11.7798
6.9562
12.2810
18.2324
19.9982
16.2950
17.5196
22.0128
24.1207
24.4362
21.5554
26.8498
28.4887
23.7627
30.7811
34.9534
37.5540
27.4045
34.2040
34.2966
42.4455
38.1888
31.5060
24.9940
22.2544
28.8258
22.7548
25.6001
19.2857
23.5598
26.5713
29.0278
37.1254
34.8469
37.9718
41.7854
40.1779
46.3982
41.5146
39.0694
45.8848
45.6846
40.5686
45.1250
47.6014
49.9465
55.0223
53.5170
54.1219
50.7694
44.2220
47.6659
43.5358
46.8189
50.5489
49.8570
51.3129
7.8555
4.5710
11.7593
13.9351
18.7023
11.9945
8.5342
9.1360
17.3665
17.7968
16.1080
15.0623
19.2877
22.1293
20.9283
17.0584
23.5574
25.9108
23.4431
29.4152
34.4980
37.1852
28.3541
35.0457
36.3084
44.1878
39.2462
33.1045
26.0100
22.4666
28.5632
23.6163
27.7403
21.0352
22.6312
26.3581
28.5476
36.2402
34.1030
39.0208
42.7985
42.2228
47.3165
41.4186
39.2196
45.8554
46.2140
40.0210
44.8141
47.8898
51.5051
56.9708
55.3627
56.8134
53.3368
46.8768
50.6375
45.4975
48.3154
52.2133
50.5715
52.0780
6.4851
14.2467
17.2640
23.2118
16.1820
10.9840
4.6696
11.4882
13.9955
13.8031
15.3067
16.5408
22.4889
21.6164
15.2085
21.2854
25.5189
22.7100
27.6748
31.3935
35.6941
27.8898
32.8626
33.1625
40.2464
34.5137
28.9465
21.1677
19.5130
25.1359
21.9896
24.5890
18.2680
17.2337
19.9596
22.7632
29.8516
27.1769
33.1577
37.1263
37.6485
41.8865
36.0639
33.4535
39.5937
39.9219
33.2529
37.6524
41.0969
45.4552
51.3871
49.9510
52.2029
49.5096
42.5909
45.8864
40.1008
42.7531
47.3448
44.5610
45.7923
9.4822
11.2776
16.9563
9.8671
6.0814
5.6361
13.9412
13.2646
11.7581
10.9987
14.7789
18.2850
17.5102
13.0322
19.2692
21.9830
19.1930
25.0298
29.9547
32.8542
24.2588
30.6612
32.1309
39.9673
35.0610
29.0304
22.1846
18.0586
24.0441
19.3281
23.7587
17.0901
18.4853
23.0146
24.5106
32.2733
30.7123
35.4305
38.9625
38.3069
43.2527
37.1143
35.1592
41.9368
42.5560
36.4015
42.0066
44.6886
48.2206
53.3903
51.6091
53.0502
49.2894
43.0659
47.2279
41.9581
44.5638
48.1423
46.7186
48.4590
6.9102
14.8844
9.2834
12.3859
13.1689
20.1064
14.5691
14.7067
7.8268
13.2231
12.6513
9.8982
8.9796
15.0495
15.7936
16.7656
21.2892
28.3645
29.1234
22.1470
29.4558
33.6401
41.4928
37.3199
31.9015
26.6454
19.5384
24.0292
19.5825
26.8374
20.9187
21.9228
28.4922
27.8669
35.1513
35.3540
39.9272
42.5858
41.5212
45.8768
38.6176
37.9587
44.9435
46.5271
40.2948
47.5460
49.6402
53.2200
57.5391
55.2351
56.4270
51.2550
46.3818
51.8343
46.4454
48.3431
50.5489
50.0234
52.4486
8.2477
4.1625
10.3754
14.6283
20.3990
14.5255
12.7592
6.2176
13.1549
10.0312
9.8005
11.4023
15.3243
14.3843
13.0416
19.0153
25.9894
25.9143
17.4607
25.7722
30.0574
38.3820
35.0865
29.2620
25.0467
17.0682
21.8167
15.8219
23.5977
18.0612
21.5551
28.4763
27.2995
35.0331
35.7369
38.6982
41.0678
38.8570
44.0889
37.2681
36.8445
44.2098
45.6671
40.3231
48.1223
49.4517
51.9435
55.5790
53.1183
53.4548
47.7241
43.2966
49.1340
44.5019
46.5315
48.0294
48.7635
51.4518
7.1385
13.3067
20.1895
24.9600
20.1671
16.8039
13.0428
19.2001
14.4780
15.9973
18.9946
21.3161
18.8466
15.5928
22.1971
28.4439
27.1489
17.5492
26.5023
30.4658
39.0804
36.9632
30.8146
27.8122
20.1199
24.7712
17.5682
24.6824
20.0531
25.9957
32.4567
31.2119
39.1262
39.9914
41.2592
43.3917
39.9068
46.1646
40.1742
39.8743
47.4108
48.5510
44.2545
52.0864
52.7781
54.0355
56.9690
54.4503
53.7070
47.5126
43.6264
49.5915
46.0661
48.3442
49.1344
51.2469
54.0673
7.3297
13.4973
19.4668
15.3745
12.3913
8.5345
15.0869
13.4085
13.8238
14.0950
18.3024
17.9450
14.8283
21.5910
27.7136
28.2383
18.7614
26.9962
30.1464
38.6540
35.2885
29.0391
24.3769
17.3945
22.9256
16.3143
23.0059
17.1214
21.6200
27.7924
27.4022
35.4592
35.5156
38.1898
40.8838
38.5201
44.2790
38.0149
37.1035
44.4835
45.4998
40.3653
47.5433
48.9968
51.2165
55.0684
52.7974
52.9865
47.6884
42.7902
48.1646
43.8158
46.2131
48.1220
48.7998
51.2538
8.0362
13.8884
13.4174
9.7254
10.8990
15.1604
17.6232
18.3419
15.2012
20.0135
21.8747
17.0416
23.8999
28.2680
30.9027
21.1351
27.8736
28.8132
37.0402
32.7945
26.2838
20.1475
15.8322
22.2796
16.3230
20.3782
13.8108
17.9171
22.5150
23.6867
31.8845
30.6446
33.7696
37.1443
35.4841
41.3222
35.7478
33.8371
40.9228
41.3087
36.0254
41.9872
43.9695
46.4508
51.0920
49.2369
49.9390
45.9093
39.8467
44.1654
39.6158
42.4488
45.5828
45.1756
47.0744
8.4576
10.1068
9.1875
11.9642
12.9818
19.1068
19.0909
12.8394
18.2103
22.3224
18.4928
23.8060
27.2953
31.5877
23.4570
28.4192
28.7464
36.0865
30.6596
24.8488
17.4112
15.0356
20.9315
17.4105
20.1768
13.7365
13.6601
17.4904
19.4901
27.1097
25.1499
30.1929
33.9069
33.8261
38.4455
32.5708
30.2024
36.7507
37.2191
30.9504
36.3736
39.1191
42.8789
48.3095
46.6613
48.5171
45.3706
38.7176
42.4987
36.9252
39.5328
43.6198
41.5671
43.1200
9.3117
9.1413
16.0614
13.5256
21.6952
23.0064
16.1946
18.9030
24.1169
18.6853
22.8836
23.5488
29.7725
22.6187
24.9366
23.0952
29.4766
23.4515
18.0364
9.8893
11.8379
16.8323
15.5901
14.6863
9.8532
7.1128
9.0798
11.8949
19.4013
17.0103
21.8217
25.7395
26.2865
30.6103
25.4357
22.3843
28.6868
28.8611
22.7956
28.3981
30.7657
34.4395
40.0054
38.4929
40.7541
38.4636
31.2605
34.5545
28.6842
31.3193
36.0077
33.3548
34.7318
5.1397
8.6824
4.2289
12.8620
14.3370
8.1746
9.7263
14.8512
10.7095
14.3802
17.4278
22.1283
15.7280
19.3323
21.1229
28.2298
23.2142
18.1372
12.8654
7.0124
11.4686
9.8747
14.2571
9.4948
7.6226
15.2526
13.3610
20.8066
21.5979
25.5518
28.0583
27.5270
31.4773
24.4914
23.4229
30.4445
32.0091
26.0702
34.2371
35.5499
38.9037
43.1037
40.8221
42.4874
38.0986
32.6585
37.9436
32.1618
33.8680
36.4846
35.4626
37.9105
8.3908
7.7307
13.4324
15.6590
11.1336
13.1636
16.5948
10.2961
16.1103
19.0548
23.1493
14.6133
19.4338
20.4318
28.3188
23.8290
17.7688
12.3649
6.3780
12.7494
8.2367
12.4864
6.3078
9.3405
16.0066
15.0166
23.1332
23.3702
26.0775
28.8203
27.3224
32.4850
26.3132
24.9153
32.1947
33.2160
27.9964
35.6674
36.7945
39.2969
43.3784
41.1785
42.1728
37.7502
32.0823
37.2202
32.1349
34.3548
36.9456
36.6663
39.0307
6.9525
7.3622
7.9273
6.1947
9.8958
11.1990
9.2345
14.6431
21.0648
22.4177
14.7791
21.7981
25.8808
33.8136
29.9945
24.5602
20.2769
12.1045
16.5394
11.7914
19.5076
14.1909
16.0644
23.4828
21.7211
29.1827
30.2378
33.5747
35.8254
34.1918
38.7943
31.6604
31.2804
38.5302
40.2208
34.6323
42.8246
44.0676
46.9339
50.6460
48.1581
49.0005
43.5204
38.9431
44.8214
39.6926
41.4528
43.1248
43.3256
46.0447
9.2438
10.6344
5.5584
5.6748
10.7358
8.4404
11.2530
16.0752
19.4799
13.9745
18.2530
21.9405
29.0383
24.6417
20.0396
16.1549
8.4353
11.3310
9.8250
16.3234
12.2855
11.0325
19.0124
16.0773
22.8749
24.6730
28.3408
30.2818
29.4101
33.0405
25.4879
25.2957
32.3292
34.4010
28.5956
37.4382
38.4279
41.6917
45.3593
42.8122
44.2516
39.0620
34.4758
40.4185
34.7374
36.0514
37.8042
37.4067
40.2143
4.9047
9.4057
7.8689
4.6230
6.7283
9.6878
17.8598
16.7155
11.2158
18.4804
24.9918
32.5323
29.8927
25.3561
23.3682
13.9103
15.6760
11.9860
21.0208
17.6234
19.4891
27.5781
24.0687
30.6127
33.2940
35.6090
36.8673
34.5675
38.7181
31.1298
32.0272
39.2428
41.6287
36.6410
46.0969
46.4540
48.8207
51.4427
48.5145
48.8586
42.1521
39.0665
45.9792
41.1611
42.2725
42.4362
43.8780
47.2018
7.9888
8.7082
6.3293
11.3319
13.3040
21.6261
20.5532
16.1109
22.9760
29.3822
36.7281
33.6089
29.1776
26.2992
17.3297
19.3635
16.2009
24.9279
20.8433
21.6190
29.5466
26.5695
32.9761
35.2444
38.6391
40.1523
38.4791
42.2089
34.3367
35.0706
42.0881
44.5349
38.9332
47.9998
48.9124
51.9487
55.0172
52.1866
52.9612
46.5245
43.1924
49.8565
44.6464
45.7489
46.3338
47.0636
50.2218
6.9831
10.9303
12.0684
14.6071
20.8379
22.9977
17.8866
23.1618
27.4604
34.5286
30.0646
25.5308
21.0074
13.7576
16.7619
14.7141
21.6390
16.8615
15.4651
22.8490
20.8017
27.3323
28.5840
33.2434
35.4017
34.8819
38.2601
30.5344
30.3050
37.0863
39.1839
32.8754
41.1285
42.7306
46.5508
50.5614
48.0949
49.7384
44.5790
39.9923
45.7607
39.9106
41.2492
43.2028
42.3928
45.0465
6.7280
9.2292
8.3317
14.8447
16.6254
14.1011
17.8280
23.5303
29.9712
26.2547
22.7178
20.4180
12.3465
12.5099
12.6205
19.8587
17.0831
15.3734
23.3601
19.3078
24.8251
27.8448
31.3218
32.5064
31.5846
34.3675
26.2030
27.1069
33.8421
36.5959
30.9438
40.5537
41.1315
44.4387
47.4607
44.6190
46.0007
40.0362
36.5623
43.1596
37.4751
38.1648
38.9116
39.0103
42.2128
8.8732
7.6802
16.3728
14.4382
12.3753
17.9283
25.4317
32.1934
29.7879
26.1704
25.0298
15.8087
15.7388
14.1509
22.7839
20.3274
20.8681
29.0376
24.7370
30.3345
33.8149
36.1912
36.9491
34.9186
38.2170
30.2208
31.7822
38.6794
41.5504
36.5848
46.5647
46.6567
49.2049
51.4628
48.3643
48.8878
41.8613
39.4445
46.6933
41.6940
42.3069
41.9280
43.4324
46.9810
7.4505
13.1707
13.9075
5.8548
12.8647
18.4362
26.2998
23.8413
19.0210
17.9847
8.4210
10.0871
5.5459
14.6249
12.3482
15.3937
23.2594
19.2679
25.9715
28.8911
29.9272
31.0322
28.1810
32.8911
25.8442
26.5981
34.0047
36.1451
31.8770
41.5308
41.3125
42.9624
45.2876
42.3565
42.4067
35.8140
32.5333
39.4920
35.0115
36.2380
36.3224
38.2299
41.5994
8.7563
8.4213
8.5078
10.6795
18.5193
24.7178
22.8120
19.9720
20.8038
12.4139
9.6158
10.7164
17.7766
17.5066
17.8147
25.6061
20.1205
24.8941
29.3980
30.3526
30.4339
28.0278
31.1198
23.2965
25.4203
32.2512
35.2953
31.2098
41.8529
41.0531
42.9171
44.4917
41.2306
41.5618
34.3391
32.3809
39.9767
35.2304
35.4990
34.4798
36.6321
40.4530
8.7874
11.8144
5.8146
11.9765
16.4457
15.0765
14.1697
17.9910
13.1401
6.8304
12.5740
14.7532
17.6410
16.9620
23.0565
16.4625
19.2123
24.9770
24.0244
23.0618
20.4768
22.8616
15.3357
18.3467
24.7810
28.0677
25.2769
36.4778
34.5543
35.6369
36.3864
32.9531
33.2917
26.1114
24.6302
32.5104
27.9777
27.6596
25.9087
28.6474
32.7758
10.8815
8.4925
17.8739
22.3930
22.9718
21.7425
25.4153
18.3523
13.8240
15.9029
20.9311
22.8757
24.0197
30.9742
24.7474
27.9819
33.6397
32.4988
31.3093
27.7422
30.4422
23.4877
26.9421
33.1157
36.4955
34.0522
45.2603
43.2087
43.7768
43.6950
40.0405
39.3253
30.7725
31.0887
39.4954
35.8438
35.4290
32.2823
36.5313
40.8880
9.1324
15.6814
23.4489
22.5629
18.2143
19.5651
11.1335
10.7921
7.1165
14.3534
14.3979
18.6320
25.8376
21.2132
27.2176
30.8855
30.1147
30.4846
26.4360
31.5646
25.1931
26.5969
33.8964
36.0746
33.0112
43.0778
41.9529
42.4868
43.7662
40.6011
39.7441
32.2984
30.1240
37.6788
34.0934
35.1090
33.9651
37.4118
41.1145
9.4714
15.3364
15.6949
13.7944
18.6486
13.5661
8.8286
11.5705
13.4232
17.0612
19.0250
24.8775
18.8433
22.4410
27.6531
25.1805
24.1910
19.9004
23.9427
17.8775
20.5131
27.1452
29.8325
28.0552
38.8828
36.5640
36.4407
36.5920
33.1089
32.2299
24.2900
23.3059
31.5458
28.1410
28.2466
25.8022
30.1397
34.2952
8.6785
8.6531
6.5703
14.1613
14.5078
11.2331
14.2804
9.1294
15.5063
17.5425
20.4460
15.3080
18.1118
22.4581
17.5326
16.5628
11.0902
17.0913
13.5863
14.6095
21.0759
22.6274
22.3381
32.2224
29.3109
28.0352
28.3181
25.1275
24.1452
17.6951
14.4762
22.3534
19.3983
20.1432
18.8009
23.1017
26.8671
7.1832
11.6004
19.8819
22.2560
17.8196
22.5673
16.8551
23.3823
23.4984
24.5475
19.3484
18.2833
23.5994
16.6257
13.2283
7.7269
10.8194
10.6795
13.0486
16.8172
18.7230
21.0578
30.7428
26.2380
23.6629
21.8859
18.2026
17.0395
10.1494
9.2648
17.8512
15.8119
14.7962
10.6785
17.1822
21.4976
6.8805
14.0186
18.1221
14.2722
19.7105
13.1955
19.0960
17.4658
17.7375
12.5857
11.3816
16.5297
10.7420
8.5527
6.0690
9.2285
6.2054
6.5013
12.4252
14.3480
14.6383
24.8767
21.3972
20.8433
21.7295
18.6373
19.8912
16.0830
11.0754
17.8493
12.9778
12.8020
13.2748
14.9110
18.7391
8.3797
12.4560
10.6714
14.1379
6.4187
12.4844
12.7189
14.0752
9.5469
13.0752
16.2375
12.2236
12.8527
9.6484
15.6107
11.8881
10.5170
17.6530
18.5902
17.0239
26.4523
24.3970
24.3417
26.5205
23.8966
24.5296
20.5730
14.5510
20.6860
16.0575
17.6258
19.3154
20.5742
23.6341
9.6053
11.8606
13.1050
6.9932
7.8059
6.3278
7.1522
5.8918
13.3394
13.1481
13.8247
17.0153
16.4888
21.5579
17.2186
14.1553
21.0752
21.3055
17.0420
24.7589
24.9672
26.9423
31.3171
29.4313
31.1352
28.5981
21.4585
25.5272
19.9584
22.4470
26.4261
25.0438
27.0240
6.6128
4.3051
7.9311
5.3432
7.7024
15.0320
11.5204
19.0810
21.0163
22.2257
24.1010
22.0901
27.0510
20.6437
19.9755
27.4650
28.9628
24.4729
33.5054
33.5568
35.4638
38.6804
36.1430
36.9268
31.9162
26.8878
32.8522
27.8398
29.5500
31.2380
31.7596
34.6195
7.5488
9.4255
11.1139
10.5116
17.1726
11.2727
16.5644
20.7473
20.8989
21.4122
19.3173
23.0577
15.7958
16.6930
24.0043
26.4269
22.5780
33.0046
32.0400
33.6884
35.8661
32.8980
33.7041
27.8726
24.1272
31.0578
25.9793
26.7001
27.0503
28.2970
31.7842
9.1639
7.5134
12.0061
19.1209
15.3695
22.4873
24.9678
25.1874
26.5607
23.4974
28.8997
22.6085
22.6514
30.1894
31.8286
27.9864
37.3045
36.9099
38.1367
40.6401
37.8831
37.9072
31.9689
27.8464
34.4212
30.0849
31.6794
32.3408
34.1080
37.2687
6.7061
10.6907
14.1435
10.9310
17.4291
19.2277
17.2052
18.8911
15.5421
22.0248
17.7065
16.3391
23.6725
24.3540
21.7286
30.3696
29.3612
29.6723
32.3622
29.9264
30.0484
25.6188
19.8655
25.6220
21.4946
23.6731
25.4339
26.8295
29.5946
8.4203
13.4664
12.1918
20.2483
20.6015
21.3213
23.9843
21.7827
27.7592
22.6595
20.8770
28.2136
28.7946
24.6657
32.4031
32.7505
34.2417
37.9680
35.8085
36.4115
32.3200
26.2791
31.2893
26.6957
29.1777
31.7865
32.0446
34.4000
8.1779
6.1056
14.0652
14.3106
18.0844
20.9859
21.3372
25.0450
18.9305
16.7249
23.5698
24.6736
18.8313
26.9442
28.0224
31.3760
35.9651
33.9405
36.1544
33.0092
26.6215
31.1158
24.9620
26.8250
30.4650
28.4832
30.6051
6.9240
12.0704
8.3224
13.3750
17.7147
19.9191
23.1311
19.3192
15.0716
20.4221
20.0800
14.1193
19.7593
21.6958
25.6403
31.6147
30.3905
33.5372
32.7514
24.8964
27.1490
20.6257
23.1667
28.9841
24.9387
25.8912
8.2745
9.7120
12.4917
15.0995
16.4632
19.2478
13.6265
10.7463
17.4766
18.6623
13.1162
22.2796
22.4997
25.7503
30.1923
28.1693
30.9056
28.5003
21.8851
26.1171
19.5200
21.0187
25.0417
22.4149
24.5844
7.3907
9.5887
10.5960
15.0933
14.0580
9.2517
5.7743
10.1756
12.3641
6.3853
17.5223
16.6078
20.7697
25.0285
23.0884
27.2874
26.2545
20.1548
23.5370
16.1927
16.2229
20.7809
15.9304
18.0766
9.5797
13.3881
18.4577
18.6687
16.1186
11.2566
13.9622
13.5894
6.4374
12.8090
14.4707
20.0075
26.3954
25.4673
30.0941
30.7950
23.1689
24.3463
16.9352
18.4529
25.2309
18.8384
19.2383
5.1953
9.9485
11.3901
12.5839
7.3320
9.7627
7.9442
7.8813
14.9444
12.3016
13.3811
18.3077
17.0468
20.8299
22.1358
13.9318
14.9717
7.6445
9.8691
16.9442
12.2918
13.3741
7.3823
6.2074
9.6311
5.9299
6.5956
6.1267
9.4615
17.6024
13.1592
12.5850
15.2133
13.1273
16.9953
17.9683
10.8668
13.1701
6.2200
5.9638
12.0201
8.1669
10.7877
8.3861
10.9954
9.6978
13.1623
13.2066
16.1377
24.3273
20.0045
17.2212
17.4156
14.5658
14.9666
12.9549
5.4755
12.0489
8.6677
9.3250
10.5112
13.2736
16.5230
8.6614
8.7751
7.1903
9.0462
13.7902
22.1643
16.7080
14.7902
13.9394
10.6605
14.0849
13.9780
10.0420
13.9987
9.6088
6.1974
6.9116
6.4751
11.0545
5.5126
9.6597
13.4899
12.8941
24.0139
20.5472
21.5573
22.4535
19.3174
22.0481
18.7310
15.2973
21.1880
15.4972
13.8222
14.0628
13.5684
17.7135
7.5499
9.8766
8.3248
19.2105
16.2765
17.9716
20.7425
18.3136
21.8298
20.5105
14.5920
18.7878
11.9883
11.5572
15.2231
12.1131
15.2169
4.9917
7.9072
16.3557
11.6705
13.6073
16.0953
14.2054
19.7487
21.1570
16.0848
17.7612
11.2574
8.7542
13.6979
6.1257
8.8726
8.0402
13.2696
7.7245
8.9802
13.3885
12.5247
18.5192
21.8996
15.4354
14.7582
8.0735
6.7475
14.5874
5.7631
5.9635
11.4921
10.3681
15.8121
21.4020
20.3576
25.7322
27.1225
20.2734
21.2198
13.6690
13.7909
20.5230
12.9654
13.5340
6.9161
14.7911
22.9313
23.9301
30.1725
34.7206
27.0636
24.1091
18.0309
19.1373
27.7500
18.3667
15.5435
8.6387
16.2061
17.1833
23.7338
28.8922
21.8955
18.6299
12.9579
13.1224
21.6207
12.0123
8.6895
8.6317
10.5863
16.4756
23.5454
16.9369
11.2987
8.7989
9.0383
17.1224
10.1382
6.5876
4.0347
9.5999
18.3782
14.8720
9.6871
11.5188
9.3296
12.6052
10.2227
9.0751
7.3372
14.7917
11.9675
9.2842
10.4640
7.2640
8.5837
8.3699
9.2866
10.1398
10.1964
9.1065
13.8299
11.9921
8.7342
14.7066
16.4254
9.2031
15.4351
17.5728
15.7827
8.2239
18.3540
22.0298
8.7652
9.3333
9.5043
8.4170
14.0000
16.9195
7.5928
9.1284
12.7580
13.9059
14.2313
4.6474
12.4301
9.4652
10.2022
9.0385
5.3326
7.5085
10.3281
14.2872
4.8315
