# Pairwise distances between all Valine CB atoms (in Å)
7.9599
13.3298
6.9460
12.3163
7.9548
10.3466
7.8537
14.6338
11.5611
17.5213
11.4587
7.6680
9.1601
9.0440
12.3848
18.9457
17.4558
15.2447
10.2395
12.4515
5.3992
5.1789
6.0296
9.1223
13.9995
15.2207
18.0850
22.6614
21.1302
13.1071
12.5950
10.7948
14.1089
17.1865
18.7136
21.8480
18.7946
20.6115
16.5696
23.8780
23.3907
23.6014
18.2924
20.9824
28.8351
27.2780
22.3877
19.1768
11.8483
10.7081
16.0707
23.3111
25.4194
24.1251
21.0564
20.2325
18.5627
23.0107
27.2476
31.9382
29.0067
25.8970
30.8406
35.6276
44.7993
51.5358
51.2923
58.2525
53.4608
62.2175
61.1331
62.1623
61.7233
56.4724
54.1416
55.6513
46.5554
48.6712
49.3629
53.6514
52.2133
47.6495
43.0152
39.5857
41.9130
45.2423
50.7775
57.2750
48.5630
43.1691
40.3827
43.2874
41.6057
37.6735
40.8643
41.5009
39.7885
33.0371
34.1869
36.5365
31.9576
6.7578
4.9191
9.9792
7.0862
6.5750
10.2670
16.2739
12.1500
20.3997
13.2292
11.3658
15.3669
16.9942
19.1761
24.8380
21.0651
15.9358
11.5338
17.3874
9.8668
12.2472
11.2434
13.1146
17.6114
17.8650
22.6385
26.4051
26.9767
19.4065
16.7771
12.4008
12.9015
17.6722
20.4672
26.1555
22.3994
21.2489
18.1830
23.6261
23.6720
26.2976
21.1637
23.8620
32.7373
32.1946
27.1541
24.2510
17.5480
12.9909
19.9535
26.0997
30.4898
28.8163
27.6250
26.7570
22.7713
26.9994
30.5801
35.3248
32.2911
30.2441
35.2385
39.8358
49.0455
54.8490
53.9371
60.6758
56.7695
66.2049
64.9225
65.4951
64.6888
59.9306
57.8824
60.2280
51.1455
52.0994
53.5439
58.4349
57.4155
52.4388
48.7934
45.9724
47.8596
51.2372
56.5692
62.4730
53.8280
48.5543
45.1517
48.1316
47.3350
43.2991
47.2992
48.3435
46.8363
39.8276
40.4698
41.7154
37.6424
7.1121
12.6231
13.0657
11.3802
16.5980
22.8986
18.4370
26.0677
18.3303
16.5476
21.5706
21.7885
23.0719
27.5572
22.1286
17.2897
12.2424
19.7282
13.8805
16.1300
16.9343
14.7027
18.5462
17.2051
23.4312
25.6097
28.1537
21.9636
17.4109
11.9787
9.8132
15.0387
18.6426
26.1346
22.5746
20.2921
17.0840
20.1386
20.1584
24.5630
20.0465
23.1297
32.1406
32.4369
28.0209
25.9361
20.6817
15.8360
21.9520
28.4249
33.6060
31.1062
30.8146
31.3232
27.1961
31.3292
35.2727
41.0494
38.6403
36.2902
41.4047
45.6736
55.0054
60.8828
59.9231
66.5125
62.9448
72.5331
71.4389
71.7995
71.0958
66.4519
64.2686
66.4802
57.4736
58.4697
59.7194
64.4472
63.8119
59.0460
55.2699
52.3117
53.9415
57.1042
62.7165
68.4621
59.9173
54.7687
51.1655
53.8493
52.7953
49.1892
52.8208
53.9013
52.7228
45.5967
46.5331
48.0976
43.7346
9.6198
8.9180
10.7764
12.6945
19.1767
14.4962
20.9158
13.2307
10.3547
15.2255
14.9661
16.0340
21.0062
16.6918
12.9648
6.9070
13.2839
6.9001
9.5387
11.9773
9.9762
15.1098
14.1046
19.5304
22.0763
22.8073
15.3781
12.3120
8.2206
9.1930
13.6413
15.6511
21.3374
17.6135
17.1197
13.3323
19.1675
19.4757
21.7325
16.6999
20.7655
29.2370
28.5223
24.2855
21.9018
15.8571
13.0885
18.7570
26.4427
29.8752
27.6983
25.6707
26.1602
23.6795
28.0976
32.4316
37.7584
34.9325
32.1724
37.2118
41.8368
51.1100
57.5320
56.9792
63.8274
59.4862
68.5598
67.3729
68.2230
67.5732
62.5397
60.3698
62.1856
53.0903
54.7477
55.7286
60.1802
58.9566
54.2435
49.8802
46.5251
48.7477
52.0073
57.6101
63.9200
55.2477
49.9143
46.8738
49.6873
48.1034
44.3527
47.5294
48.2303
46.6598
39.8657
41.0688
43.2435
38.7183
7.1451
15.5403
16.5297
18.2348
11.4137
15.2980
7.6610
8.3480
15.4560
19.0387
17.3522
21.2798
16.7773
8.2725
10.2782
14.7816
9.4724
15.8248
17.4827
18.6791
24.1907
22.7260
28.0234
29.2424
28.7313
19.0808
19.1610
16.7891
17.2820
21.5665
21.0302
25.4049
19.9294
15.7186
16.6374
22.6753
26.1645
28.3087
23.9078
29.7751
37.5827
36.2430
32.7772
30.3565
23.7648
21.6262
27.6030
34.8884
37.7071
36.1463
32.7972
32.2582
30.3299
34.6626
38.1029
41.0884
36.2152
35.2900
39.7561
45.1371
53.8467
59.2449
58.1943
65.1618
60.6110
69.5007
67.1598
68.6176
66.8576
61.9511
60.9653
63.9155
54.6872
55.2346
57.6309
62.8323
60.3742
54.5101
51.0009
47.9900
51.4556
55.2898
60.0046
66.7085
57.8554
52.2047
49.7510
53.3352
52.4525
47.7477
51.5819
51.9372
49.2262
43.2286
43.8555
45.0068
41.6453
10.2021
9.6722
11.6811
5.7612
13.3728
6.6847
6.2884
10.5894
15.3597
16.4522
22.3231
19.8641
13.6198
12.5722
15.9778
8.4045
12.7914
11.4618
16.4417
21.5061
21.9360
25.8376
29.4045
28.1100
18.7234
18.9878
16.4472
18.1077
22.3607
23.2711
27.0846
22.5806
21.0721
19.7863
26.6529
28.1120
29.5243
24.4558
28.2337
36.3684
34.9188
30.2635
27.0897
19.6647
16.9552
23.4800
29.5884
32.5157
31.6048
28.7240
26.7960
24.0719
28.2479
31.2599
33.9814
29.3379
28.3332
32.8644
38.1482
46.9200
52.3485
51.3604
58.3113
53.8516
62.9135
60.9199
62.0879
60.6879
55.7882
54.4195
57.2571
48.0476
48.6588
50.8285
56.0623
54.0008
48.3439
44.9752
42.2442
45.1442
48.9494
53.6768
60.0634
51.2505
45.6916
42.9334
46.4924
45.9668
41.2004
45.5061
46.1965
43.7937
37.4184
37.7184
38.5039
35.1521
7.2392
13.9061
12.7419
22.3168
16.7497
15.1337
16.3060
18.4176
22.6595
29.1663
26.6163
21.9972
17.4665
22.2393
14.4861
14.6664
9.7130
15.4087
18.5058
20.7201
23.9328
29.7113
29.9415
23.2102
20.6891
16.4170
17.3601
21.6754
25.5736
30.8213
27.7728
27.6440
23.9670
29.3923
28.0732
30.3582
25.0357
25.3425
34.3652
33.9929
27.8349
24.2983
17.3210
11.1215
18.7656
22.5163
27.8807
26.9139
27.0600
24.6482
18.7625
22.5578
25.3328
30.0415
27.6912
25.7568
30.7657
34.9452
44.1456
49.6377
48.5926
55.1421
51.7303
61.5046
60.6004
60.6589
60.1758
55.6630
53.2606
55.6816
46.7647
47.4301
48.7674
53.8002
53.4597
48.7231
45.5918
43.3189
44.3021
47.5626
52.8199
58.0748
49.6111
44.5937
40.6268
43.4847
43.3773
39.3895
44.0797
45.6390
44.6363
37.2475
37.3888
37.8978
34.0096
9.3336
10.0643
18.2659
14.4090
12.3585
10.3799
13.2138
18.4959
25.5955
25.0560
21.7089
17.7540
19.9277
12.7273
11.7153
4.4658
14.7270
17.8932
21.0285
22.5127
29.0444
27.3043
20.1167
19.7409
17.3275
20.0327
23.4422
26.1726
29.3516
26.6003
28.0316
24.3152
31.2109
29.9774
30.4773
25.0694
25.4173
33.5104
32.1889
26.0610
22.0677
14.3200
10.8139
17.3039
21.2305
24.4436
24.3436
22.8340
19.2198
14.8114
18.7840
21.6259
25.3416
22.3883
19.9992
24.9789
29.6670
38.8350
44.8918
44.2959
51.1407
46.8716
56.1471
55.1761
55.7109
55.3324
50.3998
47.9516
49.9956
40.9323
42.2849
43.3465
48.1787
47.2395
42.5232
38.8745
36.3370
37.8200
41.2603
46.4431
52.2367
43.5911
38.3446
34.9003
37.9987
37.5528
33.2250
37.7765
39.0676
37.6661
30.4902
30.6559
31.5427
27.5561
7.0020
13.3273
13.5345
14.1303
10.9503
18.1045
21.7182
28.4685
28.8876
23.9675
23.1548
24.1441
17.4605
18.6964
12.8138
23.1373
26.7975
29.5082
30.9371
36.8773
33.9531
25.2914
27.0096
25.2635
27.8500
31.5774
33.0881
35.3363
31.7031
31.8319
30.1223
37.5828
37.8629
38.1505
32.8644
34.3236
41.9706
40.0770
34.3730
30.3193
22.5286
20.0959
26.1047
29.0132
31.2406
32.1023
29.4978
24.3573
20.9069
23.9751
24.8595
24.3451
18.2965
19.1877
22.9468
28.5201
36.6385
41.1964
39.9866
46.9719
42.4760
51.6384
49.4737
50.5388
49.0488
44.2586
43.0260
46.5086
37.3552
37.1785
40.0117
45.8662
43.6413
37.5600
35.3478
33.6923
36.2605
40.3817
44.2521
50.1798
41.4520
35.9517
33.1139
37.2165
38.1139
32.5452
38.3200
39.4287
36.8639
30.6814
29.6551
28.5277
26.4963
9.9510
7.1668
8.6654
9.5202
16.7964
18.3492
24.4867
23.5501
17.4206
17.7163
19.4474
12.6150
16.1331
12.8991
20.6595
25.3510
26.6209
29.5024
33.8279
31.4811
21.8390
23.4412
21.5378
23.6473
27.6886
28.3978
31.1757
26.7476
25.5370
24.7937
32.0803
33.5532
34.3677
29.2598
32.4944
40.3324
38.5046
33.5770
30.0167
22.2492
19.9078
26.2973
31.2441
33.6460
33.5573
30.3345
26.9458
24.2711
28.0421
30.0915
30.9545
25.1883
25.3900
29.4126
35.0177
43.3139
48.1314
46.9491
53.9396
49.3534
58.3178
55.9010
57.2594
55.4884
50.6445
49.7065
53.0872
43.8871
43.9195
46.7414
52.3819
49.8385
43.6839
40.9637
38.7025
41.9183
46.0071
50.1362
56.5007
47.6856
42.0576
39.5231
43.5000
43.6479
38.3197
43.2910
43.9987
41.1649
35.1447
34.8153
34.6569
32.1449
8.0400
11.0450
10.9701
18.6438
17.1492
21.5067
22.5382
17.4207
20.9831
19.4445
16.1163
20.2782
19.6105
25.9306
30.8751
31.4222
33.7559
36.6599
32.6221
22.2739
26.6611
26.7036
29.4051
32.6325
31.1733
31.5574
26.7934
25.6000
26.8122
34.7307
37.6887
37.1726
32.6943
37.5209
44.0116
41.2476
37.6281
34.4428
27.2222
27.3259
32.3252
38.1353
38.4465
38.6565
33.3115
30.2146
30.3205
33.9161
35.9682
35.1606
28.1104
28.9294
31.9510
38.0482
45.3578
50.0982
49.2281
56.3580
50.7223
58.4824
55.1564
57.6738
55.2207
50.0086
50.0205
53.4477
44.3910
44.6760
47.9398
53.3944
49.1868
42.4772
39.5016
36.8786
41.9248
46.3333
49.7160
57.0240
48.2258
42.3554
41.2719
45.6583
45.3470
39.5916
43.8658
43.6691
39.5190
35.0708
34.8554
35.0382
33.3018
4.3760
9.4992
15.4634
13.9491
18.8286
17.3860
10.9923
13.5153
14.1504
9.2148
14.7704
15.3877
19.6501
25.0132
24.8074
28.3653
30.7442
28.1594
17.7157
20.3832
19.5440
21.7165
25.2925
24.2733
26.3026
21.2230
19.3691
19.9247
27.4941
30.3608
30.7699
26.1579
31.3910
38.5507
36.3835
32.7159
29.8023
22.6462
21.9124
27.3971
34.1773
35.6068
34.9089
30.3880
28.6381
27.8351
31.9593
34.9616
36.5030
30.8207
30.2756
34.2866
40.0204
48.2972
53.7034
52.8703
59.9770
54.8366
63.2357
60.6422
62.5354
60.6701
55.5257
54.7569
57.6794
48.4661
49.1986
51.7082
56.8953
53.7684
47.7068
44.1506
41.1489
45.2276
49.2797
53.5878
60.6243
51.7425
45.9655
44.0771
47.9586
47.1396
42.0261
45.9398
46.0481
42.7839
37.3022
37.6992
38.7131
35.7853
7.4684
11.5595
10.6260
16.2931
14.9581
10.4631
10.4467
10.8286
5.1447
10.4376
12.2249
15.4521
20.7934
20.6764
24.0043
26.6175
24.0451
13.8235
16.2416
15.6923
18.4270
21.6259
20.8301
22.7790
18.1892
17.9346
16.9383
24.8688
26.9030
26.9126
22.1639
27.1404
34.2145
32.0536
28.3493
25.4980
18.4984
18.3575
23.3595
30.6460
31.8382
30.8901
26.3277
25.1987
24.7825
29.0576
32.6551
35.3138
30.5425
28.8917
33.2311
38.7218
47.3283
53.4281
52.9367
60.0586
54.8347
63.2139
61.1584
62.8840
61.5655
56.2564
54.9070
57.1527
47.9460
49.4332
51.1605
55.8965
53.2088
47.7307
43.4991
40.1181
43.8154
47.6186
52.4246
59.4793
50.6151
44.9112
42.8904
46.4248
45.0358
40.3572
43.7474
43.8717
41.0203
35.2147
36.0658
37.8893
34.2452
8.4640
10.9492
17.7939
19.5115
17.4689
16.2814
14.4724
10.1145
10.8595
9.8179
16.7233
20.9212
22.6864
23.7189
28.3108
24.1917
15.0550
18.6864
19.0283
22.7788
25.2909
25.1159
25.4816
22.2205
24.3096
22.1466
30.4305
31.0123
29.7535
24.8695
27.8668
34.3148
31.6604
27.2748
23.7976
16.5113
17.5937
21.6973
27.6493
27.5948
27.6901
22.6149
19.7218
20.1692
24.0477
27.2025
28.9634
24.2161
22.1910
26.2914
31.8693
40.2863
46.7298
46.6087
53.7843
48.1622
56.2403
54.4561
56.2461
55.3138
49.7873
48.1028
49.9332
40.7609
42.8117
44.0954
48.6170
45.8633
40.6521
36.1163
32.7130
36.3666
40.2186
44.9625
52.0968
43.2340
37.5129
35.7066
39.2920
37.8943
33.0434
36.5492
36.6994
33.7892
27.9630
28.6373
30.5661
26.8959
7.6364
14.4117
16.8652
18.7658
14.6849
11.4374
10.0776
6.0652
9.6392
11.2997
14.5010
16.4345
16.0139
20.8385
16.1894
9.0561
12.5871
14.6812
19.3562
20.2526
20.0737
19.2961
17.8332
22.9842
18.5776
26.6253
25.6512
23.0291
18.3973
20.7194
26.2193
23.3063
19.2926
16.1819
10.0327
14.3795
15.7781
23.3256
21.9207
21.2334
15.1730
14.8784
17.6380
21.6842
26.4287
30.7903
28.2860
23.9489
28.4027
33.1267
41.8694
49.6615
50.2752
57.3287
51.5538
59.2516
58.4568
60.0464
60.0855
54.3199
51.6686
52.0104
43.1264
46.7540
46.4056
49.7427
47.7799
43.9267
37.9594
33.6477
36.5903
39.7335
45.4906
52.7128
44.0926
38.6813
36.8775
39.5345
36.5503
32.9707
34.7158
34.6670
32.6788
26.5413
28.5764
32.6251
27.4526
7.2399
10.5465
14.0459
12.5566
5.9773
9.5339
9.8268
15.7797
14.6852
18.8668
18.2916
19.5025
20.7420
15.6742
5.6700
12.5166
15.8858
20.0338
20.6771
17.8559
15.5362
12.7298
17.5878
15.0809
23.5284
24.8324
21.8948
18.1198
23.7033
28.2985
25.0115
23.1056
21.1387
16.3180
20.3933
21.9116
30.4301
28.7765
27.5956
20.6946
21.8541
25.2632
29.3163
33.9764
37.5696
33.9744
30.5296
34.6034
39.7040
48.0486
55.5549
56.0630
63.2252
57.1039
64.3895
62.9173
65.1103
64.5358
58.6690
56.7282
57.3855
48.4993
51.8799
52.1170
55.5408
52.6266
48.2615
42.2851
37.7197
41.8690
45.2006
50.5366
58.3011
49.6631
44.0855
42.9803
45.9185
42.7503
38.9510
40.2403
39.5523
36.6991
31.6782
33.8479
37.9361
33.3172
8.1118
15.2604
15.5763
7.8332
15.0401
16.0233
22.8456
19.5315
23.2797
21.2099
22.6021
20.7819
15.3837
8.0987
15.1035
19.6035
23.1526
22.7698
17.7794
12.7103
10.1703
15.9120
15.0162
22.4966
25.1692
21.2757
19.0902
26.3548
29.2044
25.5674
25.8267
24.9915
21.8992
26.5777
27.1440
36.2170
33.7987
32.2196
24.6934
27.3561
31.8321
35.7678
40.6715
44.2988
40.6322
37.1743
40.9756
46.0202
54.0284
61.7190
62.4292
69.6006
63.1340
69.8519
68.2040
70.8222
70.1267
64.1156
62.4042
62.7552
54.0729
57.8059
57.9142
60.9469
57.5471
53.3239
46.9384
41.9848
46.7415
49.9246
55.1608
63.3149
54.8529
49.3323
48.8184
51.6404
47.8568
44.3550
44.6885
43.4325
40.2737
36.2231
38.8369
43.5281
38.9645
9.6062
9.9987
5.5406
12.5279
15.4215
22.7631
17.5138
21.9853
18.3067
22.3115
19.0513
16.9700
9.3148
12.4347
15.5412
17.7280
17.8634
12.1989
10.8503
4.9485
7.9625
8.0471
15.3407
19.7227
17.9390
15.7107
24.6373
28.8625
26.3532
26.3916
25.8113
22.4627
25.3247
27.0235
36.6274
36.1012
33.7424
27.7996
30.8479
33.3644
37.6675
42.7381
47.2070
43.5537
40.3675
44.7027
49.7747
58.3492
65.6810
65.9134
73.0762
67.2269
74.7482
73.0380
75.2384
74.3308
68.5925
66.9347
67.8716
58.9297
61.9219
62.4849
66.0259
63.1436
58.5712
52.7648
48.1737
52.3838
55.6267
61.0582
68.8137
60.1831
54.6157
53.3483
56.2114
52.9285
49.3627
50.4144
49.6513
46.9041
42.0240
44.3557
48.3933
43.7609
8.3482
9.9437
10.0967
16.2724
21.1234
19.1027
24.5975
21.6927
26.9623
25.7669
24.7420
15.2231
16.7370
16.6003
17.5607
20.2744
16.9826
19.6040
13.4917
8.5635
11.7454
18.2674
23.4305
24.3669
20.9609
28.8951
35.2376
33.3822
31.6170
30.0412
24.6782
24.8510
29.0861
37.7674
39.0663
37.0952
32.3275
33.3916
33.6165
38.0577
42.2691
45.6909
40.9713
39.2453
43.6149
49.0605
57.6842
63.8522
63.3118
70.4332
65.1817
73.3973
71.0633
73.0519
71.4181
66.1121
65.0922
67.3342
58.1540
59.6586
61.4923
66.0764
63.1049
57.5560
53.0756
49.3217
53.4942
57.1984
62.1101
69.4708
60.6256
54.8958
53.1322
56.5509
54.6150
50.2307
52.8687
52.6034
49.5855
44.2442
45.6043
47.9887
44.1963
7.8359
6.2168
10.1630
16.0988
11.2027
16.5667
13.5651
19.3016
19.0623
19.2844
11.2136
9.4146
8.2531
9.7901
12.4990
11.0566
15.7396
11.0959
10.7709
7.2286
14.5733
16.9108
18.0900
13.7796
20.8244
27.8943
26.5802
24.1090
22.5860
17.6924
17.7095
21.4441
30.4399
32.2503
29.7708
26.0678
27.9647
27.6824
32.1588
36.9739
42.1284
38.9374
35.9247
40.7659
45.6241
54.7219
61.5821
61.3401
68.3506
63.3889
71.8977
70.4892
71.8872
71.1142
65.7728
63.8069
65.2729
56.1685
58.3861
59.2003
63.2961
61.4114
56.7197
51.7075
47.7841
50.8351
54.1008
59.7241
66.6670
57.9500
52.4749
50.1221
52.9557
50.6003
46.9335
49.2135
49.3226
47.2925
41.1555
42.8910
45.9171
41.2429
7.9945
10.1846
17.4200
13.3520
18.1094
15.7213
19.0381
18.2706
15.3372
5.3452
9.5917
12.6059
15.9162
16.6061
12.8636
12.2520
7.8276
11.9202
9.3149
17.8025
20.1703
18.2558
14.6617
22.0956
27.2071
24.5837
23.2442
21.9041
17.5897
20.5512
22.5292
31.8216
31.3451
29.3312
23.4465
25.7159
27.9859
32.2908
37.2535
41.6945
38.2489
34.8874
39.2987
44.3174
52.9837
60.3504
60.6094
67.7478
61.9903
69.6678
68.1761
70.1631
69.4705
63.7553
61.8537
62.7452
53.7750
56.8047
57.2273
60.8156
58.2120
53.7428
47.9964
43.5393
47.3947
50.6514
56.1569
63.7226
55.0620
49.5153
48.0240
50.8744
47.7902
44.1583
45.5427
45.0281
42.4739
37.1726
39.3537
43.2512
38.5266
6.7159
11.2329
10.8248
16.3660
15.6298
19.5261
21.7645
20.0600
10.5333
11.2997
10.6362
13.6699
16.5386
16.0474
18.7690
14.6290
15.6038
12.7199
20.6255
21.9028
21.9821
17.1183
22.2978
29.5017
27.6364
24.0882
21.5947
15.1820
15.3745
19.7947
28.0032
29.3777
27.7503
23.5547
23.8226
23.5263
27.9745
32.3432
36.5705
32.9483
30.2059
34.9086
39.9825
48.9398
55.6450
55.4062
62.4683
57.3537
65.7980
64.2901
65.7573
64.9424
59.5710
57.6721
59.2918
50.1511
52.2612
53.2406
57.5151
55.4253
50.5663
45.7571
42.0349
45.1872
48.6423
54.0121
60.9656
52.1868
46.6363
44.3659
47.4374
45.4416
41.3865
44.1421
44.3258
42.0657
35.9048
37.2941
39.9323
35.5345
8.1186
6.0495
10.7322
11.8339
13.7285
18.2078
16.0352
8.9719
8.6041
8.9333
13.4455
14.9551
15.9001
17.7426
15.7970
19.9408
14.6352
22.1446
20.8576
19.6965
14.5120
17.2889
24.3442
22.3977
17.9921
15.1056
8.5572
10.7183
13.5564
22.1093
22.8185
21.1032
17.0166
17.8428
18.1852
22.6017
27.6473
33.2058
31.0703
26.8889
31.7936
36.2948
45.4427
52.9545
53.2131
60.1746
55.0127
63.3123
62.6088
63.7781
63.7711
58.2650
55.5557
56.2265
47.2824
50.3697
50.2332
53.8307
52.4648
48.5277
43.0146
39.0072
41.3397
44.3647
50.3025
57.0680
48.4720
43.1731
40.7085
43.2195
40.5716
37.2123
39.3174
39.6568
38.1689
31.5732
33.4465
36.9966
31.7748
11.1421
14.0539
17.5077
18.3056
25.0929
23.0777
16.6783
16.2213
14.5700
18.0283
20.6541
23.2655
25.8275
23.7473
26.5363
21.9392
28.9820
27.1427
26.8855
21.5336
21.6131
29.3367
27.8294
21.7949
17.8224
9.9941
8.1609
13.6189
18.8823
21.1626
20.7170
18.6231
15.9280
12.8985
17.2580
21.2385
26.1917
24.1111
20.3896
25.5091
29.9774
39.2864
46.1810
46.0779
52.9471
48.3147
57.2092
56.6051
57.2679
57.3024
52.1077
49.2775
50.5159
41.5211
43.8518
44.0905
48.2845
47.4383
43.2905
38.7400
35.6063
37.0874
40.2771
45.9296
52.0128
43.3978
38.1831
34.9799
37.7111
36.3121
32.4837
36.0915
37.1626
35.9828
28.7460
29.6099
31.7258
26.9608
5.6313
6.4247
9.6614
14.5338
14.9915
11.6091
6.5290
5.0321
9.4803
10.1202
13.2961
17.0089
16.2985
20.8125
13.9175
19.6623
16.3771
15.9787
10.6049
11.9105
20.0310
19.1281
14.3472
12.0450
7.4759
8.6888
10.3108
19.7285
21.5893
18.7560
16.6464
19.2240
18.6251
22.8854
28.4671
35.6780
34.7824
29.9691
35.0954
38.9475
48.3024
56.0686
56.3980
63.1571
58.4317
66.9456
66.7843
67.5136
67.9430
62.5619
59.3744
59.6373
50.8832
54.2099
53.5140
56.7644
56.2363
52.8621
47.2009
43.1776
44.6606
47.2558
53.6417
59.9687
51.6086
46.6159
43.6918
45.6602
42.7213
40.1113
41.8025
42.4090
41.7422
34.8055
36.9613
40.8295
35.1459
6.1977
5.6510
13.3417
14.7374
15.1919
9.7763
9.1483
12.4521
11.3753
15.8047
18.9054
19.8866
25.4690
17.9566
22.3248
16.8985
15.8166
11.2126
7.5701
15.9343
15.7117
9.7201
7.4994
6.4341
8.7662
6.1773
15.9191
17.7211
14.1400
13.8624
17.7191
17.2140
20.9416
26.9738
35.4937
36.0241
30.3093
35.4074
38.4957
47.8097
56.0566
56.7285
63.2587
58.7164
67.1034
67.6402
68.0240
69.1032
63.7395
59.9265
59.4343
51.0205
54.9895
53.3975
56.0213
56.2845
53.7432
47.7102
43.6074
44.2006
46.2803
53.0909
59.0258
51.0110
46.4036
43.2482
44.5777
41.1412
39.3916
40.4261
41.2425
41.4446
34.3150
36.8128
41.2510
35.0644
7.5276
9.3030
13.0029
13.6084
6.2322
6.0371
8.5727
5.7297
9.9055
14.4616
15.4346
20.8050
12.9343
16.2834
10.9357
10.4020
5.4905
7.2862
15.2623
15.2705
12.0941
11.8740
11.5604
13.3925
12.3490
21.9147
23.5146
19.6497
18.2569
23.0255
23.1654
27.0445
33.0030
41.1032
40.8525
35.5965
40.6895
44.1558
53.4636
61.5982
62.1364
68.7913
64.1065
72.4573
72.6094
73.2781
73.9836
68.5506
65.1104
64.8655
56.3029
60.0843
58.8830
61.6439
61.4203
58.5096
52.4097
48.0837
49.3651
51.5984
58.3035
64.5918
56.4561
51.6633
48.7961
50.3374
46.7625
44.8245
45.6418
46.1010
45.8333
39.1014
41.7471
46.2764
40.2445
9.7608
10.7114
15.0085
10.5038
12.5042
15.8866
13.0608
15.8839
16.7026
19.3982
26.6367
18.9148
22.8230
16.8800
13.4666
10.2256
5.5165
11.0414
10.1259
4.8700
4.9378
9.0070
14.0102
8.9501
18.0800
17.3614
13.3452
11.6693
17.9588
19.9563
23.2009
29.5178
38.1552
39.0618
32.7999
37.6125
40.4527
49.4596
58.2851
59.4139
65.9190
60.9756
68.7717
69.5680
70.1808
71.5686
65.9803
61.9524
60.7077
52.5494
57.3423
55.0901
57.0175
57.2039
55.2265
48.4685
43.8846
44.5867
46.3302
53.3663
59.5598
51.7774
47.3246
44.6622
45.6333
41.2566
40.1131
39.9257
40.3348
40.7254
34.1098
37.2546
42.7022
36.1798
8.2897
15.0947
10.4863
14.1073
16.1055
11.3736
10.5611
10.0637
14.6174
22.4058
15.0463
16.5598
11.1915
4.5937
5.7541
9.4284
10.2737
9.4134
11.8009
14.3238
17.4881
21.8150
18.4276
27.6351
26.6712
22.5683
19.5783
26.5865
29.4023
32.8440
39.1253
47.2690
47.2655
41.4579
46.2009
49.4772
58.3814
67.2099
68.2994
74.9720
69.7027
77.2484
77.6016
78.6830
79.6665
73.9109
70.3233
69.1824
60.9220
65.7016
63.7811
65.6876
65.1727
62.8736
55.8406
50.8524
52.5277
54.3791
61.2702
68.0015
60.1584
55.5192
53.3933
54.5609
49.8023
48.5490
47.7716
47.5632
47.3302
41.5274
44.9759
50.7495
44.3995
10.6571
10.8071
16.3004
20.0098
16.6914
14.3506
9.0929
13.6219
22.9275
16.6003
21.2147
18.2686
11.6336
10.7310
14.1056
14.1061
10.1941
12.2599
13.5669
15.7008
22.1003
18.5680
27.6850
24.5114
21.5190
15.4028
22.1672
27.1857
30.5464
36.6421
43.5762
43.0607
37.2630
41.5709
45.1073
53.5767
62.5868
63.9740
70.7649
64.8480
71.7400
71.8723
73.4580
74.3631
68.3705
64.9758
63.6031
55.4203
60.6298
58.6367
60.3348
59.0688
56.7880
49.3710
44.0831
46.4786
48.4620
55.0940
62.3640
54.4916
49.7321
48.3424
49.7136
44.6102
43.1038
41.8730
41.1546
40.3319
35.1952
38.8663
45.1065
38.9045
7.7099
12.4292
16.6629
16.1500
13.1160
10.5861
9.1378
16.2690
11.6382
19.5431
19.8314
16.3104
12.7278
18.8356
23.0795
19.9984
18.7433
17.5383
14.2424
18.9533
19.2463
28.6149
27.0783
25.0362
18.5785
21.7540
25.2092
29.3021
34.6494
39.7694
37.2655
32.9614
37.3582
41.9750
50.6197
58.6041
59.2881
66.3551
60.4492
67.8564
66.9187
68.7944
68.6775
62.8180
60.3709
60.4866
51.7150
55.5575
55.1376
58.1303
55.9074
52.1488
45.7710
40.9962
44.4350
47.3551
53.2344
60.7750
52.2920
46.9360
45.5051
47.9412
44.2233
41.1433
41.7909
41.2174
39.1205
33.7546
36.4142
41.1433
35.8700
5.8557
9.9207
8.6119
7.9935
10.5699
10.1625
16.3023
8.9091
15.1214
13.1388
11.2006
6.2012
12.6241
18.7484
17.1900
15.1227
14.3963
12.0909
15.2055
15.3829
25.2776
25.6311
22.5156
18.6135
22.7779
24.2040
28.3821
34.1262
40.9025
39.4528
34.7254
39.6241
43.7326
52.8683
60.8681
61.3725
68.2642
63.0627
71.1193
70.6807
71.8947
72.1175
66.5088
63.5973
63.6759
54.9173
58.5724
57.8870
60.8950
59.7276
56.2828
50.1436
45.6419
47.9467
50.5639
56.9002
63.7829
55.4018
50.2828
47.9916
50.0249
46.4691
43.9028
44.7891
44.8075
43.6647
37.4413
40.0510
44.5622
38.8802
4.8789
6.3965
9.6404
15.6425
14.0815
17.1425
10.1472
15.1074
12.7149
14.0386
8.8151
13.1098
21.2547
20.8413
17.3446
16.0113
12.4940
12.3094
14.6438
23.8768
26.3449
23.1668
21.2338
24.2282
23.3259
27.6059
33.0260
40.0558
38.6607
34.3724
39.5166
43.5582
52.9369
60.4165
60.5029
67.2895
62.6866
71.3519
70.8951
71.6948
71.7954
66.4868
63.6052
64.2335
55.3772
58.3043
58.0368
61.5292
60.8017
57.0792
51.6250
47.6205
49.4250
52.1369
58.4105
64.8114
56.3792
51.2926
48.3836
50.5030
47.7069
44.9468
46.7381
47.2462
46.3349
39.5599
41.6581
45.2935
39.8285
5.2456
9.9630
17.9979
16.1281
17.1196
10.7888
13.1394
10.8821
14.8538
10.5787
14.8771
23.1714
23.6090
20.4949
19.6297
16.7320
14.9472
17.8108
26.3536
29.9250
26.4653
25.5736
28.6086
26.7502
30.9330
36.1610
43.3998
42.0204
38.0607
43.2808
47.2424
56.6964
63.8700
63.7002
70.3960
66.1690
75.1364
74.6281
75.2327
75.2054
70.0790
67.2817
68.2016
59.3273
61.8410
61.8260
65.5241
65.0058
61.1346
55.9977
52.1715
53.8121
56.5218
62.7841
68.9614
60.5469
55.5007
52.3251
54.4347
51.9158
49.1725
51.2155
51.8761
51.0706
44.1711
46.1227
49.4066
44.0649
7.2813
14.9966
14.9036
18.0963
10.6387
11.6538
6.6256
9.9541
6.2658
11.2420
18.5797
19.2665
17.3015
17.5063
16.7056
16.8008
17.3464
26.4012
28.9712
25.0197
23.9732
28.4622
27.8293
31.8201
37.5306
45.4153
44.6420
39.9690
45.1424
48.8306
58.2284
65.9790
66.1945
72.8729
68.4016
77.0271
76.8629
77.5356
77.8797
72.5662
69.4436
69.6887
60.9782
64.2204
63.5442
66.6708
66.2972
62.9563
57.1950
52.9872
54.5247
56.9308
63.4944
69.7886
61.5400
56.6311
53.6648
55.4147
52.1684
49.9705
51.1362
51.5953
51.0771
44.3759
46.8319
50.9392
45.1681
9.0481
8.4240
12.6918
5.3235
7.4157
7.5769
7.7923
5.9620
15.5783
20.3881
19.7800
19.9764
20.6111
19.7082
21.6016
21.9464
31.6921
32.6382
28.9681
25.7098
30.6278
31.7469
35.8992
41.6658
48.6389
46.9499
42.5380
47.4763
51.6438
60.8196
68.6861
69.0270
75.9274
70.8386
78.9835
78.3421
79.6293
79.6052
74.0409
71.3590
71.6209
62.8187
66.2450
65.8086
68.8863
67.6084
63.9754
57.8890
53.3093
55.8611
58.4668
64.7973
71.7562
63.3759
58.2292
55.9678
58.0067
54.3715
51.8849
52.5797
52.4501
51.2049
45.2396
47.9392
52.4349
46.8417
6.2706
15.3632
10.4265
14.1807
14.7614
9.3878
9.7825
18.3268
19.7105
17.1850
19.6501
20.8159
21.0090
25.5790
24.2688
34.1092
32.5104
29.3071
23.7467
29.4721
33.2102
37.1073
43.0126
49.3567
47.5630
42.7673
47.2384
51.4378
60.0999
68.5149
69.4047
76.3922
70.5178
77.7309
77.0879
78.9543
79.0796
73.1557
70.4877
70.0344
61.4834
65.8127
64.8633
67.2817
65.3517
62.1174
55.2360
50.0962
53.3380
55.7988
62.0371
69.5831
61.3817
56.2657
54.9089
56.8481
52.3332
50.0846
49.5996
48.7696
47.1474
42.2001
45.4592
50.9469
45.2763
9.5535
6.2063
12.4405
15.8107
13.2194
11.7861
21.1800
24.6687
22.3954
23.2542
23.3949
21.4377
24.7851
25.3710
35.2573
34.6059
31.7415
26.1931
30.4655
33.2188
37.4321
42.9355
48.4252
45.6323
41.7170
46.2234
50.9182
59.6555
67.4454
67.9038
74.9966
69.2285
76.7566
75.5289
77.5070
77.0457
71.2560
69.1308
69.5248
60.6958
64.1956
64.1328
67.2539
64.8853
60.8612
54.6296
49.8233
53.5238
56.4369
62.2831
69.8985
61.4107
56.0222
54.5857
57.0454
53.2815
50.2810
50.7681
50.0531
47.8578
42.7852
45.5040
50.1223
44.9782
7.9600
11.6690
18.7870
19.8072
18.1315
27.5630
32.5807
31.0728
31.0573
30.6841
27.2388
28.2675
31.0191
40.5275
41.4927
38.7114
34.0121
37.0137
38.0302
42.4758
47.4165
52.1082
48.2150
45.5867
50.1424
55.2780
64.0894
70.9124
70.6852
77.8036
72.4433
80.4898
78.5248
80.5131
79.2376
73.7714
72.3886
73.9572
64.8645
67.0870
68.2348
72.2561
69.5448
64.5467
59.3372
55.0775
59.1130
62.4702
67.8532
75.3576
66.6233
61.0090
59.3140
62.3063
59.5268
55.7955
57.4367
56.9460
54.2836
49.0604
51.0888
54.4656
50.0377
8.5548
12.2873
12.8456
10.2915
19.6032
24.9835
23.7825
23.3616
23.1856
20.5655
22.0374
23.7919
33.4979
34.4991
31.3507
27.3291
31.1238
32.1007
36.4556
41.8460
47.7885
45.1345
41.4580
46.2819
50.9084
59.9862
67.4111
67.5032
74.5178
69.3140
77.4802
76.3030
77.8484
77.3258
71.7959
69.6194
70.4637
61.4915
64.3939
64.6362
68.1734
66.3136
62.0776
56.3841
51.9699
55.1133
58.0851
64.0189
71.1947
62.6152
57.2386
55.1618
57.6513
54.4657
51.3601
52.6066
52.3815
50.5223
44.7428
47.0995
51.0591
45.9451
8.7438
12.4724
12.7358
21.4700
25.8780
25.9639
26.7520
27.6315
26.6187
27.3023
28.4743
37.8872
39.6485
35.8186
33.0790
37.8437
38.2731
42.4865
48.0742
54.9155
52.7959
48.9162
53.9068
58.2373
67.4818
74.9825
75.0152
81.9230
77.0470
85.4315
84.4679
85.7736
85.3755
79.9435
77.5950
78.3209
69.4001
72.3091
72.3714
75.7753
74.3570
70.3278
64.5762
60.1180
62.8857
65.6281
71.8313
78.7920
70.3215
65.0837
62.7331
64.9398
61.5780
58.8974
59.8716
59.7454
58.3057
52.3915
54.9273
59.0407
53.6899
7.6215
8.1766
14.0164
18.5670
19.8293
20.2115
21.6933
22.4777
23.2574
22.8152
31.7072
33.7400
29.4297
28.2686
33.8130
33.9282
37.7660
43.6525
51.7898
51.1065
46.2807
51.4019
55.0166
64.3528
72.3305
72.6717
79.3507
74.7706
83.2135
83.0921
83.8835
84.2676
78.8641
75.7256
75.7075
67.0673
70.5855
69.7112
72.5583
72.1316
68.9568
62.8684
58.3897
60.0880
62.3370
69.0261
75.4667
67.3141
62.4535
59.6867
61.2715
57.5705
55.6833
56.2308
56.4457
55.9651
49.5923
52.3774
56.9379
51.0209
5.4228
12.1419
13.7781
13.6877
16.0506
18.2974
20.4597
23.7378
21.5003
30.8593
30.7458
26.5749
23.8328
30.4166
32.5753
36.2388
42.4251
50.4161
49.9364
44.5407
49.3949
52.9230
61.9588
70.5235
71.3688
78.1095
72.9378
80.7032
80.7647
81.8977
82.5697
76.8702
73.5540
72.8197
64.3875
68.7594
67.2775
69.5092
68.8026
66.1095
59.3198
54.4047
56.3578
58.3980
65.1702
71.9712
63.9814
59.1984
57.0085
58.3947
53.9065
52.3635
51.9290
51.7139
51.2056
45.3962
48.6778
54.1216
47.9583
9.8957
14.8502
14.3684
14.0952
15.1035
15.7164
18.5955
17.2241
26.9170
27.4061
23.4912
20.7588
26.4243
27.8838
31.7603
37.8059
45.5472
44.8541
39.6781
44.6262
48.3054
57.4656
65.7657
66.4239
73.1894
68.1468
76.1680
76.1046
77.1375
77.6796
72.0759
68.8475
68.4792
59.9058
63.9145
62.7391
65.3335
64.6263
61.6530
55.2145
50.5495
52.4378
54.6909
61.3456
68.0473
59.8958
55.0065
52.6022
54.2072
50.1968
48.2737
48.5159
48.5358
47.9135
41.7319
44.6867
49.6551
43.6400
9.4141
11.0125
7.3051
8.9753
13.1793
15.8150
11.2902
19.3917
20.4014
15.7842
16.5281
22.6683
23.2311
26.2931
32.5171
41.8171
43.0840
36.9145
41.8654
44.4492
53.5590
62.2323
63.2052
69.5679
65.0564
73.1452
74.1111
74.4216
75.8892
70.4637
66.3194
65.1392
57.0471
61.6111
59.3500
61.2990
61.9509
60.0468
53.4957
49.0666
49.3755
50.9648
58.1062
63.9347
56.2886
51.9886
48.9654
49.7385
45.5288
44.6569
44.5667
45.1960
45.9259
39.1590
42.2068
47.4081
40.8822
4.9757
8.5476
12.9559
19.8019
24.3299
18.2418
24.7814
22.8744
18.3916
18.1950
26.1317
29.1494
31.4759
37.7889
47.1759
49.0888
42.2743
46.7737
48.8607
57.3898
66.7743
68.3897
74.6167
69.6696
76.8796
78.3326
78.8649
80.8625
75.1898
70.6764
68.3636
60.7999
66.4809
63.2214
64.0881
64.8154
63.8529
56.4099
51.4537
51.6930
52.6693
60.0445
66.0114
58.9037
54.9860
52.6046
52.7611
47.3334
47.4835
45.6452
45.7544
46.9386
41.0846
44.8943
51.3074
44.4537
7.6940
11.7940
18.2798
24.0661
18.0208
25.2123
21.8822
17.9478
15.3901
23.6481
28.0458
30.4943
36.8187
45.4982
46.9496
40.1735
44.4854
46.8414
55.2017
64.7059
66.4585
72.8242
67.4376
74.3000
75.5242
76.4196
78.2761
72.4370
68.1133
65.7396
58.1364
64.0303
60.8259
61.6380
61.8065
60.7550
53.0643
47.8825
48.6614
49.7682
57.0081
63.4082
56.1976
52.1342
50.2138
50.5637
44.8860
44.8134
42.6868
42.4342
43.2038
37.7399
41.7275
48.4497
41.6604
4.4647
11.8768
17.2259
10.5213
17.6466
15.3798
11.0853
10.3899
17.8124
20.7638
23.2513
29.6085
38.7163
40.5578
33.7345
38.2800
40.5079
49.1982
58.4318
59.9416
66.2459
61.2819
68.6988
70.0202
70.5035
72.4020
66.7795
62.3174
60.3339
52.5763
58.0197
54.9934
56.2473
56.8953
55.6705
48.5218
43.8142
43.9493
45.2095
52.4950
58.4638
51.0746
46.9877
44.4159
44.8429
39.8708
39.5252
38.4691
38.8715
39.9188
33.5080
37.0050
43.0392
36.2390
7.8583
13.5345
6.6851
14.3756
12.4583
8.5897
7.7657
13.9957
16.4140
19.1491
25.5171
34.4519
36.1675
29.4212
34.0712
36.4515
45.3136
54.3599
55.7235
62.0860
57.1785
64.8258
66.0168
66.4395
68.2184
62.6569
58.2691
56.6158
48.6898
53.8452
51.0820
52.6916
53.2948
51.8028
44.9525
40.4745
40.5536
42.0504
49.2295
55.1576
47.5640
43.3421
40.5689
41.2324
36.7160
35.9438
35.5988
36.2409
37.1440
30.3277
33.5020
39.1185
32.4070
7.6921
5.7625
14.3992
14.5633
12.5694
10.2520
11.9343
12.3755
16.3703
22.3115
29.9778
30.2397
24.3695
29.3635
32.7020
41.9460
50.2713
51.0764
57.7250
52.8203
61.0047
61.4304
62.0102
63.0681
57.5878
53.8209
53.3314
44.8402
48.9599
47.3859
50.0912
50.0061
47.3800
41.3069
37.2386
38.0169
40.3080
46.9536
53.1076
44.9406
40.1877
37.2428
38.8242
35.5039
33.3300
34.6739
35.4718
35.3875
28.1790
30.5199
34.9335
28.7915
7.6503
13.3895
17.9670
16.1523
17.1887
16.7060
12.1037
16.2098
21.2309
29.0784
29.2616
24.3955
29.6988
32.9732
42.4829
49.8284
49.9273
56.4214
52.4369
61.5151
61.8042
61.8124
62.5933
57.5870
53.9821
54.4550
45.8559
48.7008
47.9272
51.4588
51.9076
48.7516
43.8773
40.6555
40.8509
43.3305
49.6664
55.0752
46.8861
42.2006
38.3715
40.1730
38.2430
35.6614
38.5030
39.9538
40.0105
32.3343
33.7220
36.5065
30.9944
9.9476
12.2287
9.1657
11.4443
13.6627
11.9871
15.2258
21.3673
30.6091
32.3269
26.0329
31.0488
33.4988
42.7541
51.1477
52.0063
58.3287
54.0165
62.4109
63.4709
63.4770
65.0505
59.8011
55.5061
54.6406
46.4932
50.7225
48.5716
50.9406
51.8949
49.9024
43.9641
40.1649
39.8031
41.6012
48.5524
53.9773
46.1952
41.9001
38.3706
39.3296
36.0248
34.6659
35.8676
37.1472
38.0370
30.5259
32.8400
37.1681
30.8118
9.3084
8.8982
16.1234
14.9626
9.6703
9.9385
15.0603
25.8920
30.1603
23.4768
28.0055
28.7771
37.6298
45.8520
46.8549
52.5423
49.1590
57.7229
59.8109
58.8621
61.3268
56.5414
51.4013
50.0253
42.6193
46.9016
43.8430
45.7910
48.4046
47.4465
42.1589
39.2571
36.8557
37.9676
44.9814
48.9754
41.9124
38.4740
33.9943
34.0478
31.4722
31.1083
32.8400
35.1540
37.4493
29.5961
31.2294
34.7307
28.5372
4.8983
9.9356
9.5453
11.2882
10.8420
16.3849
25.9728
30.3300
22.6566
26.4759
27.0887
35.3153
44.7311
46.6616
52.4680
47.9334
55.2536
57.5925
57.3075
60.1712
54.8694
49.4904
46.8152
39.7117
45.6170
41.4639
42.2360
44.3167
44.2306
37.5787
33.8356
31.6824
32.3633
39.8107
44.6066
37.6902
34.3318
30.9939
30.6157
26.0820
26.5614
26.1768
27.8774
30.4999
23.2280
25.9832
31.4528
24.5718
9.0957
11.9830
13.2053
13.9858
19.9939
29.9315
33.6737
26.2509
30.4690
31.5167
39.9888
49.2472
50.9554
56.8488
52.4140
59.9421
62.0600
61.8379
64.4562
59.1406
53.9721
51.5726
44.2825
49.8999
46.1118
47.0839
48.9672
48.5389
41.8587
37.9009
36.2755
37.0912
44.5278
49.4810
42.4772
38.9528
35.6368
35.4436
30.9287
31.2245
30.7597
32.1738
34.4469
27.2803
30.2121
35.7001
28.8262
8.3878
15.0035
16.9898
22.9443
30.6032
32.4010
25.2653
29.2842
31.5689
39.8870
49.3749
51.2319
57.6179
52.0683
58.9645
60.2488
61.0346
63.0307
57.2366
52.7480
50.4991
42.7882
48.7319
45.4573
46.5669
46.7444
45.6829
38.2597
33.4747
33.7414
35.1555
42.3213
48.6670
41.1356
36.9403
34.8605
35.4655
30.2836
29.6059
28.4812
28.7689
29.6007
23.1323
26.7396
33.1962
26.3437
9.4129
10.8484
15.9054
22.3660
24.2389
16.9400
20.9079
23.3675
31.9210
41.1719
42.8985
49.3644
43.8230
51.0477
52.2206
52.8601
54.7908
49.0926
44.5946
42.8162
34.8328
40.4398
37.4480
39.1646
39.3280
37.9280
31.0707
26.8876
26.7372
28.6322
35.5485
41.7425
33.8301
29.4013
26.9238
27.9982
23.8311
22.1614
22.7676
23.7345
24.3906
16.9019
19.6138
25.2367
18.4430
4.4846
9.9565
18.6321
21.2651
14.6126
19.5623
21.7500
31.1350
39.2179
40.0393
46.3458
42.1212
50.7670
51.9631
51.6546
53.4180
48.3488
43.8269
43.2837
35.1229
39.0314
36.9311
39.8186
41.0795
39.0590
33.9967
31.2071
29.8774
31.9531
38.4449
43.3311
35.4297
31.1903
27.0372
28.3184
26.4705
24.3028
27.4692
29.5905
30.6161
22.5676
23.5307
26.3789
20.4675
6.3688
16.3702
20.8562
13.7702
18.0946
19.0724
28.1905
36.4946
37.6137
43.6165
39.6424
48.1538
49.9714
49.2736
51.6182
46.6944
41.6364
40.5365
32.8298
37.1326
34.2531
36.6933
38.7907
37.5398
32.5944
30.1892
27.7010
29.3145
35.9139
40.1657
32.6485
28.9094
24.3703
25.0409
23.3347
21.8519
25.0613
27.6805
29.5254
21.4998
22.2018
24.8883
18.9755
11.0998
17.4208
11.1737
14.4910
14.2698
23.1670
30.8532
31.8138
37.5908
34.1459
43.0217
45.1103
43.8781
46.4677
41.9085
36.5931
35.8196
28.4049
32.1135
29.2464
32.1152
34.9150
33.8027
30.0257
28.7695
25.2052
26.7875
32.7466
36.0374
28.7771
25.4644
20.1103
20.7742
20.9529
19.1605
24.0107
27.2886
29.3560
21.6764
21.0482
21.8026
17.0380
9.1099
7.2210
6.2368
5.8699
14.4092
20.8103
21.4152
27.8009
23.6979
33.0493
34.3986
33.3475
35.4575
30.9203
25.9643
26.6778
18.7468
21.1409
19.6012
24.3336
26.1137
23.8935
22.2475
22.9292
19.4756
22.0699
25.9906
29.0596
21.4054
17.8209
12.1297
14.8908
18.7226
14.4124
22.3171
25.6179
26.3985
20.2396
17.1497
13.5666
12.3790
7.8597
7.1879
12.1104
18.7391
23.0381
22.4804
29.6065
24.6184
33.9594
33.0520
33.3260
33.3792
28.4665
25.6304
28.6941
19.7786
19.9138
21.8862
28.1432
26.9326
21.7919
21.1384
21.8709
21.7183
25.6788
28.3735
32.8861
24.5991
19.7700
16.1630
20.7477
24.3091
18.1990
26.2552
28.4707
27.0096
21.5982
18.1031
12.9959
13.7970
5.3153
9.8746
18.9416
26.1594
26.8779
33.7086
28.5150
37.1885
37.6084
37.7316
39.0314
33.8091
29.7057
30.3586
21.5697
24.7266
23.7777
28.1955
28.1206
24.9419
21.4649
20.4737
19.3367
22.6908
27.3515
32.3667
23.8649
19.0081
14.9307
18.2946
19.5820
14.4103
21.2889
23.7038
23.3363
16.4229
14.1920
12.9598
9.5862
6.1844
14.1275
21.3149
22.4223
29.2840
23.5432
31.9256
32.4555
32.6493
34.2141
28.8978
24.5288
25.1213
16.2693
19.7874
18.5852
23.3008
22.9837
19.9271
17.1228
17.2929
15.4904
19.0656
22.8163
27.6210
19.1009
14.2675
10.2320
14.3981
17.1491
11.2078
19.2843
21.8509
21.3844
15.7075
12.1072
8.3135
7.4033
9.5152
17.9241
19.9085
26.0805
20.9087
29.1052
31.1537
30.3795
33.3108
28.4333
22.7234
21.8493
14.1460
18.8241
15.2353
18.9935
20.9780
20.1111
17.7642
18.8045
14.0864
16.3915
20.2436
23.4550
15.6742
12.3531
6.4144
9.2379
13.6741
9.3018
17.5643
21.0186
22.2139
17.0838
13.4819
9.8235
9.3923
10.3631
14.3194
19.3206
13.4387
20.1717
23.6237
22.3305
26.7269
22.2815
15.2804
12.7425
7.4020
13.5158
6.4458
10.0630
13.7629
15.4616
15.7911
19.3403
13.0437
14.0869
14.5407
15.1902
8.9876
9.0552
5.4887
6.6587
14.6154
11.9301
19.0058
22.3129
23.7496
21.6292
17.3890
11.9010
15.3597
5.3544
9.2639
4.0613
13.5082
16.7243
13.4169
18.1477
15.5437
8.6520
11.2658
10.6856
8.3378
6.6954
13.0102
15.8822
16.1735
21.5274
26.6632
21.9335
23.0824
20.5386
18.1828
15.7890
17.0971
15.3157
16.7751
24.8006
21.9600
28.9792
31.9206
32.5179
31.2046
26.5623
19.1901
24.3863
7.2294
5.5951
16.1410
17.4386
13.7163
16.6014
14.9693
10.2827
16.0257
14.4435
8.1891
11.4170
18.3428
20.1681
18.4343
24.6846
29.7770
25.9097
27.6250
25.3602
23.4914
20.6484
21.0191
18.6780
20.8680
28.9227
25.4066
33.0770
36.0146
36.1465
34.2588
29.5037
21.4927
26.7743
8.6061
14.9222
17.6767
11.6996
16.1489
17.0766
13.0660
17.7890
19.6212
13.9591
15.6849
20.5069
23.6017
23.4882
30.2427
35.6413
31.1679
32.0909
28.9573
24.9026
24.5593
26.3196
24.3821
25.4690
33.6089
31.0927
38.0832
41.1049
41.7312
40.3767
35.7127
28.0479
33.2619
10.8856
12.9047
9.7729
14.1232
11.7185
5.3190
11.0173
11.5125
6.5863
8.3270
14.6393
15.5589
14.9477
21.8028
27.3949
23.6150
25.0479
21.4827
19.3131
17.4342
18.6439
17.9362
19.8889
27.6363
24.3892
31.2976
33.8668
33.8255
33.1608
28.3706
20.5978
26.4961
8.3701
6.5610
13.5447
12.6274
8.8557
9.2645
16.3429
14.8960
13.9178
15.0755
14.5637
17.3237
24.3258
30.2750
26.8308
27.1851
21.0620
16.8863
19.3323
22.5053
24.3497
25.1800
31.7099
29.6568
34.4884
36.3100
36.2009
37.8184
33.3434
26.7866
32.9108
6.8695
7.4076
6.0353
8.6872
14.5271
18.0836
13.6550
17.2866
20.8881
16.8474
15.4758
24.2112
30.3056
29.0556
30.6386
24.5442
23.1226
23.2471
24.6250
26.8892
29.1951
35.5563
32.0553
37.5761
38.9000
37.3541
39.1057
34.4033
27.0798
33.9257
8.0325
9.5385
8.5448
14.2136
18.7144
13.5071
16.2241
19.8544
19.0405
18.9906
27.2622
33.3303
30.4974
31.5717
26.0977
22.6996
23.6398
25.7525
26.6537
28.2773
35.4883
32.5927
38.5404
40.5433
39.9985
40.8167
36.0584
28.4985
34.9353
6.5136
11.7983
20.1155
22.1053
14.5638
20.8893
26.0414
22.9859
19.8413
29.0346
35.0186
33.9356
35.9574
30.6566
29.1360
28.4777
29.1870
30.2320
32.9917
40.0322
35.9977
42.5250
44.1688
42.5060
43.2484
38.3551
30.2418
37.0855
7.7407
16.3939
16.7268
9.9497
16.5805
22.2061
17.7428
13.4485
22.6993
28.6248
28.0949
30.4995
25.4390
25.4647
23.4695
23.4839
25.0539
28.2667
34.8141
30.3831
36.8382
38.2584
36.2413
37.1063
32.2436
24.2603
31.2254
9.6320
10.6056
6.1361
9.1987
14.8952
12.6604
11.2057
19.2502
25.2243
22.6789
24.4381
19.7651
18.7697
16.8685
17.8168
18.8435
21.3005
28.2801
24.6198
31.0177
32.9758
32.1160
32.5274
27.6992
19.9889
26.5462
9.2303
13.5321
7.3522
6.4274
7.1733
13.0283
17.1543
22.6096
17.9766
17.9758
12.3429
9.1965
10.1046
13.9417
16.2817
16.5979
22.5615
20.9285
25.2825
27.2506
27.7406
29.1954
24.9733
19.5050
24.8998
9.7070
4.7414
10.0553
7.9662
8.2135
10.9112
16.1423
12.3144
14.5192
11.9426
14.4695
8.0639
7.3325
8.9586
11.9538
18.0944
14.0860
20.5807
22.7100
22.3131
22.1581
17.4352
10.5961
16.5892
9.3549
17.1016
14.9934
10.7665
18.1298
23.5831
21.5447
24.1715
21.1775
21.8321
17.4964
16.6287
16.3048
19.8585
26.9534
22.2937
29.7911
31.9497
30.7979
29.9290
24.9779
16.5399
23.0140
8.1170
9.9775
11.8850
15.5230
20.6065
15.6189
16.7549
13.9805
13.3521
9.3149
10.7991
10.6387
12.2018
19.5321
16.6587
23.0548
25.6820
26.1869
25.6696
21.1007
14.4671
19.7922
9.4337
16.3781
17.3045
21.5981
14.9924
13.7157
9.9249
5.5267
6.4615
11.8187
13.3140
11.7721
17.3453
17.2454
20.7720
23.2959
25.1967
26.0390
22.3300
18.4421
22.3069
8.8825
10.8386
16.2952
13.3384
14.2185
7.8161
10.7780
7.9957
10.0550
14.8525
16.1715
20.2486
17.7554
21.3437
22.4172
21.7392
24.3267
20.2540
15.7348
21.2229
9.2711
15.2037
15.7172
18.8996
14.8909
19.2893
13.9046
11.9276
15.5848
19.3497
23.8710
18.9442
24.5676
25.4094
22.8443
24.2844
19.6383
12.8789
19.7387
6.1191
8.4713
12.4548
11.1857
19.1651
11.7944
7.6255
13.0143
16.3204
17.6841
12.7964
16.6348
16.7166
13.5801
15.8100
11.7411
8.8328
13.6431
8.4491
12.4775
14.0942
22.9373
15.3560
10.6985
15.1653
17.9964
16.6675
12.0453
13.7910
12.8055
8.1742
10.9859
8.1776
10.2238
11.7615
4.8555
8.9873
16.5822
8.5682
5.0090
9.1249
10.1572
9.2940
6.0792
8.8618
10.4289
10.8950
11.4207
8.0450
9.3015
10.2939
7.6750
14.1210
8.0278
7.9750
11.2555
9.7920
7.3535
8.3258
7.4872
9.5862
12.5118
13.7721
11.6948
13.7815
13.9468
9.1606
5.6308
8.6334
13.9352
13.4086
14.5826
14.1454
14.9091
15.8402
16.6963
19.9120
16.9234
15.8730
18.9866
8.8830
14.7194
17.4945
15.2707
18.7252
19.9046
21.2273
23.1477
25.4026
27.6106
24.5115
22.0697
25.4377
5.9000
9.3226
8.7445
12.7728
11.6732
15.1955
17.4446
18.8569
19.7971
16.1134
13.2722
16.7188
6.3541
8.7891
11.9446
7.8210
13.4064
15.4125
15.4439
15.3722
11.0411
7.5599
11.4721
5.3456
11.1419
6.7677
14.7778
17.9809
19.1203
16.2573
12.0276
7.6705
9.9513
8.2074
7.8374
13.3749
17.2108
20.1342
17.5963
14.3844
12.5750
13.0877
6.8667
6.1408
10.4657
15.2802
12.7294
11.7859
15.2276
12.4754
8.7112
11.8527
13.5363
9.9204
6.6370
8.5232
6.3068
4.3720
9.9273
9.0672
9.8449
16.0941
12.7433
6.7474
8.8549
10.6958
17.8177
14.7312
8.0709
9.3464
16.2007
14.2056
4.9626
13.6220
8.4516
8.6963
4.8617
7.0439
