# Pairwise distances between all Valine CB atoms (in Å)
9.1170
8.2520
13.5148
18.6432
18.2074
18.8128
19.2743
18.8504
13.1529
15.2747
16.8340
14.8272
11.5148
17.4029
22.2816
23.4351
26.7250
24.7126
32.2021
23.4349
19.9613
20.5538
19.1845
15.6678
10.3200
14.9312
14.1644
19.1807
16.3438
19.7347
24.8623
26.2297
30.6361
34.7552
36.1909
46.2185
49.1613
58.3785
60.2858
66.8762
60.3342
70.6159
69.4522
68.6031
73.5125
83.0823
87.8779
79.0363
82.2288
88.1050
90.8538
88.6138
97.0937
94.8696
101.5329
102.2249
94.3650
92.2350
99.5962
96.9856
103.0514
106.0679
103.4146
103.2323
108.2109
115.4830
111.5247
109.7546
114.9250
123.8162
129.0263
136.2059
130.3671
133.5946
141.2231
139.9983
143.8368
140.9898
139.2179
143.8915
148.9517
146.4721
151.6585
155.9448
158.9211
154.3168
149.8343
148.1110
142.9554
147.6674
157.0003
155.3195
150.1855
152.2894
154.7840
150.1402
157.0843
157.8341
154.8714
157.4452
163.9076
164.3279
162.3991
171.0567
166.6939
160.9515
165.3871
166.6482
160.4212
162.9642
159.1601
160.1673
159.2167
167.9546
161.6768
160.2870
166.0899
166.8614
166.1575
7.0035
8.6072
12.8711
9.5281
9.9488
12.1015
12.9955
5.8177
6.6436
8.3203
8.3366
9.5071
14.4356
20.5011
24.8301
25.8082
24.1680
32.4532
22.8702
22.7668
24.5509
19.6926
16.4204
15.1062
18.9315
21.3817
27.4176
24.0281
26.4353
32.7400
34.5625
39.2106
42.8626
43.4687
53.7879
57.3749
66.3509
68.1424
74.6962
67.7026
77.8940
77.1784
76.6154
81.9250
91.3905
95.9182
86.9293
90.2825
96.0233
99.0456
96.4705
105.0297
102.7762
109.6348
110.4823
102.6018
100.6088
108.1286
105.3900
111.4469
114.3033
111.4379
111.3763
116.0435
123.5509
119.4419
117.4851
122.6344
131.7208
137.0233
143.9493
138.0751
141.3551
149.0414
147.6790
151.6055
149.0731
147.1073
151.6043
156.7087
154.4538
159.5012
163.8048
166.9967
162.3846
158.0219
156.2464
151.2630
155.9972
165.3533
163.5174
158.3725
160.3737
162.7055
158.0686
164.9990
165.8812
163.0257
165.6287
172.0962
172.3983
170.3823
178.8833
174.7272
169.0244
173.5050
174.9046
168.7868
171.3075
167.5872
168.6225
167.8377
176.4916
170.2249
168.9227
174.7450
175.5889
174.8736
5.4855
10.8200
12.3298
15.1348
14.1821
18.2430
10.5878
13.1162
12.9667
9.8316
5.3937
9.6932
15.9147
18.5335
20.6181
19.9840
28.5531
20.0067
18.5582
18.9905
14.6983
12.3673
10.8256
12.4433
16.0923
23.1726
18.6212
20.4519
27.2296
29.8319
35.2816
38.6269
38.7997
48.8207
52.7291
61.2509
63.5420
70.3477
63.1300
73.1322
72.3340
72.0171
77.5827
87.0767
91.1889
82.3959
86.0739
91.7976
95.1807
93.0323
101.4462
98.8926
105.9496
106.7445
98.9001
96.8987
104.2676
102.1720
107.9702
111.4256
108.2710
107.9211
112.6390
120.1716
115.8916
113.8171
119.3663
128.3903
133.3960
140.1035
134.4646
137.9182
145.3698
144.3675
148.0720
145.6612
143.7978
148.3814
153.5941
151.2623
156.1411
160.4814
163.7593
159.2267
154.7128
152.7816
147.8125
152.6122
161.9407
160.0197
154.6740
156.8320
159.0356
154.2315
160.9717
161.7484
159.0552
161.5633
168.1413
168.1550
166.3192
174.9490
170.7795
165.1382
169.8265
171.1158
165.1841
167.3846
163.8331
165.0914
164.1980
172.8897
166.8188
165.4421
171.0267
172.0255
170.9981
6.0276
8.5229
13.0070
11.6092
18.3827
10.6204
12.4417
10.9532
7.9197
5.9514
6.5779
13.8024
18.4048
18.7426
18.9865
27.9310
19.6240
20.2905
21.0837
14.7402
13.3939
14.6866
15.0797
20.4409
27.8549
23.0635
24.0970
31.4194
34.4296
40.1374
43.1391
42.7407
52.7058
57.0450
65.2192
67.6144
74.4572
66.9330
76.7617
76.2011
76.1404
82.0028
91.4247
95.2188
86.4383
90.3175
95.9426
99.6074
97.4196
105.8143
103.1403
110.3715
111.2364
103.4044
101.4809
108.8743
106.9354
112.6322
116.2009
112.8275
112.4467
116.9943
124.6661
120.2404
118.0147
123.6890
132.7978
137.7455
144.2123
138.6455
142.1917
149.5848
148.6334
152.3062
150.1314
148.1911
152.6963
157.9720
155.7488
160.4788
164.8404
168.2781
163.7723
159.2769
157.2585
152.3996
157.2333
166.5601
164.5172
159.0935
161.2473
163.3034
158.4437
165.0980
165.9137
163.3493
165.8368
172.4560
172.2870
170.4696
179.0477
175.0017
169.4115
174.2029
175.5326
169.7387
171.8040
168.3676
169.7251
168.8870
177.5406
171.5514
170.1978
175.7024
176.7993
175.6484
8.5943
13.0579
9.0632
18.6158
12.1657
14.8848
13.5446
12.1940
11.7502
9.1313
16.2679
20.9691
20.4837
22.3445
31.3016
23.8857
25.3289
25.5885
18.8537
18.5492
20.3822
19.3202
25.2483
32.9475
27.2693
28.2249
35.0440
37.8860
43.5664
45.9215
44.6856
54.7066
59.6887
67.5094
69.6658
76.3994
68.4652
78.0814
78.0152
78.2844
84.6246
93.8381
97.2550
88.3515
92.4195
97.8463
101.8825
99.4111
107.8166
105.0489
112.5278
113.5741
105.7555
104.0195
111.5776
109.6395
115.2202
118.7807
115.0369
114.7112
118.8843
126.8197
122.1743
119.7093
125.4598
134.7466
139.7013
145.7962
140.2648
143.9133
151.2867
150.2894
153.9839
152.2308
150.0917
154.4107
159.7666
157.7880
162.2816
166.6681
170.3960
165.9175
161.5285
159.3931
154.7758
159.6532
168.9878
166.7097
161.2222
163.2854
165.0995
160.2141
166.7965
167.7538
165.3622
167.8646
174.5009
174.1274
172.2343
180.6360
176.8446
171.3276
176.2216
177.7019
172.1185
174.0671
170.7956
172.2558
171.6425
180.1621
174.2617
173.0246
178.4836
179.7484
178.4994
6.1159
8.5043
14.6237
8.8194
7.7012
5.8557
7.9576
12.4960
13.2802
19.3355
25.9439
24.5775
24.1674
32.6722
23.7466
26.4916
28.5435
21.2925
19.4153
21.3914
23.3210
28.1417
35.0428
30.9228
32.2902
39.4704
41.9811
47.1718
50.2788
49.9599
60.2498
64.5662
73.0164
74.9765
81.6116
74.0888
84.0211
83.7027
83.5639
89.3935
98.7567
102.7598
93.7652
97.4618
103.0441
106.5513
103.8987
112.4370
109.9769
117.1437
118.1167
110.2457
108.3868
115.9680
113.4884
119.3775
122.4300
119.1770
119.0647
123.4376
131.1957
126.8308
124.6110
129.9751
139.2178
144.4305
150.9460
145.1863
148.6257
156.2212
154.9363
158.8157
156.6952
154.5887
158.9474
164.1625
162.1013
166.8923
171.2344
174.7093
170.1403
165.8136
163.8869
159.0970
163.8931
173.2533
171.2004
165.9217
167.9099
169.9861
165.2557
172.0473
173.0050
170.3678
172.9411
179.4797
179.4733
177.4780
185.8847
181.9465
176.3283
180.9849
182.4635
176.5808
178.8769
175.3526
176.5563
175.8793
184.4661
178.3343
177.0784
182.7721
183.7887
182.8668
7.7135
9.3510
6.6701
5.4700
7.5899
12.0862
16.7291
18.7919
25.1261
31.2213
30.4479
29.6782
38.0750
28.6884
30.8193
32.9274
26.4099
23.9100
24.4912
27.2886
30.9142
37.2976
33.3460
35.5679
41.8591
43.4894
47.9534
51.0939
50.9781
61.5694
65.7338
74.5713
75.9231
82.2692
74.8975
84.9811
84.8489
84.5311
90.2469
99.5062
103.8384
94.5990
98.0071
103.5503
106.7959
103.6578
112.3254
110.1351
117.1681
118.2471
110.3507
108.5635
116.3513
113.2492
119.3368
121.8252
118.7236
118.8978
123.1155
130.9131
126.6556
124.4935
129.4894
138.8259
144.3228
150.9597
144.9789
148.2715
156.0856
154.4427
158.5375
156.4103
154.1525
158.3806
163.5095
161.5855
166.4718
170.7825
174.2521
169.6181
165.4702
163.6599
158.9344
163.6790
173.0647
171.0196
165.9233
167.7282
169.8649
165.2980
172.2641
173.3692
170.6115
173.2879
179.7142
179.9540
177.7473
185.9740
182.1151
176.4553
180.9284
182.5639
176.5636
179.1478
175.5065
176.5208
176.0413
184.5341
178.2417
177.1079
183.0249
183.9543
183.3161
10.5796
7.4745
11.7039
13.1622
15.2469
17.0564
17.3141
24.5932
29.2850
29.2535
30.1678
39.0805
30.5668
31.7140
32.4169
26.3207
24.7849
24.9272
25.6200
29.7737
36.8287
31.3554
33.6693
39.2109
40.6786
45.2786
47.6291
46.5836
57.1735
62.0400
70.4479
71.6258
77.9168
70.1127
79.9620
80.2748
80.3240
86.5892
95.6341
99.4960
90.1742
93.8437
99.1877
102.9030
99.6293
108.2563
105.8755
113.2151
114.4587
106.5869
104.9903
112.9079
110.0238
115.8955
118.6095
115.0143
115.1332
119.0054
127.0683
122.5338
120.1040
125.3212
134.8023
140.1958
146.4079
140.5418
143.9939
151.7033
150.1545
154.1835
152.5028
150.0932
154.1825
159.4316
157.7071
162.3016
166.6505
170.4329
165.8574
161.7533
159.7675
155.2888
160.1028
169.4870
167.1728
161.9413
163.7132
165.5720
160.9228
167.7599
168.9677
166.4267
169.0891
175.5659
175.5216
173.2946
181.3970
177.7727
172.2031
176.8460
178.5924
172.8684
175.2280
171.8096
173.0070
172.7304
181.0921
174.9631
173.9288
179.7175
180.8835
180.0390
7.9314
11.0471
15.5078
19.2737
21.8962
24.9277
31.9332
36.3159
37.0863
36.4670
44.9998
35.4562
35.7228
37.0338
32.1581
29.2959
27.5207
30.4549
32.2525
37.8696
33.6528
37.1515
41.5035
41.6409
44.9055
47.7655
47.7433
58.5701
62.6031
71.8066
72.1925
78.0468
70.8941
81.0695
81.2737
80.7682
86.4112
95.4017
100.0764
90.5215
93.5504
98.9666
101.9351
98.1238
106.9172
105.0598
111.9490
113.2077
105.3144
103.6845
111.7650
107.8850
114.1546
115.9519
112.9244
113.4611
117.3837
125.2668
121.1017
118.9721
123.5179
132.9779
138.8084
145.5118
139.2766
142.4012
150.4606
148.3825
152.7298
150.6872
148.2076
152.2376
157.2734
155.5648
160.5028
164.7742
168.2987
163.6032
159.7008
158.0018
153.4306
158.1174
167.5207
165.4200
160.5400
162.0941
164.2490
159.8880
167.0489
168.3682
165.4972
168.3051
174.5802
175.0940
172.6018
180.5568
176.8491
171.1611
175.4213
177.2866
171.2086
174.1171
170.3815
171.1913
171.0389
179.3519
172.9031
171.9661
178.1365
179.0223
178.7083
6.7155
10.0028
12.1608
14.0093
17.1787
24.1118
28.5024
29.2733
28.6267
37.2400
27.8862
28.1260
29.4058
24.2460
21.5431
20.3375
22.9983
25.6730
31.9310
27.6120
30.4311
35.9245
37.1269
41.3926
44.5027
44.5100
55.1354
59.1959
68.1421
69.3792
75.6952
68.4279
78.5744
78.3690
77.9710
83.6324
92.8827
97.2974
88.0429
91.3921
96.9579
100.1451
97.0499
105.7084
103.5268
110.5276
111.5891
103.6925
101.8959
109.6865
106.5931
112.6708
115.2101
112.1089
112.2544
116.5277
124.2879
120.0505
117.9258
122.9374
132.2356
137.7099
144.4063
138.4295
141.7141
149.5150
147.9124
151.9812
149.7911
147.5738
151.8485
156.9757
154.9977
159.9067
164.2167
167.6486
163.0197
158.8420
157.0323
152.2831
157.0291
166.4130
164.3831
159.2838
161.1082
163.2762
158.7071
165.6834
166.7663
163.9820
166.6581
173.0801
173.3550
171.1547
179.4148
175.5089
169.8389
174.3034
175.9171
169.9047
172.4925
168.8411
169.8570
169.3730
177.8657
171.5804
170.4449
176.3575
177.2960
176.6570
4.9268
9.3087
14.2367
18.0705
23.7632
29.6882
29.3093
27.4081
35.4304
25.5872
27.2913
29.9346
23.9855
20.7543
20.8438
24.9528
27.7909
33.5785
30.6256
32.8570
39.3681
41.0984
45.5098
49.1734
49.7451
60.1861
63.7931
72.8528
74.4420
80.8762
73.8675
84.0807
83.5177
82.9347
88.2253
97.6456
102.2677
93.1782
96.4370
102.1421
105.0768
102.2317
110.8633
108.7376
115.5510
116.4595
108.5678
106.6128
114.2234
111.1704
117.3374
119.8697
117.0939
117.1970
121.7526
129.3026
125.2368
123.2836
128.2373
137.3971
142.8575
149.8055
143.8194
147.0314
154.8363
153.2677
157.3204
154.8207
152.7553
157.1569
162.2181
160.0652
165.1502
169.4383
172.6466
167.9971
163.7418
162.0277
157.0847
161.7901
171.1592
169.3258
164.2745
166.1748
168.5197
163.9641
170.9721
171.9373
169.0400
171.6916
178.1081
178.5060
176.3878
184.7821
180.6928
174.9758
179.3712
180.8572
174.6836
177.3445
173.5692
174.5068
173.8086
182.4236
176.0695
174.8212
180.7558
181.5403
180.9669
5.6616
12.2306
15.2828
20.1293
27.0227
25.7034
23.6355
31.5086
21.8335
24.7640
27.8487
20.9769
18.0789
19.8679
23.6533
27.5246
33.6178
30.8371
32.2401
39.6843
42.1954
47.1783
50.8860
51.3540
61.5552
65.2330
74.0094
76.0961
82.7544
75.6486
85.7518
85.0286
84.5648
89.8990
99.4162
103.8153
94.9233
98.3864
104.1321
107.2316
104.7502
113.2902
110.9796
117.8708
118.6886
110.8155
108.7917
116.2313
113.6227
119.6627
122.5814
119.7399
119.6420
124.3306
131.8347
127.7107
125.7302
130.9322
140.0176
145.2813
152.1639
146.3307
149.6387
157.2936
155.9723
159.8774
157.3556
155.4076
159.9076
165.0214
162.7610
167.7972
172.1048
175.2957
170.6881
166.3028
164.5192
159.5100
164.2460
173.5953
171.7796
166.6066
168.6422
170.9611
166.2924
173.1796
174.0298
171.2081
173.7835
180.2796
180.5127
178.5535
187.0858
182.9260
177.2342
181.7518
183.1143
177.0045
179.4709
175.7636
176.8241
175.9574
184.6557
178.4044
177.0544
182.8344
183.6571
182.8918
7.2154
10.6326
14.8469
21.5898
20.4577
18.1741
26.2526
16.6393
19.3423
22.3643
15.3216
12.5250
15.2190
18.6447
23.1182
29.4517
26.7505
27.4903
35.5577
38.7356
44.2259
47.9833
48.4772
58.3239
61.9466
70.4492
73.0361
79.9080
72.8193
82.8072
81.8260
81.4267
86.7321
96.3367
100.5473
91.8967
95.5313
101.3317
104.5531
102.5286
110.9371
108.4345
115.3654
116.0615
108.2251
106.1149
113.3440
111.2455
117.1279
120.5100
117.6121
117.2675
122.1475
129.5516
125.3911
123.4188
128.8962
137.8507
142.8717
149.7258
144.0721
147.4730
154.9429
153.9271
157.6447
155.0456
153.2641
157.9055
163.0683
160.6468
165.6454
169.9691
173.1038
168.5501
164.0019
162.1462
157.0466
161.8117
171.1287
169.3499
164.0467
166.2460
168.5621
163.7724
170.5285
171.2315
168.4724
170.9608
177.5357
177.6169
175.8410
184.5464
180.2726
174.6044
179.2443
180.4507
174.4034
176.6580
173.0182
174.2129
173.1535
181.9395
175.8103
174.3458
179.9486
180.8172
179.8413
6.7576
11.4184
15.6517
16.5523
15.0169
23.5830
14.7884
14.6785
16.2259
10.2817
7.7983
9.4289
11.4947
16.4979
23.4661
20.0137
20.4915
28.6701
32.2396
38.1480
41.7428
42.1135
51.6758
55.3698
63.6265
66.4979
73.5022
66.3856
76.2600
75.1514
74.8450
80.2385
89.8507
93.8571
85.3482
89.1375
94.9384
98.3284
96.6145
104.9081
102.2326
109.2450
109.8896
102.0879
99.9618
107.0794
105.3899
111.1017
114.8781
111.8212
111.2805
116.2300
123.6072
119.3670
117.3557
123.0758
131.9516
136.7721
143.5302
138.0275
141.5224
148.8347
148.0623
151.6262
149.0570
147.3675
152.0875
157.3075
154.8057
159.7160
164.0571
167.2137
162.7141
158.0591
156.1137
151.0080
155.8089
165.1012
163.2855
157.8645
160.1699
162.4299
157.5424
164.1858
164.8089
162.1307
164.5597
171.1943
171.1259
169.4648
178.2644
173.9536
168.3189
173.0738
174.1981
168.2559
170.3203
166.7757
168.1033
166.9731
175.7792
169.7739
168.2627
173.7177
174.6823
173.5198
7.5552
12.7505
12.2096
13.4223
22.4247
15.5040
16.8039
17.2495
9.8314
10.4685
14.2977
12.6264
19.7159
27.2892
22.7026
22.1671
30.5585
34.7109
41.1182
44.0203
43.4461
52.7348
57.1213
64.6973
67.8314
74.9371
67.3657
76.8985
76.0835
76.2145
82.1113
91.5877
94.9934
86.5842
90.7533
96.3932
100.3030
98.7014
106.8904
103.9374
111.2546
111.9808
104.2260
102.2193
109.3151
108.0910
113.5408
117.7142
114.2236
113.5235
118.2460
125.8151
121.3088
119.0478
125.0947
134.0459
138.6588
144.9933
139.6899
143.3773
150.5048
149.9534
153.3762
151.1851
149.4322
154.0785
159.4255
157.0419
161.6709
166.0526
169.4650
165.0405
160.3543
158.2232
153.2894
158.1613
167.4327
165.4054
159.8002
162.1575
164.1588
159.1338
165.5804
166.2187
163.7831
166.1473
172.8741
172.4451
170.8746
179.6453
175.5024
169.9667
174.9420
176.0831
170.4174
172.1663
168.8560
170.4118
169.3376
178.0859
172.2816
170.7862
176.0328
177.2096
175.7529
9.1192
5.6125
6.4911
15.2207
10.3519
13.2904
14.3053
5.9828
9.2217
15.6681
13.5139
20.8848
27.6298
24.4438
22.2071
31.5932
36.8134
43.6528
46.7569
46.4717
54.8808
58.8889
65.9388
69.9017
77.2404
69.9073
79.1540
77.8540
78.0047
83.6207
93.1955
96.3908
88.4763
92.8019
98.5225
102.4517
101.5573
109.5086
106.3553
113.5904
114.0839
106.4329
104.2543
110.9323
110.3969
115.6554
120.3778
116.9966
115.9743
121.0362
128.3451
123.8943
121.7294
128.0625
136.7488
141.0293
147.4079
142.3520
146.1111
152.9795
152.8287
155.9986
153.5804
152.1116
156.9727
162.3333
159.6799
164.3267
168.7056
171.9362
167.5821
162.6695
160.4988
155.3744
160.2474
169.4414
167.5615
161.8278
164.4236
166.4935
161.3330
167.5996
167.9897
165.5968
167.8263
174.6370
174.0571
172.7736
181.8056
177.4466
171.9373
177.0283
177.9039
172.2595
173.7586
170.4887
172.1776
170.7461
179.6477
173.9835
172.2853
177.2943
178.4489
176.7479
7.2301
10.3033
16.2714
14.9573
12.5979
9.4588
7.8959
12.1060
15.4270
9.5775
16.5866
22.9199
19.1786
15.6239
24.6203
30.5090
37.6943
40.3562
39.8572
47.3728
51.3840
57.8319
62.2697
69.7233
62.4709
71.3962
69.8808
70.1741
75.8373
85.3430
88.2134
80.5971
85.1153
90.7973
94.9252
94.5054
102.2254
98.8525
106.1393
106.5454
98.9979
96.8018
103.2580
103.3100
108.2978
113.5339
109.9802
108.6889
113.8362
121.0503
116.5270
114.3339
120.9602
129.4839
133.4733
139.7185
134.8844
138.7486
145.3812
145.5579
148.5109
146.1165
144.7869
149.7448
155.1568
152.3929
156.9218
161.3085
164.5414
160.2695
155.2265
152.9508
147.8218
152.7235
161.8566
159.9466
154.0776
156.8114
158.8151
153.5414
159.6453
159.9196
157.6305
159.7744
166.6471
165.8825
164.7583
173.9046
169.4917
164.0350
169.2588
170.0161
164.5119
165.7633
162.6179
164.4719
162.9388
171.8521
166.3593
164.5984
169.4036
170.6729
168.7359
7.0625
13.3289
12.6868
14.7994
14.4400
8.7169
13.1784
19.1225
15.2853
22.6427
28.9631
25.7935
22.5202
31.7652
37.5592
44.6787
47.4358
46.8377
54.4973
58.6083
64.9673
69.4291
76.8739
69.5101
78.3678
76.9638
77.3398
83.0440
92.5344
95.3013
87.7239
92.2957
97.9460
102.1369
101.6726
109.4099
106.0199
113.3447
113.7630
106.2186
104.0297
110.4683
110.5329
115.5278
120.7389
117.1793
115.9052
121.0070
128.2598
123.7085
121.4725
128.1104
136.6713
140.6573
146.8279
142.0151
145.9031
152.5244
152.7025
155.6569
153.3236
151.9723
156.9009
162.3266
159.5970
164.0946
168.4862
171.7542
167.4850
162.4469
160.1579
155.0417
159.9461
169.0746
167.1537
161.2657
164.0052
165.9709
160.6786
166.7429
167.0153
164.7723
166.8983
173.7874
172.9490
171.8555
180.9929
176.6149
171.1781
176.4351
177.1866
171.7120
172.9160
169.7984
171.6759
170.1111
179.0372
173.5628
171.7821
176.5538
177.8207
175.8421
9.0151
5.7500
9.7796
12.2295
6.0581
9.2195
16.1433
15.1546
21.2361
26.6060
25.2984
22.1830
31.9693
37.6836
44.5317
48.0835
48.4831
56.2476
59.5601
66.4771
70.9719
78.4180
71.5479
80.7011
78.8499
78.7859
83.8794
93.5761
96.9043
89.3751
93.6185
99.4757
103.1381
102.7818
110.5697
107.4002
114.3911
114.6443
107.0734
104.6925
111.0119
110.8195
116.0401
121.0125
117.9545
116.7451
122.2021
129.1790
124.9218
122.9729
129.3647
137.7756
141.8794
148.5131
143.5655
147.2784
154.0188
154.0888
157.1167
154.3082
153.1150
158.1915
163.4911
160.5495
165.3559
169.7068
172.6447
168.3146
163.2312
161.1277
155.7560
160.5868
169.7169
168.0766
162.3378
165.1054
167.3695
162.1731
168.3877
168.5591
166.0737
168.2220
175.0479
174.5357
173.4472
182.7086
178.0796
172.5438
177.6101
178.2507
172.4813
173.9361
170.5777
172.2563
170.4921
179.5471
173.9001
172.0224
176.9355
177.9568
176.2064
10.1405
13.4605
16.0228
14.1763
16.6881
22.6484
21.9647
26.5563
30.0266
30.5746
26.4571
35.9151
42.1550
48.9583
52.6879
53.5410
60.1916
62.8305
69.1198
74.3925
81.9369
75.5608
84.3188
81.8771
81.7297
86.2867
95.9931
99.1830
92.3054
96.5816
102.5037
106.0220
106.4620
113.9287
110.6222
117.3811
117.3379
109.9464
107.3578
113.1235
113.6383
118.6500
124.1363
121.3328
119.7940
125.6622
132.2397
128.1414
126.3800
132.9835
141.0157
144.7550
151.5140
146.8337
150.5644
157.0123
157.5011
160.2516
157.0899
156.2563
161.5835
166.8459
163.5660
168.4445
172.7650
175.4097
171.1617
165.8351
163.7402
158.1202
162.9121
171.9157
170.5139
164.6913
167.7207
170.1241
164.8221
170.8464
170.7140
168.2268
170.2203
177.0968
176.4988
175.7375
185.2885
180.3712
174.8616
179.9915
180.3043
174.5110
175.7387
172.3817
174.1565
171.9494
181.1716
175.6650
173.5434
178.2002
179.1354
177.1680
8.6035
13.5937
8.2986
8.3503
15.1097
16.9221
21.5736
26.0849
26.1419
23.6280
33.3619
38.6934
45.1424
49.2564
50.3568
58.3312
61.0967
68.5165
72.8480
80.2209
73.6968
83.1032
81.0230
80.6204
85.2815
95.0950
98.8958
91.3176
95.2646
101.2533
104.4904
104.0655
111.9319
108.9850
115.7191
115.8910
108.2893
105.7966
112.0980
111.5488
116.9859
121.6348
118.9638
117.8798
123.5367
130.3424
126.3124
124.5710
130.6971
139.0384
143.3046
150.2867
145.1841
148.7398
155.6251
155.5211
158.6609
155.5273
154.3986
159.5403
164.7323
161.6839
166.7292
171.0451
173.7571
169.3655
164.2996
162.3554
156.8244
161.5915
170.7324
169.2873
163.6998
166.4361
168.9205
163.8328
170.1993
170.3439
167.6604
169.8530
176.6068
176.3832
175.2393
184.5368
179.7595
174.1434
179.0306
179.6392
173.6331
175.3404
171.7833
173.2722
171.4232
180.5441
174.7310
172.8188
177.8934
178.7185
177.2058
6.1700
7.6276
7.1025
9.8231
11.4187
14.0319
17.7374
18.5887
15.7600
25.2953
30.7243
37.1279
41.3895
42.9442
50.5229
52.8707
60.3753
64.7788
72.1458
65.9322
75.3456
72.9980
72.4252
76.8608
86.7052
90.6604
83.1591
87.0010
93.0466
96.1315
95.8921
103.6842
100.7587
107.3775
107.4768
99.9015
97.3526
103.5787
103.1009
108.5154
113.2564
110.6671
109.5171
115.3124
121.9889
118.0374
116.3960
122.5198
130.7449
134.9626
142.0684
136.9797
140.4994
147.3537
147.3081
150.4043
147.1276
146.0865
151.3048
156.4681
153.3207
158.4229
162.7253
165.3403
160.9571
155.8475
153.9274
148.3349
153.0898
162.2163
160.8292
155.2580
158.0274
160.5867
155.5109
161.8964
161.9943
159.2495
161.4397
168.1770
168.0372
166.9070
176.2568
171.3907
165.7548
170.6051
171.1681
165.1163
166.8526
163.2563
164.7258
162.8424
171.9770
166.1582
164.2301
169.3109
170.1199
168.6303
8.8599
10.1492
10.5897
8.1445
10.8470
15.1233
14.5831
10.6223
20.3248
26.2797
33.0931
36.8602
37.9699
45.1972
47.8738
55.0042
59.5790
67.0235
60.6244
69.8545
67.5898
67.2362
71.9777
81.7462
85.3729
77.9144
81.9707
87.9342
91.3258
91.2054
98.9108
95.8055
102.6054
102.7520
95.2043
92.7327
98.9641
98.8032
104.0284
109.0740
106.1786
104.9012
110.5773
117.3575
113.2408
111.4613
117.8063
126.0536
130.1266
136.9951
132.0307
135.6671
142.3989
142.5108
145.5047
142.4469
141.3781
146.5692
151.8124
148.7208
153.6478
157.9755
160.7463
156.4145
151.2784
149.2347
143.7559
148.5613
157.6789
156.1456
150.4567
153.2584
155.6636
150.5046
156.7821
156.8925
154.2835
156.4425
163.2329
162.8948
161.8038
171.1404
166.3658
160.7845
165.7662
166.3476
160.4717
162.0196
158.5704
160.1863
158.3750
167.4557
161.7668
159.8697
164.8289
165.7981
164.1288
4.6934
10.7232
9.4045
15.8151
22.0028
19.8275
17.4244
27.1022
32.4166
39.1681
42.7195
43.1390
51.3644
54.7788
62.1068
66.1785
73.5385
66.6081
75.9934
74.3052
74.1612
79.3597
89.0560
92.5862
84.7633
88.8905
94.7479
98.3470
97.6510
105.5730
102.5218
109.5317
109.8915
102.2479
99.9365
106.4910
105.9163
111.2575
115.9521
112.8627
111.8136
117.1456
124.2346
119.9712
118.0054
124.2403
132.7736
137.0619
143.7374
138.6402
142.3003
149.1923
149.0497
152.2138
149.4692
148.1453
153.1366
158.4216
155.5907
160.4212
164.7729
167.7761
163.4018
158.4270
156.3569
151.0613
155.8919
165.0731
163.3721
157.7107
160.3553
162.6169
157.4996
163.8379
164.1353
161.5934
163.8231
170.6002
170.2148
168.9616
178.1030
173.5562
167.9890
172.9751
173.7527
167.9410
169.5606
166.1549
167.7457
166.1737
175.1553
169.4141
167.6464
172.7106
173.7353
172.1414
7.4820
9.7905
14.6284
20.4972
19.0716
17.7213
27.1163
31.8323
38.1648
42.1536
43.1060
51.7184
54.7820
62.6582
66.3860
73.6315
66.9203
76.5797
74.8290
74.4107
79.3479
89.1142
93.0680
85.0752
88.9310
94.8722
98.1382
97.2075
105.2538
102.4247
109.2604
109.6192
101.9211
99.5683
106.2253
105.1957
110.7546
115.0635
112.2369
111.3658
116.7657
123.7932
119.6872
117.8558
123.8163
132.3660
136.8642
143.7948
138.5153
142.0380
149.1076
148.7308
152.0445
149.1125
147.7633
152.7503
157.9516
155.1088
160.1154
164.4423
167.3238
162.8843
157.9806
156.0395
150.6738
155.4580
164.6704
163.0750
157.5597
160.1185
162.5285
157.5279
164.0290
164.3717
161.6688
163.9681
170.6696
170.5416
169.1702
178.2712
173.6687
168.0334
172.8551
173.6795
167.6847
169.5601
165.9949
167.4092
165.8719
174.8621
168.9589
167.2209
172.4707
173.3579
172.0061
7.8065
8.6153
14.3916
13.0825
13.4409
21.6704
25.5361
31.4086
35.7266
37.2678
46.1205
48.8053
57.2300
60.5223
67.6171
61.1822
71.0857
69.2656
68.5674
73.2915
83.0768
87.4325
79.2499
82.8299
88.8293
91.7998
90.6515
98.7879
96.1560
102.8413
103.2207
95.4799
93.1202
99.9117
98.4701
104.1900
108.1883
105.5251
104.8017
110.2335
117.2163
113.2326
111.5152
117.2424
125.7986
130.4728
137.6119
132.1735
135.5770
142.7943
142.2186
145.6541
142.5893
141.2050
146.1817
151.3154
148.4747
153.6088
157.9142
160.7168
156.2285
151.3975
149.5522
144.1637
148.9146
158.1553
156.6120
151.2226
153.6895
156.2094
151.3181
157.9689
158.3747
155.5332
157.9061
164.5308
164.6387
163.1325
172.1723
167.5416
161.8504
166.5267
167.4207
161.2939
163.3949
159.7089
160.9788
159.5422
168.4987
162.4677
160.7947
166.2138
167.0259
165.8874
7.9183
15.4736
10.9433
9.5774
18.4888
23.3747
30.1546
33.4692
33.8141
42.3392
45.9084
53.5490
57.2028
64.4808
57.5016
67.0598
65.5157
65.3279
70.7005
80.3471
83.9945
75.9071
79.9604
85.7913
89.4030
88.4508
96.4498
93.4569
100.5219
100.9918
93.2998
91.0823
97.8566
97.0349
102.4089
106.9661
103.7407
102.7858
107.9757
115.1802
110.8682
108.8595
115.0210
123.6489
128.0483
134.7044
129.5129
133.1544
140.1368
139.8629
143.1072
140.4727
139.0337
143.9507
149.2431
146.5154
151.3147
155.6718
158.7716
154.3786
149.4903
147.4116
142.2232
147.0674
156.2862
154.4838
148.8605
151.4037
153.6230
148.5574
154.9790
155.3926
152.8311
155.1277
161.8680
161.5562
160.1595
169.1885
164.7337
159.1538
164.0988
165.0053
159.2117
160.9277
157.5245
159.0798
157.7199
166.6040
160.8240
159.1750
164.3383
165.4258
163.9233
7.9493
4.8181
5.8792
13.0643
17.3213
23.6464
27.8004
29.4933
37.8109
40.3762
48.6572
52.1514
59.3338
53.0104
62.8084
60.8028
60.1200
64.8837
74.6641
78.8986
70.8233
74.4918
80.4941
83.5762
82.7130
90.7251
87.9568
94.6899
95.0287
87.3246
84.9602
91.6741
90.5753
96.1308
100.4793
97.6595
96.7616
102.2510
109.1964
105.1517
103.4161
109.3382
117.8073
122.3110
129.3806
124.0636
127.5358
134.6199
134.2440
137.5487
134.5097
133.1997
138.2406
143.4168
140.5115
145.5665
149.8827
152.7080
148.2681
143.3572
141.4349
136.0585
140.8398
150.0597
148.4700
142.9904
145.5329
148.0057
143.0452
149.6156
149.9686
147.1835
149.5181
156.1810
156.1902
154.7545
163.8565
159.2002
153.5345
158.2939
159.1373
153.1031
155.0622
151.4561
152.8326
151.3799
160.3289
154.4011
152.7139
158.0240
158.9357
157.6567
8.3892
9.1751
11.7620
15.2684
20.4766
25.5675
28.9288
35.9463
36.9641
45.4452
49.2208
56.3115
50.9822
60.6956
57.9232
56.7012
60.5268
70.4378
75.1806
67.4799
70.7732
76.9643
79.4414
79.0888
86.9251
84.3115
90.5892
90.6483
83.0317
80.4148
86.7817
85.7694
91.3960
95.7973
93.5085
92.4998
98.4806
104.9670
101.2648
99.8885
105.6754
113.7946
118.2188
125.7370
120.4328
123.7483
130.7846
130.5095
133.7378
130.1494
129.1332
134.4062
139.4503
136.2195
141.5483
145.8092
148.2371
143.7920
138.7480
136.9797
131.3080
136.0105
145.1733
143.8965
138.5166
141.1788
143.9560
139.0489
145.6705
145.8276
142.8295
145.1295
151.7411
152.0165
150.6916
159.9900
155.0150
149.2812
153.8921
154.5271
148.2522
150.3409
146.5409
147.7901
146.0463
155.1367
149.1289
147.2934
152.6315
153.3360
152.1742
5.6265
8.9106
12.7686
19.3440
23.1551
24.6784
33.0841
35.8711
44.2108
47.5090
54.6752
48.2425
58.0734
56.1910
55.5701
60.5516
70.2730
74.4391
66.2380
69.9509
75.9072
79.1172
78.1552
86.1824
83.3754
90.2112
90.6265
82.9057
80.6203
87.4507
86.3407
91.8445
96.2322
93.2273
92.3329
97.7014
104.7509
100.6162
98.8021
104.7716
113.3038
117.8109
124.7767
119.4595
122.9686
130.0531
129.6698
132.9777
130.0794
128.6998
133.6917
138.9033
136.0725
141.0455
145.3749
148.3081
143.8776
138.9993
137.0263
131.7448
136.5516
145.7861
144.0929
138.5866
141.0922
143.4843
138.5159
145.0836
145.4973
142.7574
145.1110
151.7773
151.7412
150.2542
159.2969
154.7219
149.0719
153.8633
154.7748
148.8164
150.7481
147.1998
148.6149
147.2866
156.1699
150.2731
148.6520
153.9608
154.9596
153.6547
9.8157
15.7792
22.7961
26.2745
27.4771
34.7905
37.5451
45.0637
49.2204
56.6060
50.1996
59.6219
57.4587
57.0370
61.9792
71.7176
75.4814
67.7225
71.7062
77.6544
81.0717
80.7060
88.4880
85.4294
92.3019
92.5676
84.9591
82.5884
89.0718
88.6705
93.9190
98.8574
95.7870
94.5926
100.1233
107.0337
102.8524
101.0232
107.3117
115.6605
119.8441
126.6885
121.6265
125.2508
132.0757
132.0589
135.1320
132.2015
131.0081
136.1238
141.3824
138.4012
143.2863
147.6234
150.5100
146.1594
141.1118
139.0488
133.6914
138.5192
147.6837
146.0271
140.3689
143.0633
145.4155
140.3058
146.6739
146.9133
144.2868
146.5203
153.2763
153.0114
151.7614
160.9786
156.3066
150.7107
155.6568
156.3829
150.5349
152.1799
148.7403
150.3276
148.7597
157.7317
152.0054
150.2435
155.3093
156.3624
154.7832
6.8365
13.8992
16.8870
18.6823
25.3483
27.7757
35.6527
39.5376
46.8805
40.7271
50.2546
47.9573
47.3695
52.3253
62.0492
65.9835
58.0777
61.9545
67.9244
71.2859
70.9051
78.6734
75.6389
82.5003
82.7999
75.1728
72.8410
79.4411
78.9696
84.1913
89.1605
85.9944
84.7922
90.3107
97.2282
93.0399
91.2321
97.5085
105.8452
110.0504
116.9374
111.8366
115.4420
122.2917
122.2502
125.3332
122.4096
121.1939
126.3109
131.5686
128.5959
133.4748
137.8117
140.7214
136.3700
131.3455
129.2736
123.9629
128.8012
137.9831
136.2744
130.6338
133.2873
135.6404
130.5600
136.9848
137.2735
134.6104
136.8844
143.6136
143.4269
142.0939
151.2712
146.6131
141.0012
145.9151
146.7007
140.8580
142.5614
139.1176
140.6895
139.2540
148.1614
142.4233
140.7364
145.8562
146.9645
145.4371
7.2929
10.6911
13.7683
21.2680
23.3761
32.3363
35.0862
42.1306
36.1611
46.1308
44.0344
43.1226
48.0411
57.7195
62.1542
53.7864
57.3036
63.2947
66.3816
65.4262
73.4268
70.6624
77.4523
77.8949
70.1574
67.9116
74.8763
73.6821
79.1489
83.5971
80.4875
79.5687
84.9560
91.9840
87.8587
86.0963
92.0526
100.5413
105.0574
112.1009
106.7462
110.2261
117.3261
116.9378
120.2400
117.3163
115.9351
120.9513
126.1578
123.3088
128.2840
132.6105
135.5484
131.1221
126.2555
124.2735
119.0340
123.8511
133.0993
131.3568
125.8708
128.3404
130.7485
125.8145
132.4460
132.9021
130.1094
132.5060
139.1367
139.2047
137.6306
146.6413
142.0600
136.3905
141.1397
142.1050
136.1501
138.1461
134.5905
135.9897
134.8066
143.6139
137.7116
136.1735
141.5357
142.6012
141.3517
6.0959
12.1800
18.5002
19.0799
29.0206
30.6031
37.1617
32.0110
42.1934
39.9669
38.4791
42.8938
52.5170
57.6274
49.0210
51.9934
58.0560
60.6168
59.3183
67.4530
65.0142
71.5408
72.0111
64.2151
61.9598
69.1334
67.2865
73.0035
76.9877
74.1252
73.4279
78.8764
85.8248
81.8907
80.3129
85.9149
94.4018
99.1667
106.5114
100.9376
104.2426
111.5440
110.8831
114.3503
111.2300
109.8070
114.8157
119.9268
117.0716
122.2274
126.5229
129.3455
124.8529
120.0816
118.2337
112.9585
117.7277
127.0122
125.3462
120.0357
122.3812
124.9448
120.1646
126.9945
127.5308
124.5488
127.0419
133.5613
133.9508
132.2007
141.1260
136.5034
130.7622
135.3102
136.3634
130.2301
132.5304
128.8114
130.0134
128.9623
137.7212
131.6497
130.1975
135.7829
136.7447
135.7817
6.9156
12.9316
14.8770
24.5969
25.6071
32.2314
26.3812
36.6598
34.9464
33.8718
39.1758
48.5562
53.1918
44.2942
47.5909
53.4755
56.6067
55.0936
63.2442
60.5860
67.5044
68.1857
60.3750
58.3619
65.7673
64.1040
69.5836
73.7931
70.3502
69.6047
74.6766
81.9473
77.7013
75.8330
81.6790
90.3522
95.0486
102.0053
96.5035
99.9685
107.2074
106.6104
110.0378
107.3553
105.7613
110.6368
115.8711
113.2174
118.1026
122.4419
125.5759
121.1292
116.4131
114.3952
109.3738
114.2167
123.5145
121.5724
116.1372
118.4326
120.7348
115.8797
122.6259
123.2833
120.4896
122.9901
129.5572
129.7076
127.9025
136.7096
132.3078
126.6352
131.3353
132.5204
126.6390
128.7578
125.2418
126.6059
125.7961
134.4101
128.4792
127.1495
132.6396
133.8345
132.7050
10.8612
16.3578
24.3910
25.0963
31.7544
24.3497
34.4838
33.8717
33.7748
40.4086
49.3037
52.9529
43.8178
47.7358
53.2356
57.3029
55.4533
63.5658
60.5727
68.0633
69.0482
61.2945
59.6436
67.2459
65.9000
71.0159
75.4637
71.2492
70.4673
74.9042
82.6415
77.9417
75.6027
81.7813
90.7316
95.3142
101.6054
96.2443
99.9531
107.0757
106.5594
109.9325
107.9442
106.0855
110.7183
116.1240
113.8055
118.2684
122.6637
126.2622
121.8891
117.2737
115.0158
110.3728
115.3039
124.5919
122.2658
116.6539
118.8768
120.7673
115.7991
122.3732
123.2000
120.7249
123.2122
129.8524
129.5910
127.7422
136.3579
132.3124
126.7655
131.7012
133.0636
127.5673
129.3870
126.1831
127.7865
127.2699
135.6873
129.9720
128.7885
134.1092
135.6076
134.2168
8.0264
13.6790
15.1812
22.4313
15.4425
25.0031
23.5202
23.6500
30.6665
39.4567
42.5721
33.8555
38.2208
43.7400
48.2150
47.5031
55.0765
51.6143
59.1997
59.9880
52.4190
50.7218
57.9108
57.7713
62.3134
67.8178
63.2984
61.9391
66.6269
74.1243
69.3182
66.9785
73.7303
82.3201
86.3669
92.5283
87.5422
91.4210
98.1389
98.2149
101.2001
99.1563
97.5851
102.4372
107.9151
105.3471
109.6596
114.0663
117.6095
113.3687
108.5053
106.0857
101.3861
106.3669
115.5630
113.2229
107.3855
109.8626
111.6979
106.5357
112.8774
113.4894
111.1353
113.4907
120.2426
119.7366
118.1473
127.0062
122.8059
117.3142
122.4535
123.5994
118.2824
119.7284
116.6896
118.5481
117.8420
126.3044
120.8464
119.5482
124.5581
126.2231
124.4758
10.3343
12.4123
19.5428
15.8540
24.6897
21.2676
19.8265
25.0161
34.5147
38.8182
30.5714
34.1835
40.2067
43.6106
43.7260
51.1365
47.9352
54.8461
55.2114
47.6217
45.4678
52.3242
52.2320
56.9993
62.6226
58.8609
57.3413
62.8542
69.7292
65.4140
63.6332
70.1676
78.3148
82.3242
89.2049
84.1710
87.8186
94.5430
94.7036
97.6312
94.7980
93.6072
98.7941
104.1014
101.0893
105.8196
110.1665
113.1870
108.9057
103.8582
101.6518
96.5217
101.4252
110.6117
108.6794
102.9713
105.5986
107.8729
102.7867
109.2589
109.6286
106.9488
109.2873
115.9856
115.8791
114.3985
123.5274
118.8939
113.2781
118.2114
119.1088
113.4222
115.0964
111.7611
113.4324
112.3709
121.0563
115.4358
113.9554
119.0694
120.4661
118.9032
8.3564
14.8586
13.0022
17.9459
13.1969
12.9796
19.2268
27.9092
30.4828
23.2378
27.9598
33.5852
38.1035
39.7691
46.1299
42.1184
49.3411
49.5699
42.4581
40.4721
46.6021
48.4846
52.1449
59.2156
54.7326
52.4357
57.8313
64.5428
59.8875
57.8536
65.2468
72.9863
76.1891
82.4502
78.0324
82.0156
88.1036
89.0613
91.4511
88.9665
87.9986
93.2793
98.7395
95.6328
99.9082
104.2795
107.4804
103.4234
98.1483
95.6160
90.6443
95.6325
104.6529
102.5062
96.4313
99.3374
101.2935
95.9097
101.9463
102.1263
99.8053
101.9490
108.8230
108.1440
106.9942
116.3015
111.6932
106.2398
111.5580
112.2697
107.0429
108.0546
105.1166
107.2436
106.0750
114.7009
109.5412
107.9835
112.5839
114.3397
112.1706
7.5993
6.4992
12.7654
9.6080
8.7319
16.6110
24.5613
27.9390
18.8616
23.0446
28.6275
33.1663
33.1610
40.2554
36.6026
44.1655
44.9323
37.4738
35.9283
43.1574
43.5040
47.5525
53.6616
48.7863
47.0786
51.8910
59.2045
54.3784
52.1504
59.1329
67.4424
71.2756
77.5691
72.6583
76.5380
83.1270
83.4239
86.2486
84.0858
82.6473
87.6419
93.1179
90.3978
94.6896
99.0886
102.5706
98.3836
93.4431
90.9693
86.2950
91.2971
100.4673
98.0803
92.2103
94.7294
96.6095
91.4404
97.8217
98.4072
95.9781
98.3573
105.0846
104.7029
103.0711
111.9921
107.6837
102.1652
107.2865
108.4202
103.1368
104.5794
101.5597
103.4598
102.8894
111.2505
105.8648
104.6451
109.6313
111.4217
109.6674
9.3248
9.4579
7.2711
5.5157
12.9810
18.8115
22.4035
12.5119
16.1217
21.4908
26.1868
25.7551
32.8119
29.1844
36.9237
37.9629
30.5109
29.3647
37.0165
37.0116
40.8365
46.8394
41.5199
39.8819
44.3814
51.8878
46.9345
44.6263
51.5782
59.9906
63.9484
70.2246
65.1794
69.0396
75.7399
75.8901
78.7989
76.7926
75.2022
80.1152
85.6087
83.0113
87.2439
91.6509
95.2617
91.0639
86.2374
83.7368
79.2464
84.2632
93.4598
90.9177
85.1018
87.4771
89.2987
84.2050
90.7097
91.4575
88.9919
91.4674
98.1236
97.8681
96.0294
104.7984
100.5993
95.0651
100.1215
101.4296
96.1919
97.7617
94.7606
96.6166
96.3724
104.5467
99.1428
98.1074
103.1990
105.0894
103.4633
10.4871
11.4100
12.6353
21.4153
27.8376
30.1269
20.4712
24.9816
29.7264
35.1730
33.7718
41.0961
37.3953
45.5526
46.8765
39.5082
38.5838
46.2650
46.0658
49.9495
55.5440
49.9196
48.5790
52.3572
60.3486
55.0745
52.2907
59.2722
68.0895
72.1261
77.7587
72.7575
76.7851
83.4925
83.5054
86.5033
85.1386
83.2289
87.8192
93.4249
91.2196
95.1360
99.5778
103.5812
99.4065
94.7512
92.1239
87.9426
92.9872
102.1669
99.3651
93.4781
95.7321
97.2049
92.0627
98.4213
99.3436
97.1633
99.6246
106.3208
105.7064
103.8276
112.3671
108.5319
103.1160
108.3275
109.8036
104.8359
106.2200
103.4369
105.4143
105.3419
113.3922
108.0948
107.1440
112.1449
114.1663
112.3992
7.1160
11.0471
19.3060
22.2654
21.9401
13.0803
18.6755
21.9956
29.0624
28.7093
34.6216
30.1032
38.7221
40.2046
33.5957
33.3095
40.3499
41.7038
44.2488
50.8984
44.3098
42.3554
45.4730
53.4739
47.7345
44.5055
52.2907
60.8005
64.1436
68.9855
64.5019
68.8648
75.0276
75.6573
78.2184
77.4393
75.5669
80.0994
85.8619
83.7421
87.1200
91.5844
95.9048
91.9444
87.2162
84.2587
80.4401
85.5507
94.5552
91.4108
85.2360
87.6065
88.6695
83.3079
89.3173
90.2250
88.4088
90.7575
97.5546
96.4464
94.7058
103.2432
99.5848
94.3357
99.8679
101.3327
96.8726
97.7191
95.3544
97.7195
97.8173
105.6294
100.7609
99.8912
104.4829
106.8994
104.6826
5.0658
13.5449
18.5009
19.4375
11.0431
16.7927
21.4936
27.5212
29.0424
34.7413
30.2296
38.1567
38.9151
32.1226
31.0112
37.5041
39.7053
42.4490
49.8268
44.1281
41.6917
46.1353
53.3231
48.1147
45.5699
53.3748
61.2851
64.3671
69.9970
65.6420
69.8400
75.8484
76.8386
79.1842
77.4554
76.1536
81.1729
86.7894
84.0562
87.8741
92.2925
96.0039
92.0291
86.9449
84.1568
79.7341
84.8080
93.8128
91.1579
84.9751
87.6847
89.2236
83.8079
89.8227
90.3099
88.2163
90.4534
97.3133
96.4375
95.0217
104.0328
99.8115
94.4441
99.8977
100.9404
96.1152
96.9928
94.3593
96.6603
96.1348
104.3457
99.3830
98.1742
102.7267
104.8820
102.6337
9.2773
16.0748
19.3680
10.7866
15.0788
20.7774
25.4083
27.0971
33.1862
29.1604
36.5198
37.0125
29.8543
28.2706
34.9978
36.5763
39.9186
47.0145
42.0072
39.6933
44.8629
51.7189
46.9523
44.9156
52.2730
60.0639
63.4344
69.8135
65.1821
69.1062
75.3704
76.1261
78.6348
76.2530
75.1164
80.3375
85.8022
82.8085
87.0677
91.4483
94.7746
90.6851
85.5489
83.0029
78.2321
83.2488
92.3397
90.0055
84.0202
86.7313
88.6719
83.4066
89.6786
90.0817
87.6398
89.9443
96.7169
96.3074
94.8339
103.9578
99.4496
93.9356
99.1278
100.0864
94.8555
96.1184
93.1497
95.1790
94.4807
102.8689
97.6312
96.3401
101.1536
103.0337
101.1050
9.9480
16.5719
11.5741
12.2267
18.4081
20.2126
24.2467
29.2973
25.8568
31.5710
31.1879
24.1930
21.6631
27.5896
29.7725
33.2182
40.8541
37.0876
34.3348
40.9099
46.5250
42.6360
41.6193
48.5364
55.4149
58.6045
66.0152
61.4095
64.9547
71.1200
72.0643
74.4192
70.8861
70.3545
76.0545
81.2446
77.6012
82.4168
86.6912
89.2687
85.1502
79.7384
77.4838
72.0991
77.0059
86.0667
84.3010
78.4932
81.4340
83.9888
78.8458
85.2586
85.3038
82.4082
84.6768
91.3603
91.5079
90.1997
99.6744
94.5720
88.9044
93.8062
94.4063
88.6840
90.2398
86.8715
88.6621
87.4738
96.1680
90.7292
89.1870
94.1277
95.6717
93.9691
9.2135
9.5952
6.3143
10.3121
11.5956
18.4041
21.0778
17.1839
22.5119
22.0166
15.7301
13.7238
19.1068
23.0789
24.9508
33.7930
29.2895
25.7729
32.2405
37.5135
33.4679
32.5108
39.8528
46.2460
48.9758
56.2122
51.8514
55.5042
61.3757
62.6854
64.7725
61.4185
60.9623
66.7139
71.9610
68.2920
72.8625
77.1455
79.8636
75.8547
70.3921
67.9513
62.7691
67.7425
76.7552
74.7581
68.8085
71.7895
74.1962
68.9759
75.3265
75.3997
72.5808
74.8581
81.5662
81.6303
80.2797
89.7502
84.6902
79.0550
84.0672
84.7210
79.2268
80.6073
77.4186
79.3891
78.4697
86.9656
81.7247
80.3274
85.1367
86.9647
85.1078
10.2226
10.4764
10.0476
15.3416
22.4080
22.9168
17.6341
23.6688
23.4707
19.2939
18.7748
21.8744
28.3998
28.0594
37.9157
32.1262
27.9168
32.7907
38.1120
33.2524
31.3690
39.9719
45.9445
47.4779
53.1456
49.7346
54.0044
58.9428
61.2371
62.6430
60.4149
59.9523
65.4874
70.9989
67.5974
71.2270
75.5529
78.8589
75.1929
69.6532
66.6614
62.0924
67.1620
75.8656
73.3141
66.8429
70.0444
71.6950
66.0474
71.7260
71.7392
69.6360
71.6712
78.6331
77.6808
76.6641
86.1654
81.4506
76.1172
81.7472
82.3531
77.7288
78.1079
75.6548
78.3131
77.5304
85.7212
81.1963
79.8509
83.9194
86.3483
83.6499
6.5132
10.5553
17.0127
19.9365
24.2733
19.4832
27.2925
28.0759
21.6608
21.0323
27.4041
30.1352
32.0339
39.9228
33.8751
31.0366
35.5352
42.4420
37.2575
34.9068
42.8568
50.4145
53.3643
59.2652
54.8794
59.0097
64.9887
66.0701
68.3375
66.4242
65.2189
70.3672
75.9436
73.0764
76.9493
81.3530
84.9741
81.0145
75.9064
73.1174
68.7180
73.7994
82.8078
80.1254
73.9823
76.6686
78.3156
72.9574
79.1249
79.6401
77.3819
79.6990
86.4931
85.8881
84.3318
93.3614
89.0270
83.5900
88.9403
90.0288
85.1479
86.1731
83.4797
85.7287
85.4109
93.5003
88.5200
87.4339
92.0749
94.2979
92.1851
6.4333
10.7447
14.3685
18.5255
14.2942
21.5145
22.2365
15.3653
14.7201
21.8425
23.6514
25.8205
33.4631
27.7189
24.9513
30.0831
36.7350
31.9359
30.1515
37.5800
45.0399
48.3910
55.0930
50.3125
54.1259
60.4555
61.1818
63.6783
61.1990
60.0507
65.3532
70.7849
67.7383
72.0219
76.3926
79.7216
75.6346
70.5584
67.9954
63.3808
68.4202
77.5451
75.0644
69.1672
71.7396
73.7553
68.6173
75.1428
75.7014
73.0575
75.5200
82.1616
82.1315
80.3539
89.3670
84.8333
79.2388
84.2689
85.4105
80.1541
81.6742
78.6550
80.5918
80.3635
88.4818
83.2079
82.1873
87.1768
89.2025
87.5147
8.6621
12.7807
14.3350
9.0944
17.0959
18.3909
12.8613
13.8202
19.9909
22.5314
23.1226
31.0654
24.2571
21.1407
25.1642
32.0606
26.7227
24.4485
32.4777
39.8762
42.9244
49.0643
44.4476
48.4884
54.6275
55.5537
57.9005
56.0038
54.6785
59.8281
65.3900
62.5681
66.4532
70.8585
74.5449
70.5631
65.5762
62.7808
58.5882
63.6828
72.7326
69.8845
63.8542
66.3469
68.0304
62.8138
69.2545
69.9782
67.5431
70.0313
76.6871
76.4381
74.5471
83.4121
79.1174
73.6058
78.7892
80.1041
75.1974
76.5072
73.7633
75.8912
76.0558
83.8676
78.8239
78.0141
82.8532
85.1817
83.3424
10.0757
9.7952
7.5314
11.4008
11.7946
4.6483
5.3692
12.9387
13.9476
15.1895
23.2330
17.7887
14.4605
20.8690
26.4883
22.4581
21.9389
28.5142
35.2336
38.8363
46.6596
41.5386
44.8667
51.4379
51.9222
54.5296
51.2057
50.2868
55.8844
61.0853
57.6832
62.4530
66.7509
69.6403
65.4530
60.3580
58.0511
53.1790
58.1606
67.3778
65.1372
59.5412
62.0103
64.5184
59.6746
66.6055
67.1722
64.0210
66.6534
73.0619
73.7978
71.7602
80.7629
75.9262
70.1531
74.7667
75.9394
70.2648
72.3656
68.9749
70.5581
70.5093
78.5785
73.0188
72.1214
77.4866
79.3470
78.1579
8.9086
9.5126
14.5554
17.1948
10.9732
13.0016
21.3794
16.5308
19.7100
22.9765
16.3046
16.1763
19.6245
27.5430
23.0193
21.5812
26.6341
35.3805
40.6990
48.1339
41.9162
45.0086
52.7216
51.5709
55.2403
52.8917
50.7795
55.5476
60.7973
58.4120
63.1193
67.4551
70.9982
66.5652
62.2938
60.1484
56.0475
60.9355
70.2817
67.5866
62.4969
64.0997
66.3088
61.9508
69.3636
70.7304
67.5683
70.5598
76.6067
77.6878
74.8412
82.9420
78.8515
73.0918
77.3249
79.2945
73.6572
76.4550
73.0295
74.1703
75.1556
82.6337
76.7491
76.4453
82.3706
84.2062
83.7126
5.7476
6.1843
9.8534
7.8099
11.8033
16.8837
13.9724
13.6810
18.3198
10.2311
8.5178
11.7833
19.3098
14.4624
13.5117
19.3160
27.2638
32.0088
39.6141
33.6483
36.8377
44.1999
43.6469
46.9050
44.4416
42.6031
47.6682
52.9784
50.3083
54.8741
59.2259
62.7388
58.4330
53.9505
51.6148
47.5797
52.5445
61.8325
59.0105
53.7393
55.4990
57.6970
53.2210
60.5871
61.8564
58.6844
61.6565
67.7364
68.8070
66.0149
74.2806
70.0363
64.2727
68.6159
70.5003
65.0199
67.6162
64.3223
65.6560
66.7558
74.1058
68.4488
68.2019
73.9248
75.9967
75.3072
8.9691
11.6979
8.2730
11.7090
17.0668
17.4196
16.8239
23.5511
15.8161
12.9638
16.0810
23.3814
17.9148
15.8950
23.4537
31.0785
34.8037
41.5023
36.2466
39.9949
46.6878
46.9792
49.7172
47.7507
46.1086
51.1833
56.6843
54.0070
58.0873
62.4893
66.2242
62.1159
57.3996
54.7354
50.7716
55.8364
64.9942
62.0158
56.2998
58.4034
60.2312
55.3412
62.2542
63.3214
60.5689
63.3261
69.7089
70.0714
67.6637
76.1946
71.9941
66.3654
71.1867
72.8574
67.7745
69.6698
66.7370
68.5357
69.3243
76.7985
71.5207
71.0747
76.3181
78.6294
77.3266
4.2670
7.8859
11.5774
12.8857
12.6802
9.2197
16.3029
9.5142
4.7292
10.4679
15.2370
11.2369
12.0772
17.8727
23.8500
27.6503
35.9464
30.4921
33.5621
40.3447
40.6020
43.2942
40.0016
38.8948
44.5106
49.6893
46.3562
51.1025
55.4000
58.4351
54.2335
49.3263
46.9771
42.4976
47.5028
56.7584
54.2060
48.7812
50.9323
53.4531
48.8514
56.1240
57.0088
53.6530
56.5198
62.6810
63.8700
61.3641
70.0532
65.3396
59.5091
63.8905
65.4099
59.7913
62.2468
58.8595
60.3022
61.0354
68.6035
63.0326
62.5812
68.1512
70.2257
69.3667
7.9015
10.4219
9.0203
11.3552
6.3355
16.0719
11.5505
5.9643
13.5240
15.7559
13.2574
15.1858
20.3909
24.8027
27.8425
36.7221
31.7559
34.5910
40.8650
41.6811
43.9616
39.7522
39.3666
45.4075
50.3674
46.4301
51.4735
55.6759
58.1247
53.9823
48.7035
46.4863
41.4072
46.3790
55.5938
53.4923
48.0250
50.5562
53.4743
48.8181
55.9584
56.4163
52.8560
55.5821
61.8036
63.1347
60.9728
70.0558
64.8724
58.9848
63.3276
64.4298
58.5448
60.9419
57.3542
58.8017
58.9557
66.8918
61.2888
60.5211
66.0161
67.9235
66.9703
4.1158
10.4709
10.0291
10.6953
18.7664
13.7541
10.1620
17.5715
22.3820
19.0363
19.4676
25.1420
31.3891
35.2380
43.7142
38.3734
41.3537
48.0982
48.3515
51.0713
47.2478
46.4357
52.1681
57.2115
53.6314
58.7077
62.9532
65.5827
61.3226
56.2488
54.1253
49.1001
54.0294
63.3011
61.2188
55.8409
58.2169
61.0157
56.3798
63.5357
64.1218
60.6829
63.4125
69.6598
70.8406
68.6482
77.5986
72.6194
66.7566
71.1019
72.3047
66.3756
68.8430
65.2251
66.5704
66.6237
74.6624
68.9132
68.0879
73.6926
75.4275
74.5564
9.2130
9.6890
11.6902
20.1610
16.7338
13.2544
21.3632
25.3327
22.6406
23.4425
28.8330
34.5735
38.2046
47.0114
41.8510
44.6753
51.2407
51.6694
54.2579
49.8542
49.4240
55.3663
60.2550
56.3383
61.6767
65.8550
68.0681
63.8093
58.5478
56.5881
51.1414
55.9973
65.2278
63.5260
58.1956
60.7788
63.8637
59.2307
66.3110
66.6225
63.0442
65.6729
71.9371
73.2285
71.2732
80.4581
75.1794
69.2811
73.5528
74.4715
68.3007
70.7913
66.9874
68.2593
67.8291
76.1663
70.3289
69.2417
74.8394
76.3452
75.4778
12.0135
9.0330
20.2215
18.8771
13.9514
22.4238
22.9363
21.8486
24.0466
29.0188
32.0558
34.0455
43.2886
39.1421
41.7040
47.1351
48.7416
50.4250
44.9456
45.6575
52.1796
56.7640
51.9790
57.4291
61.4356
62.8825
58.8777
53.0517
51.1258
45.0584
49.8333
58.7993
57.6055
52.1265
55.3134
58.8085
54.0608
60.7765
60.4379
56.6749
59.0423
65.3651
66.7518
65.3433
75.0727
69.1444
63.2522
67.5511
67.8330
61.5376
63.6955
59.8012
61.2620
60.0934
68.7753
63.1632
61.6744
66.9121
68.3846
67.1726
7.4838
11.4152
11.8835
10.5611
19.1305
21.0067
20.6587
23.3239
25.4684
30.2924
35.0468
45.2039
39.3339
41.0609
48.2781
47.5692
50.7579
45.1907
44.7958
50.7789
55.1311
51.0012
57.2254
61.2064
62.7331
58.2085
53.2632
51.9913
46.2228
50.7845
60.1017
58.9131
54.4243
56.5364
60.3643
56.4696
64.1226
64.6123
60.3216
63.2197
68.9207
71.4189
68.9728
77.7629
72.3003
66.2264
69.6273
70.7355
63.8302
67.4899
63.0219
63.4512
63.3261
71.5256
65.0346
64.1732
70.5666
71.5515
71.7642
11.5012
10.9682
7.0447
15.7484
15.5630
15.6674
19.1181
21.7306
24.9951
28.6044
38.7402
33.4882
35.4065
41.9338
42.1676
44.7131
39.1094
39.1553
45.4556
49.9191
45.4808
51.3837
55.3969
56.9876
52.6635
47.3692
45.7634
39.9967
44.7314
54.0104
52.6220
47.7412
50.1820
53.8841
49.7173
57.1527
57.4519
53.2819
56.0844
61.9587
64.1843
61.9406
70.9968
65.4004
59.3613
63.0703
64.0116
57.3942
60.5800
56.3627
57.1961
57.0635
65.2398
59.1108
58.2237
64.2441
65.6049
65.3392
9.1299
11.6584
15.9302
14.7164
17.3034
21.5496
19.2238
22.5352
28.6571
39.4453
32.8784
33.3538
41.2455
39.0747
42.9906
36.9971
36.1399
41.7895
45.6612
41.7783
48.5310
52.3276
53.6735
48.9160
44.6500
43.9153
38.5705
42.8125
52.1257
50.9183
47.3544
48.6163
52.7886
49.7729
57.9555
58.9755
54.2237
57.4784
62.4672
66.0044
62.7867
70.7417
65.5497
59.4394
61.9892
63.6773
56.4798
61.2412
56.4533
56.1280
57.0935
64.5525
57.6383
57.4487
64.5391
65.3813
66.6246
5.6447
8.3065
12.6547
11.2309
13.7961
14.0706
20.8479
27.0671
36.3884
29.6143
31.4393
39.5652
37.7733
41.6836
37.8634
36.0501
41.2656
46.0242
43.0602
48.6143
52.7730
55.5635
50.9721
46.7973
45.1519
40.8323
45.5144
54.9013
52.5587
48.1606
49.4214
52.4470
48.7747
56.7650
58.1850
54.2295
57.4831
62.9562
65.3294
62.0399
69.9265
65.4266
59.4698
62.8922
64.9649
58.7468
62.5363
58.5794
59.0748
60.5628
67.7054
61.4380
61.4681
67.9438
69.5535
69.9093
9.1593
12.4792
10.2824
12.8900
16.0061
21.5710
26.2537
35.5180
29.5638
31.9415
39.2077
38.7524
41.8448
37.8077
36.7028
42.4005
47.3041
43.8201
49.1315
53.3394
55.9910
51.6097
46.8507
44.8872
40.1802
45.0553
54.4160
52.1507
47.1860
49.0792
52.0570
47.8724
55.4982
56.4688
52.6870
55.7087
61.5665
63.4446
60.6749
69.1698
64.3261
58.3790
62.2745
63.8917
57.8311
60.9504
57.1712
58.1466
59.0299
66.5590
60.6097
60.2706
66.2856
68.0715
67.7889
9.7043
4.6692
5.9911
7.6464
15.8979
21.6789
29.4689
22.7161
25.4260
33.4051
32.0333
35.7154
33.7202
31.2169
36.0056
41.3216
39.0664
43.5025
47.8496
51.7217
47.3846
43.4050
41.0608
37.8862
42.7409
51.9282
48.6221
43.7565
44.8600
46.9376
42.9376
50.7292
52.5516
49.2070
52.4849
58.1020
59.7404
56.2637
63.8848
59.9872
54.2302
58.1801
60.6325
55.3308
58.4249
55.2083
56.2835
58.5016
65.0250
59.3985
59.7969
65.7387
68.0348
67.8241
6.9321
12.4445
9.4165
9.4571
14.6199
24.9119
18.6961
20.0716
27.4907
26.7274
29.8193
25.5225
24.2633
30.1571
34.9328
31.3712
36.7216
40.8940
43.6502
39.2763
34.7579
32.7533
28.7146
33.5545
42.8687
40.1684
35.5447
36.9390
40.0228
36.3134
44.3422
45.6993
41.6178
44.9274
50.3145
52.8673
49.5102
57.5280
52.8091
46.8308
50.3282
52.3807
46.4467
50.0391
46.3092
47.0804
49.0845
55.7874
49.9322
50.2371
56.3982
58.4899
58.6082
5.6411
7.8604
13.1706
17.7152
25.8068
19.5944
22.5266
29.8703
29.4906
32.5176
30.2511
28.2731
33.5028
38.8584
36.1572
40.4503
44.8133
48.5527
44.3732
40.0282
37.4567
34.1677
39.1342
48.2704
44.9379
39.7572
41.2033
43.3073
39.0483
46.7093
48.2930
44.9637
48.1573
53.9289
55.4299
52.1709
60.1413
55.9819
50.2057
54.3765
56.5990
51.4146
54.1766
51.0788
52.4239
54.4934
61.0754
55.6850
55.9855
61.6537
64.1290
63.6063
9.4473
16.7307
20.7485
26.6650
20.6763
24.4978
31.6164
31.3337
34.3319
33.7581
31.1546
35.6728
41.3718
39.4695
42.8677
47.3192
51.8745
47.8666
43.8137
40.8641
38.3451
43.3172
52.2285
48.3446
42.9017
44.2112
45.4826
40.9675
48.2854
50.1671
47.4689
50.5924
56.5093
57.2396
53.9471
61.6397
58.0811
52.5362
57.1223
59.5933
55.0738
57.2746
54.7136
56.4269
58.7622
65.0489
60.0395
60.4661
65.7799
68.5778
67.6604
10.3412
17.4209
24.5092
16.9409
18.9866
27.7034
25.0819
29.4320
28.4006
24.8941
29.0170
34.3640
32.8749
37.0087
41.3342
45.7272
41.3767
38.1124
35.7953
33.7338
38.3326
47.2486
43.4372
39.0839
39.3972
41.1749
37.7362
45.8057
48.2339
44.8830
48.4022
53.5101
55.5462
51.4273
58.2468
54.8724
49.2219
52.7769
55.8353
50.8296
54.3326
51.2826
52.0984
55.3508
61.0180
55.4774
56.4787
62.5484
65.0080
65.2169
8.4923
17.7341
10.8327
10.9010
19.2049
17.3094
20.9272
18.1489
15.4189
20.8311
25.8671
23.1875
27.8837
32.1450
35.8532
31.5514
27.8713
25.5711
23.4807
28.0406
36.9145
33.2036
29.0126
29.3848
31.8779
28.7372
37.1014
39.2837
35.3512
38.9706
43.7786
46.6089
42.4357
49.5070
45.4983
39.6763
42.8896
45.7744
40.5204
44.3478
41.0983
41.7855
45.3237
50.7239
45.2577
46.4291
52.4788
55.0230
55.4077
11.6285
8.4355
9.0584
13.3432
15.6816
16.3809
13.5262
12.8583
19.1056
24.0734
20.4204
23.9384
28.2105
31.8529
28.2267
23.5931
20.2609
18.4608
23.3033
31.7719
27.6382
22.2453
23.6567
25.8513
21.7414
29.7497
31.4198
27.6850
31.1303
36.4668
38.6940
35.0135
42.9998
38.4632
32.6104
36.6746
39.0534
34.4461
37.0971
34.4354
36.0866
39.4250
44.7725
40.1720
41.1673
46.2873
49.4681
48.8781
7.9937
10.0179
7.1323
13.4029
11.0097
16.4684
14.4359
17.0416
22.3314
21.3792
20.3265
24.5336
30.6749
28.3603
25.1767
20.5684
22.9184
26.6456
32.8188
26.7508
20.9616
21.5535
20.1903
15.2078
22.1127
25.1200
23.5609
26.8051
32.0234
32.2475
28.0111
35.0463
32.2408
27.2621
32.5326
35.7911
34.0163
34.6626
34.1877
36.9987
41.6509
45.0477
42.2786
43.9703
47.5198
51.7995
50.2042
5.5415
11.4167
11.9654
13.8104
16.9715
13.0887
16.5051
22.4658
21.6340
22.8630
27.3427
33.1792
29.8503
26.8624
23.1294
24.1092
28.2872
35.7576
30.3210
25.3573
25.3658
25.4131
21.5399
29.2966
32.3364
29.8455
33.3745
38.2925
39.6057
35.0981
41.6266
38.7997
33.5199
37.7956
41.2948
38.1472
40.3276
38.7284
40.5517
45.1172
49.1621
45.1984
46.8795
51.6024
55.2083
54.5464
9.4535
7.2890
10.4620
12.8071
7.8229
11.5344
17.3470
16.4524
18.4721
22.9270
28.4724
24.8664
22.3765
19.1238
20.6776
24.4192
31.7831
26.4428
22.4681
21.6258
22.4128
19.6986
28.0246
31.2591
28.0773
31.8550
36.0312
38.5543
33.5622
39.5348
36.5719
31.1735
34.5097
38.3330
34.7091
37.9282
35.8851
37.0114
42.1742
45.7783
41.4694
43.5298
48.7203
52.0616
52.1666
9.2751
4.4856
11.2711
9.5130
11.4188
15.8751
14.8091
13.2958
17.5262
23.6202
21.3753
18.8031
14.2857
18.3756
21.2642
26.7705
20.3789
15.6225
14.9909
14.0436
10.4203
18.5849
22.0452
19.5351
23.2117
27.3704
29.2753
24.2023
30.5806
27.5218
22.3078
26.5510
30.3527
28.3259
30.0691
29.2884
31.4359
37.0668
39.6173
36.7313
38.9931
42.8694
46.9995
46.2278
6.8316
12.7836
6.4605
4.6953
10.8060
12.5817
12.7900
17.0513
23.7124
20.4273
19.9145
17.1171
21.2366
23.6518
29.4914
23.5562
21.2623
18.5814
18.5328
17.7957
25.7987
29.8811
26.9007
30.7573
33.6270
36.8447
31.0091
35.2362
33.2360
28.3225
30.6076
35.3698
32.4788
36.2291
34.5830
35.1769
41.6131
43.7112
39.7796
42.6269
47.7201
51.1093
51.8142
11.3990
8.3812
7.6070
11.7310
12.2330
9.5652
13.9159
20.8805
18.6398
17.4775
13.5358
19.0419
21.1199
25.8963
19.2338
16.0671
13.7521
12.4532
11.0203
18.9979
23.1017
20.5185
24.2851
27.3416
30.0599
24.3004
29.2491
26.8755
21.9450
25.1225
29.6924
27.8204
30.3781
29.5653
31.0458
37.5212
39.2054
36.2586
39.0506
43.1776
47.1446
47.0432
6.7802
12.5183
14.4001
8.1245
13.3314
16.7723
18.5505
14.8591
10.2138
7.4475
8.4737
11.6305
19.3066
15.0701
12.0590
11.7122
16.3592
15.2298
23.4356
25.1977
19.9970
23.8281
27.1367
32.1049
27.5830
34.4178
29.3093
23.3601
25.3000
28.1446
22.7999
27.5404
24.2135
24.5522
29.7987
33.4860
28.7185
30.8491
36.4543
39.4763
40.3042
7.2113
11.3103
8.6789
12.5778
16.7439
21.0952
17.1877
15.0313
12.5363
15.1397
17.9127
24.8338
19.7847
17.3511
15.4753
17.8976
16.9970
25.5266
28.5518
24.3634
28.2988
31.4008
35.6227
30.3361
35.8715
32.2953
26.7618
28.7414
32.6763
28.3499
32.8731
30.2308
30.4783
36.3328
39.3128
34.7053
37.2192
42.8197
45.8671
46.8443
6.1134
9.4349
9.2222
13.1123
19.7476
16.5297
17.2854
15.2342
20.4556
21.8972
26.7617
20.8846
20.0369
16.2762
16.5677
17.4849
25.1286
29.2916
26.0343
29.8823
31.8042
35.9313
29.7918
33.1359
31.2406
26.5344
27.7492
32.8655
29.9782
34.4214
32.6779
32.6882
39.7386
41.0555
37.1552
40.4205
45.6139
48.8472
50.1131
7.7829
6.9183
9.0866
15.0668
12.1094
15.1537
14.5574
20.7647
20.7466
23.9043
18.4430
19.8433
14.8623
15.7671
18.8249
25.5068
29.5518
26.0159
29.6978
30.2515
35.5665
29.2228
31.2796
29.5142
25.2520
24.7796
30.2597
27.3942
32.7694
30.8917
30.0239
37.7977
37.9914
34.1747
37.9856
43.2637
46.2210
48.2722
8.6083
11.0672
12.9550
8.6231
8.3537
8.2860
13.1777
13.2995
18.1769
13.6526
14.6155
10.8213
15.1789
17.2016
24.5950
27.2892
22.3995
26.1721
27.4410
33.5750
28.0906
32.4555
28.5008
23.2818
23.0552
27.2100
22.3717
28.5153
25.4031
24.3433
31.3252
32.9403
28.2397
31.5364
37.3960
40.0975
42.1838
4.4831
12.1602
10.8402
12.8556
10.8974
18.7326
18.3683
20.2622
13.6186
14.5356
9.2719
8.8691
12.7028
18.7620
22.7627
19.5428
23.1057
23.6151
28.6573
22.3144
25.0468
22.7650
18.4218
18.6971
24.2080
22.5060
26.6608
25.6946
25.8404
33.7269
33.4933
30.7946
34.5316
38.7424
42.3884
43.4991
9.2643
9.5768
13.4987
12.7131
20.7924
19.3268
19.1412
12.8677
15.7955
9.9824
9.3692
14.8905
19.2342
23.0682
20.0525
23.2235
22.3325
28.1177
21.6974
22.9302
21.0282
17.4555
16.0838
22.0789
21.0884
25.5421
24.8856
24.5355
32.9881
31.5158
29.3507
33.5197
37.4052
40.9838
42.4887
5.0266
10.0882
12.4611
18.7619
15.2066
11.9154
8.7236
15.3776
10.5456
14.3459
19.6779
23.0725
24.9231
20.4831
23.1027
20.8313
28.9833
23.8016
25.6615
21.5623
18.0551
13.7336
18.1935
14.8850
21.8930
19.6617
17.3455
26.1479
24.0266
21.2112
25.8302
30.3162
33.1293
35.9641
7.0740
10.1407
15.7563
12.8307
12.8012
9.6691
14.9619
10.2495
15.2967
19.6310
24.7351
26.7674
21.7700
24.8966
23.9493
31.7223
26.4686
29.3874
25.1246
20.7879
17.8426
21.9443
17.1373
24.5888
21.4215
18.9941
27.1449
26.7048
22.5119
26.7154
32.2692
34.7230
37.7478
5.0312
8.8054
6.1187
10.0694
7.2986
10.0943
7.9476
15.1238
17.3145
23.2374
24.2273
18.2956
21.5942
22.3578
29.7876
25.3983
30.9316
25.0885
19.6985
18.6908
21.2287
14.7086
21.8624
17.6963
16.1456
23.0136
24.9304
20.0315
23.2288
29.1033
31.7659
33.9560
8.3340
8.1007
12.8129
7.6428
6.5360
5.0298
11.7497
12.6667
19.3394
20.6329
14.9477
18.6248
20.6152
26.8558
22.3135
28.7846
23.0425
17.2172
18.1507
20.9328
15.8215
20.9962
17.9054
18.1579
24.6130
26.8621
22.9386
25.7016
30.6406
34.0381
34.9533
5.1412
14.2667
13.1287
10.7325
12.8837
19.5575
18.7208
25.3306
25.2070
18.9054
22.0956
25.2022
31.3066
28.1310
35.9948
29.1832
23.1841
24.3952
25.3241
18.0079
23.5229
18.6195
18.4789
22.2328
27.3803
21.8911
23.2304
29.3139
31.8863
32.9499
9.4070
9.8715
10.4703
11.6701
19.0220
19.7133
25.3100
24.9851
18.4865
21.3801
23.0618
30.3737
27.1844
34.2249
27.2172
21.5964
21.3214
22.0400
13.9611
20.9351
15.4812
14.0938
18.9407
23.0901
17.3625
19.4009
25.7830
28.1686
30.0932
7.3741
12.7052
12.7374
19.0399
21.7703
24.5332
23.5648
17.6451
19.4158
18.1365
27.0805
24.3507
29.8050
22.5036
18.2324
15.2350
14.9221
6.1693
15.3590
10.0189
6.3419
14.4291
14.9102
10.5714
14.4139
19.5892
22.3422
24.9834
7.5027
5.5955
11.7280
14.8790
18.3246
18.6714
13.0503
15.7915
15.2963
23.3356
19.2134
24.7500
18.2174
13.1474
11.6987
14.0218
9.1084
15.2876
12.5327
12.3017
20.2489
20.2695
17.6732
21.2229
25.1494
28.8542
30.0238
5.8838
10.7192
10.1395
14.9749
14.8936
8.7292
12.3117
15.3561
21.0260
17.4081
25.6219
18.7265
12.6125
15.4291
16.8873
13.0890
15.6776
13.7100
16.1642
21.8498
24.1392
21.8198
24.0024
27.3067
31.6055
30.9787
7.4329
10.1259
15.4260
17.1445
12.0948
15.6593
16.6858
23.0001
17.9494
23.7958
18.3160
12.7245
13.6244
17.2303
14.1848
18.2820
16.6849
17.6081
24.9379
25.5409
23.0780
26.2913
30.0585
34.0285
34.4945
6.5110
10.1253
14.0521
11.8703
15.0522
15.8381
19.8409
13.5285
18.1856
14.7644
10.1618
13.0365
18.0273
18.7876
19.9914
20.9237
23.0299
30.4164
29.7276
28.9156
32.2189
34.5800
39.2146
38.6966
8.6270
12.0870
10.2523
13.6823
17.3306
19.1362
13.8813
21.3253
17.2842
12.1478
17.5943
21.0320
21.2697
21.0068
21.9706
25.2406
31.2516
32.2262
31.2421
33.6927
35.8541
40.7468
39.1493
5.9411
9.2177
10.3026
12.7557
11.5515
6.0023
14.6114
10.8995
8.1100
15.2880
17.9444
21.8712
18.2946
21.9827
26.3657
32.0726
31.3295
32.6055
34.9987
35.0471
40.6503
37.8701
6.5915
5.5053
9.6565
7.3477
5.6327
16.8060
10.5152
7.8412
15.4623
15.7210
19.8607
14.2694
18.7055
24.0491
28.4757
28.1625
30.1677
31.8926
30.9493
36.8312
33.1076
3.9411
9.1749
12.4795
10.1483
20.3726
12.7332
7.3072
13.5682
13.6229
14.6718
11.4464
13.6299
18.6173
23.3129
24.1443
24.7554
26.4995
26.9291
32.3904
29.6517
7.2722
9.4033
9.2141
19.8195
11.6625
7.8023
14.0667
12.6237
15.3302
9.5387
13.4530
19.1588
23.0206
23.3107
25.1448
26.5527
25.6768
31.5022
27.8904
9.5163
8.7596
15.9246
6.9006
5.9510
8.7171
6.2902
13.0129
6.8145
12.6307
17.2561
22.4516
19.6591
23.0472
25.3453
23.6612
29.4627
26.7659
6.9375
15.3154
9.5317
11.0553
16.8209
15.4114
22.1419
14.2771
20.6066
26.1502
29.8573
27.9264
31.8619
33.4108
30.5440
36.7362
32.1337
11.1995
5.8416
6.2268
12.7800
14.2551
20.4432
15.1852
20.3841
24.9927
30.4971
28.3526
31.0751
33.4861
32.2546
38.0946
34.9729
9.0284
13.7546
14.8466
18.3658
26.2524
22.5281
27.8030
30.8314
37.6240
32.8578
36.3870
39.7797
38.3107
43.7567
41.7744
6.1606
8.6987
10.3539
18.2028
13.5827
19.0372
22.7520
28.9304
25.0425
28.5040
31.4278
29.8985
35.5324
33.2211
7.7469
9.9641
14.7098
11.6511
15.5051
19.3762
25.7528
23.6835
25.5161
28.3163
28.1725
33.6351
31.6767
6.7598
11.9538
12.3275
14.9268
16.4327
24.2384
19.8495
21.9037
25.7215
25.9932
30.7753
30.6229
9.4781
6.7698
10.7452
13.3949
19.5930
14.7425
18.6130
21.6271
20.2057
25.4888
24.3942
9.4553
5.2423
4.7309
12.7790
11.3876
10.8441
14.1440
16.3619
20.5358
21.4622
7.0556
12.4761
16.0012
14.1421
17.7550
19.2419
17.0827
22.9961
20.1058
6.4594
10.2547
11.3420
11.8617
13.2262
13.9100
18.9276
17.9226
9.0263
9.0315
6.2415
9.5658
13.3069
16.5727
18.8156
9.9002
7.8353
4.6313
7.4915
10.2308
11.5222
8.3484
9.9837
7.7793
11.3097
13.8240
5.2234
11.4122
12.2799
17.3337
8.8886
8.8812
13.7727
6.3043
6.3521
9.1618
