# Pairwise distances between all Valine CB atoms (in Å)
5.5027
11.7758
8.4839
7.3564
14.7798
14.6847
8.9540
13.6202
17.9538
14.7530
15.4118
16.3277
22.8557
29.4385
28.0325
31.4712
25.6331
29.4105
37.3949
35.1384
40.4803
42.1172
37.8307
42.6384
40.6236
42.5597
39.8975
44.2659
46.2502
44.2659
50.8655
50.6258
55.0478
55.6713
52.5754
51.9206
58.4551
64.0132
60.3952
64.1647
68.1583
70.9142
73.6353
79.4171
85.9529
91.9665
97.1096
97.2347
91.9341
92.1807
89.0497
95.5221
94.1455
87.0816
91.8842
91.5304
95.6462
98.3567
102.1108
103.8915
111.3502
114.5533
107.0762
111.2698
114.1027
116.4496
116.9825
120.7239
123.6040
128.6709
124.8943
134.5880
129.7262
127.2378
119.9171
119.7129
120.5680
123.9840
130.7635
134.7865
125.1127
128.9838
126.4479
120.9433
118.1258
118.3618
116.8372
118.7250
116.4887
126.4976
128.7529
123.7811
119.5299
113.0553
118.5908
123.5007
124.4961
124.6789
121.3330
126.2548
131.7038
11.5972
8.0551
9.6517
16.2962
14.7811
8.9078
12.0731
16.2218
10.8193
13.6648
16.6308
21.2896
27.7165
25.1878
29.3366
24.4681
29.1589
36.5753
33.4932
38.0949
40.1359
35.5482
41.3938
39.2314
40.7369
38.5654
42.7470
43.9494
41.9237
48.5193
48.3757
53.2959
53.5608
50.0198
49.4529
55.4796
60.8246
57.6818
60.9541
65.4546
68.3660
70.9402
76.7186
83.2800
89.1857
94.2681
94.1765
88.7715
88.8455
86.1403
92.5567
91.3764
83.9653
88.6578
88.4499
92.8355
95.8587
99.3259
101.3121
108.8685
111.9068
104.2480
108.5116
110.9988
113.2711
114.1561
117.6248
120.7255
125.5357
121.8429
131.5467
126.9546
124.6292
117.3047
117.3449
118.3122
121.8510
128.6023
132.5061
122.8529
126.9798
124.5915
118.9335
115.9851
116.6833
115.3560
117.4262
115.2229
125.4337
127.3490
122.5030
118.0019
111.4257
116.7634
121.4557
122.7304
123.0701
119.8266
124.9090
130.1684
7.4652
10.3020
15.7451
21.1281
14.4481
13.8572
14.8995
15.9454
20.3811
24.8080
29.1652
33.9000
33.4971
37.5897
33.5009
36.5327
44.9589
42.1017
46.3860
49.0567
45.4707
50.8929
47.7877
48.5504
44.9083
48.4159
50.1353
49.1242
56.4443
57.1986
61.1437
59.6076
56.9252
55.4456
60.8613
66.2615
63.9797
68.1249
72.3225
75.8266
79.3244
84.6788
90.6307
97.1527
101.4698
101.2803
95.3251
94.7082
92.2823
98.3543
96.9633
89.3639
93.9856
93.4400
97.7763
99.9402
103.6166
105.2617
112.9369
115.9230
108.2553
112.8945
115.4268
117.2757
117.7241
121.2286
124.0976
128.8577
125.8459
135.3380
130.7637
128.2793
121.1460
120.8952
122.6537
125.8633
132.6036
137.1224
127.5089
131.5974
129.7746
124.0418
120.6698
120.9796
119.8835
121.2483
119.7029
129.5755
131.2453
126.1909
121.8710
115.4238
120.6677
125.9639
126.8149
127.2222
124.6833
129.5830
134.8913
4.6942
9.9841
13.6992
7.1182
7.1602
10.1211
10.3310
13.1005
17.5910
21.8637
26.7423
26.7414
30.4887
26.2520
29.0687
37.5478
34.8600
39.4152
41.9544
38.7049
43.6842
40.4759
41.3471
37.6697
41.3613
43.3131
42.1797
49.4750
50.2062
53.9327
52.7533
50.1520
48.7692
54.6632
60.2259
57.4166
61.7926
65.6801
69.0285
72.5841
77.9516
83.9380
90.4924
94.9155
94.8928
89.0913
88.7497
85.9355
92.1301
90.6536
83.3342
88.0675
87.5007
91.6666
93.9033
97.6967
99.3260
106.9118
110.0195
102.4652
106.9386
109.7042
111.7542
112.0993
115.7926
118.5885
123.5629
120.2357
129.8028
125.0277
122.4922
115.2867
114.9933
116.4238
119.6801
126.4444
130.8326
121.1884
125.1649
123.1148
117.4655
114.2735
114.4949
113.2532
114.7779
113.0149
122.9393
124.7954
119.7632
115.4662
109.0089
114.3715
119.5791
120.4389
120.7613
117.9717
122.8726
128.2361
7.7671
12.0523
6.1597
8.8700
12.4680
13.2446
13.2316
15.6353
21.4262
26.6153
27.3694
30.4403
25.3195
27.4452
36.2921
34.3130
39.5457
41.6520
38.6172
42.7064
39.6884
41.0079
37.0727
41.0115
43.6158
42.3878
49.5764
50.1318
53.4908
52.8601
50.5693
49.2347
55.6855
61.4277
58.0436
62.7693
66.2037
69.3300
72.9237
78.3294
84.3500
90.9357
95.4929
95.6875
90.0581
89.9750
86.7163
93.0027
91.3697
84.4200
89.2629
88.6047
92.5125
94.5772
98.6065
100.0899
107.5564
110.8245
103.4535
107.7980
110.8857
113.0700
113.1427
117.0893
119.7059
124.9312
121.4200
131.0012
125.9690
123.3051
116.0807
115.6016
116.8074
119.9953
126.7824
131.1893
121.5269
125.2701
123.0092
117.5135
114.5029
114.3556
112.9036
114.3634
112.4789
122.2653
124.4584
119.3465
115.2513
108.8723
114.4251
119.7411
120.4052
120.5750
117.5967
122.3758
127.8997
10.7566
8.8041
8.3332
10.1311
14.9066
12.6695
15.3923
19.6953
22.9503
26.2416
28.4267
24.1903
24.2159
33.5453
32.1225
37.2415
39.5983
38.0292
40.9848
37.0850
37.8602
32.6913
36.1668
39.5576
39.0679
46.6072
47.8804
49.9938
48.3583
47.0028
45.0679
51.5938
57.5145
54.1085
59.8291
62.4847
65.8335
70.2409
75.2447
80.7431
87.8326
91.8677
92.2191
86.4030
86.1535
82.5842
88.7116
86.7916
80.1616
85.0658
84.1025
87.6843
89.1295
93.4769
94.6464
102.0376
105.4225
98.2507
102.6358
106.0829
108.2028
107.7687
111.9997
114.3096
119.7818
116.3812
125.8588
120.5725
117.7176
110.5751
109.8007
111.1744
114.1497
120.9374
125.6407
116.0018
119.5449
117.4349
112.0134
108.9229
108.3400
106.8807
107.9911
106.3436
115.9040
118.1403
112.9102
109.0011
102.7351
108.3555
114.0136
114.3478
114.4553
111.7108
116.3319
121.9499
6.8121
9.9019
14.1959
12.2109
5.0167
5.1143
9.9248
15.5670
17.0575
19.0185
13.7328
15.5100
24.2630
22.4782
28.1209
29.9467
27.6610
30.9480
27.7027
29.2036
25.5527
29.9037
32.6643
31.0687
38.0211
38.4908
41.5992
41.7588
39.4324
38.4424
45.6068
51.4639
47.2163
52.0765
55.0809
57.8973
61.4595
66.8806
72.9825
79.5120
84.2615
84.6665
79.3353
79.7144
75.9478
82.4128
80.7379
74.2038
79.1617
78.5579
82.2566
84.6386
88.7012
90.2656
97.5727
100.9610
93.7426
97.7834
101.0933
103.6004
103.6893
107.8042
110.4023
115.8428
111.8164
121.4994
116.2773
113.6255
106.2955
105.8805
106.5181
109.8554
116.6484
120.7230
111.0430
114.7069
112.0911
106.6862
103.9646
103.9095
102.2847
104.1573
101.8657
111.8414
114.2041
109.2196
105.0434
98.6104
104.2628
109.2633
110.1025
110.1959
106.7889
111.6496
117.1639
6.3225
11.3817
9.1984
7.2610
10.4806
15.4582
21.1017
21.2559
24.3997
19.4563
22.2502
30.7250
28.3780
33.5029
35.6306
32.5311
36.9069
33.8789
35.1795
31.7372
35.8381
38.0752
36.5690
43.6314
44.0812
47.7296
47.4329
44.8055
43.7315
50.2963
56.0011
52.4241
56.8826
60.4483
63.4724
66.8781
72.3557
78.5062
84.9556
89.6580
89.8422
84.3289
84.4117
81.1289
87.5046
85.9676
79.0148
83.8658
83.3307
87.3005
89.7192
93.6132
95.2586
102.7093
105.9556
98.5480
102.7805
105.7892
108.1038
108.3903
112.2736
115.0119
120.2082
116.4737
126.1284
121.1436
118.5724
111.2803
110.9652
111.9320
115.2676
122.0511
126.2206
116.5490
120.3841
117.9940
112.4680
109.5488
109.6822
108.2271
109.9951
107.9030
117.8895
120.0262
115.0343
110.7778
104.3149
109.8317
114.8757
115.7736
115.9774
112.8073
117.7095
123.1460
5.1478
6.7762
8.0630
14.6411
16.5371
20.2058
21.2711
24.8013
21.7216
23.8775
32.2567
29.3861
33.5185
36.4435
34.0778
38.8150
34.9273
35.2292
31.1552
34.5634
36.5068
35.7172
43.2609
44.4818
47.7194
45.8820
43.5331
41.8945
47.7444
53.3752
50.6133
55.3732
59.0071
62.5244
66.4912
71.6403
77.3725
84.1690
88.3137
88.3187
82.4060
81.9856
79.0853
85.2239
83.6730
76.4197
81.1787
80.5249
84.6160
86.7595
90.5976
92.1869
99.7650
102.8886
95.3662
99.8365
102.6869
104.7497
104.9993
108.7628
111.5042
116.5518
113.1885
122.7506
117.9134
115.3543
108.1491
107.8366
109.2779
112.5258
119.2887
123.7002
114.0598
118.0459
116.0640
110.3896
107.1512
107.4027
106.2175
107.7561
106.0348
116.0025
117.7467
112.7441
108.3882
101.9139
107.2416
112.4504
113.3226
113.6753
110.9559
115.8818
121.1998
9.4677
12.0874
19.1284
19.6202
21.5676
23.5804
27.0861
25.2253
26.6310
34.8720
31.8702
35.2832
38.6962
36.9960
41.7139
37.2556
36.8459
32.1939
34.9426
36.7986
36.6836
44.5043
46.3348
49.0633
45.9677
44.0292
41.8753
47.0921
52.6388
50.5578
55.6623
59.2029
63.0987
67.5674
72.3963
77.7164
84.8182
88.4578
88.3507
82.1207
81.2737
78.6422
84.5443
82.9370
75.5216
80.1967
79.3957
83.5154
85.2998
89.1476
90.6211
98.2727
101.3134
93.7502
98.4188
101.1984
103.0306
103.1511
106.8603
109.5403
114.4991
111.4834
120.9333
116.1782
113.5922
106.4889
106.1124
107.9785
111.1003
117.8368
122.5042
112.9080
116.9596
115.3280
109.5686
106.0708
106.3051
105.3240
106.5864
105.2141
115.0825
116.5471
111.5078
107.1391
100.6998
105.8883
111.3044
112.0715
112.5216
110.2082
115.1000
120.3488
8.0134
15.4957
15.5124
19.8110
18.0372
22.6554
20.3939
24.4830
31.5634
27.6544
30.9941
34.0958
30.7759
36.9619
33.4917
33.6862
31.0073
34.4708
35.1337
33.8064
40.9780
41.8468
46.2065
44.7948
41.4686
40.3659
45.7561
51.0624
48.6084
52.2907
56.7638
60.2101
63.5330
68.8947
74.9537
81.3204
85.7501
85.5152
79.6992
79.3267
76.8899
83.0965
81.8869
74.2434
78.8805
78.5548
83.0246
85.8810
89.2742
91.2460
98.8993
101.8317
94.0829
98.5107
100.8916
103.0003
103.8617
107.2532
110.3599
115.0836
111.6092
121.2542
116.7608
114.4616
107.1919
107.2805
108.5837
112.0905
118.8176
122.8676
113.2437
117.5402
115.5168
109.7012
106.4716
107.3960
106.3461
108.3347
106.4134
116.6997
118.1694
113.3829
108.6996
102.0776
107.2058
111.9424
113.2854
113.7892
110.9267
116.0875
121.1765
8.1606
8.8138
14.2402
14.2328
17.4462
13.7265
16.9188
24.7726
21.7992
26.4577
28.9256
26.2876
30.9337
27.4357
28.2953
25.1573
29.2167
30.9910
29.4131
36.5385
37.2078
40.8984
40.4520
37.6072
36.6277
43.1994
48.8799
45.2359
49.6255
53.2348
56.3016
59.7762
65.1931
71.3107
77.7824
82.4315
82.5887
77.0792
77.2133
73.9317
80.3355
78.8587
71.8846
76.7384
76.2690
80.2852
82.9565
86.7302
88.5005
95.9472
99.1586
91.7173
95.8790
98.8212
101.2197
101.6595
105.4900
108.3166
113.4868
109.5975
119.2970
114.3577
111.8644
104.5296
104.3565
105.1831
108.6334
115.4062
119.4074
109.7370
113.6803
111.2633
105.6793
102.7778
103.1946
101.8001
103.8142
101.6094
111.7806
113.7635
108.8920
104.4579
97.9168
103.3547
108.1758
109.2844
109.5525
106.3074
111.3305
116.6508
8.8371
15.7687
16.0182
17.2610
10.4273
13.2002
21.2871
19.9029
26.2054
27.2554
24.4463
27.3526
24.9455
27.3022
24.6703
29.5053
32.1801
29.8991
36.1859
35.9564
39.4848
41.0674
38.3946
38.0128
45.6148
51.4045
46.5171
50.9477
53.9161
56.2721
59.2859
64.9480
71.3841
77.5545
82.7607
83.2916
78.3379
79.1604
75.1278
81.7680
80.1610
73.8858
78.8790
78.4244
82.0444
84.7858
88.7945
90.4718
97.6463
101.0933
93.9691
97.7695
101.1355
103.8708
104.0914
108.2401
110.8870
116.3951
112.0182
121.7698
116.4864
113.8816
106.4848
106.1526
106.3384
109.7993
116.5816
120.3560
110.6799
114.2729
111.3131
106.0156
103.5755
103.5820
101.7725
103.9580
101.3078
111.3630
113.9627
109.0651
104.8913
98.4502
104.1917
108.9190
109.8927
109.8993
106.0894
110.9801
116.5152
7.8620
7.8645
9.1099
5.8511
9.5382
16.1256
13.0249
18.2423
20.3057
18.4353
22.2847
18.6271
19.8028
17.5445
22.1436
23.8499
21.6049
28.3183
28.7318
32.3716
33.0887
30.0418
29.6260
36.9589
42.6788
38.0684
42.4319
45.6530
48.3209
51.6261
57.1286
63.4118
69.7496
74.6795
75.0447
69.8833
70.5225
66.7463
73.3402
71.8482
65.3033
70.2527
69.8687
73.6802
76.6976
80.4764
82.3340
89.5990
92.9167
85.6421
89.4886
92.6235
95.3324
95.8079
99.7773
102.5885
107.9390
103.5671
113.3455
108.2437
105.7713
98.3519
98.2444
98.5074
102.0976
108.8619
112.5288
102.8561
106.7098
103.9296
98.4514
95.8546
96.3526
94.7759
97.1860
94.5768
104.8931
107.0683
102.3244
97.8420
91.2727
96.8020
101.3023
102.5746
102.7582
99.0808
104.1660
109.4802
9.1810
8.0071
10.8979
9.8032
14.6775
11.6881
14.9822
18.1612
19.2577
21.7435
16.2570
15.4178
11.2134
15.0328
17.1323
16.1198
23.7353
25.6221
27.6421
26.3425
24.1960
22.8874
30.2230
36.1678
31.7421
37.2528
39.7994
42.9638
47.3443
52.2988
57.9416
64.8910
69.1271
69.5240
64.0184
64.3418
60.4519
66.8746
65.1752
58.7057
63.7013
63.0618
66.7183
69.3262
73.2732
74.9597
82.2574
85.6066
78.3779
82.3269
85.6400
88.2595
88.4406
92.5532
95.2049
100.6752
96.4300
106.1521
100.9388
98.3706
90.9917
90.7554
91.2512
94.7351
101.5111
105.4057
95.7279
99.5781
97.0520
91.5089
88.7184
89.1217
87.6823
89.9057
87.5419
97.8387
99.7981
95.0208
90.5048
83.9342
89.4120
94.1136
95.2679
95.5076
92.1276
97.2004
102.4828
5.6104
9.1120
14.0731
16.2497
10.8050
13.1408
16.2194
13.7614
20.1269
16.5229
16.5600
16.8449
20.7451
20.0177
17.1250
23.4394
23.8297
28.8468
29.4803
25.1047
25.3446
31.8720
37.1590
33.0464
36.1854
40.4218
43.1829
45.9935
51.6087
58.1079
64.1269
69.1611
69.2180
64.0373
64.6258
61.4169
68.0307
66.9143
59.8889
64.6914
64.6433
68.8842
72.6623
75.9114
78.1878
85.5376
88.6100
81.0857
84.9109
87.5125
90.2391
91.3617
94.9134
98.1074
103.0936
98.6454
108.4868
103.7763
101.5946
94.1333
94.4792
94.6793
98.5387
105.2406
108.5487
98.9193
103.1604
100.4598
94.7835
92.1132
93.4366
92.1119
94.9897
92.2659
102.9232
104.6310
100.1644
95.2725
88.5481
93.7651
97.7392
99.5534
99.9581
96.2625
101.6214
106.6065
8.0195
10.6809
10.8598
5.4348
9.1480
11.6687
11.2831
15.4058
11.1105
11.5023
12.1744
16.5627
16.5677
13.2477
19.4003
19.7756
24.0073
25.5710
21.6381
22.1053
29.6077
35.0791
29.9218
33.7139
37.0515
39.4915
42.5404
48.1095
54.5664
60.7169
65.8292
66.1926
61.2482
62.2151
58.3476
65.0718
63.7500
57.3028
62.2401
62.0742
65.9330
69.5783
73.0781
75.2067
82.3705
85.6288
78.3623
81.9666
84.9701
87.9015
88.7174
92.5704
95.5528
100.8407
96.1010
105.9488
100.9360
98.6298
91.1434
91.3183
91.1636
94.9874
101.7035
104.9560
95.3134
99.3140
96.3501
90.8331
88.3962
89.4051
87.8580
90.7945
87.8618
98.4609
100.4779
95.9855
91.2392
84.5729
89.9764
93.9673
95.6458
95.8997
91.9409
97.2201
102.3347
7.8698
12.2190
9.7563
16.2400
16.8863
14.3970
17.4545
15.0260
17.6665
17.1841
22.2927
23.9093
20.7000
26.2196
25.5918
29.7420
32.5292
29.1264
29.5867
37.4368
42.9940
37.5047
41.3248
44.3607
46.3731
48.9841
54.7738
61.4507
67.3458
72.8315
73.3873
68.7307
69.9506
65.7868
72.5759
71.1447
65.0201
70.0011
69.7809
73.4285
76.8312
80.5645
82.5230
89.5808
92.9797
85.8761
89.4016
92.6447
95.6334
96.2143
100.2505
103.0784
108.5313
103.7364
113.5677
108.3676
105.9371
98.4605
98.4225
98.1221
101.8377
108.5745
111.8857
102.2375
105.9676
102.7638
97.4433
95.2092
95.7316
93.9169
96.6836
93.6446
104.0167
106.4991
101.8606
97.4152
90.8658
96.5059
100.6859
102.0882
102.1513
97.9869
103.0836
108.4284
9.5142
10.4651
17.1769
17.5826
18.4752
17.6666
13.7782
16.0896
12.8425
17.9834
21.7980
19.6656
25.4750
25.8073
27.4132
29.4965
27.8165
27.4829
35.9858
41.8764
35.8429
41.2855
42.8430
44.9196
48.6152
53.8892
59.9302
66.4477
71.4135
72.3255
67.5958
68.8114
63.9449
70.6162
68.7261
63.2765
68.4022
67.7600
70.8289
73.3997
77.6784
79.1762
86.0674
89.7216
82.9701
86.4465
90.3233
93.3296
93.1621
97.6851
100.0545
105.9430
101.1527
110.8791
105.2256
102.4933
95.0857
94.5865
94.2959
97.7345
104.5036
108.1584
98.5031
101.8408
98.6236
93.4931
91.3117
91.0600
89.0526
91.4055
88.4992
98.5629
101.3802
96.5344
92.4363
86.0476
91.9382
96.5877
97.4798
97.3520
93.2665
98.1120
103.7108
6.1028
11.6431
9.7739
13.0984
8.7843
5.0610
9.4098
10.8661
15.5879
18.0185
14.6040
17.9694
17.2938
19.1070
24.1187
21.8113
22.9215
31.6730
37.0566
29.9550
34.5445
35.7557
37.0196
40.0054
45.4804
51.8964
57.9319
63.4272
64.5055
60.3639
62.2753
57.0330
63.9077
62.1909
57.2216
62.3206
61.9609
64.8982
68.2224
72.2269
74.0000
80.6265
84.2768
77.6878
80.7234
84.5624
87.9273
88.1017
92.5587
95.0670
100.9505
95.5972
105.3828
99.7525
97.1925
89.7159
89.4962
88.4724
92.1812
98.8761
101.9384
92.3430
95.7087
92.0465
87.0032
85.2169
85.4045
83.2567
86.3018
82.8235
93.1563
96.0445
91.4926
87.2037
80.7621
86.6105
90.6030
91.9215
91.7698
87.1118
92.1247
97.5715
7.3796
7.5768
9.1800
10.2340
5.9124
8.1939
10.9332
15.5604
16.0289
11.9824
16.5901
16.1660
20.0960
23.7614
20.0405
21.2532
29.4064
34.7439
28.5084
32.2991
34.8804
36.6774
39.4459
45.1202
51.7446
57.7051
63.1576
63.8161
59.3213
60.8380
56.3720
63.2360
61.8288
56.0127
61.0152
60.8692
64.3810
68.1374
71.7464
73.8303
80.7414
84.1433
77.1511
80.4358
83.7276
86.9192
87.6051
91.6596
94.5155
100.0202
94.8997
104.7532
99.5217
97.1694
89.6590
89.7682
89.1011
92.9609
99.6555
102.6798
93.0619
96.8446
93.5019
88.1755
86.0802
86.9118
85.1067
88.2655
84.9818
95.5577
97.9175
93.4756
88.8457
82.2419
87.8018
91.6207
93.2845
93.3838
89.0135
94.2428
99.4423
5.1641
9.6004
12.0743
7.8350
5.5240
11.7499
14.2346
11.4419
6.4425
10.4899
11.0610
16.0258
18.8552
13.6943
15.7343
23.1127
28.0537
22.1197
25.1458
28.4550
30.5688
33.3977
38.9909
45.5996
51.5874
56.8575
57.2497
52.5658
53.9368
49.8984
56.7515
55.6021
49.3697
54.2802
54.3435
58.1862
62.4924
65.6860
68.0831
75.0818
78.2779
71.0806
74.3852
77.2809
80.4595
81.5953
85.3436
88.4691
93.7067
88.5691
98.4605
93.5221
91.3843
83.8529
84.3109
83.6895
87.7433
94.3870
97.1983
87.6112
91.7413
88.5861
83.0487
80.7989
82.3340
80.8207
84.3054
81.0406
91.8903
93.7347
89.5265
84.5266
77.7931
83.0419
86.4781
88.5726
88.8949
84.6499
90.1135
95.0028
7.9037
7.1838
5.1028
6.2393
13.7359
16.6074
14.8556
9.8318
10.5707
8.7217
14.4094
20.4727
15.6662
18.5521
26.1624
30.7521
23.9068
26.3687
29.0331
30.1824
32.1762
38.0812
45.0796
50.5874
56.4525
57.1312
53.0634
55.0846
50.5234
57.5197
56.3624
50.7854
55.6980
55.8604
59.3821
63.8799
67.1165
69.5029
76.2176
79.5306
72.6143
75.5691
78.6751
82.1131
83.2050
87.0891
90.1297
95.5200
90.0053
99.8893
94.7903
92.6414
85.0999
85.5264
84.3506
88.4559
95.0585
97.5773
88.0400
91.9472
88.3517
83.0364
81.1871
82.5662
80.7622
84.5011
80.8339
91.6373
93.8789
89.7339
84.8751
78.2250
83.6278
86.8343
88.9390
89.0920
84.3677
89.7718
94.7456
9.7887
10.8114
13.2993
19.2467
22.9720
21.0373
15.9782
17.3709
14.3931
21.9284
27.7894
22.1985
25.0671
31.9115
36.2487
30.3180
31.2265
35.2893
36.3036
36.9777
43.3328
50.8503
55.5821
61.9714
62.3579
58.4600
60.4569
56.5669
63.5668
62.7710
56.6992
61.4348
61.9148
65.8558
70.8038
73.6835
76.3347
83.1447
86.2748
79.1395
82.1538
84.7812
88.1524
89.7496
93.2719
96.6156
101.6695
96.2332
106.1490
101.3886
99.4348
91.8867
92.5747
91.4469
95.6787
102.2407
104.5604
95.0698
99.1706
95.5639
90.1940
88.3424
90.0882
88.3583
92.2357
88.5199
99.3822
101.5347
97.4694
92.5084
85.8206
91.0950
94.0687
96.4100
96.6418
91.8707
97.3490
102.2098
6.5874
11.3944
17.3414
20.8843
20.8906
16.3000
15.8108
12.3370
16.8008
25.3128
21.5495
24.4953
32.4297
36.8779
29.3661
31.6839
33.4094
33.5387
34.6704
40.7262
47.9499
52.8912
59.3448
60.4214
57.0709
59.7415
54.5455
61.6087
60.3362
55.6067
60.5210
60.6785
63.7268
68.1315
71.5733
73.7984
80.1656
83.6690
77.1466
79.7408
83.2139
86.8955
87.7415
91.8805
94.7098
100.3535
94.4920
104.3231
98.9487
96.7003
89.1842
89.4243
87.6817
91.7353
98.2945
100.6040
91.1397
94.6498
90.5362
85.5683
84.2016
85.1025
82.8812
86.7174
82.6466
93.2293
96.1012
91.9346
87.4042
80.9283
86.5976
89.7281
91.6425
91.5234
86.2734
91.4855
96.6650
5.5838
10.8135
14.5350
15.1253
10.9652
13.1548
12.2898
15.0208
20.7686
17.5739
19.4737
27.9352
32.9981
25.7874
29.7228
31.2672
32.4598
35.2081
40.7930
47.3909
53.2935
58.8917
59.8470
55.7427
57.7401
52.6735
59.6110
58.0937
52.9591
58.0013
57.8366
60.9612
64.7817
68.4842
70.5078
77.1504
80.6769
73.9789
76.9478
80.5280
83.9541
84.4843
88.7339
91.4455
97.1560
91.6891
101.5186
96.0799
93.6860
86.1747
86.2242
85.0876
88.9743
95.6330
98.4490
88.8716
92.4605
88.8088
83.6487
81.8506
82.5519
80.5440
83.9259
80.3375
90.9047
93.5085
89.1443
84.5919
78.0503
83.7156
87.3533
89.0198
88.9964
84.2853
89.4813
94.7221
8.1398
10.3895
9.6046
5.5343
9.4032
11.0332
12.6234
15.8025
12.4926
13.9758
22.4726
27.7169
20.8071
25.5112
27.1047
29.0713
32.8131
38.0052
44.1655
50.6185
55.6052
56.3753
51.7688
53.3104
48.5040
55.3395
53.7951
48.2704
53.3344
53.0687
56.3684
60.0986
63.7543
65.8039
72.6360
76.0759
69.1931
72.3784
75.8393
79.1135
79.6655
83.8368
86.6006
92.2253
86.9732
96.8105
91.4729
89.0989
81.5864
81.6934
80.9223
84.8049
91.4898
94.4863
84.8686
88.6677
85.3744
80.0071
77.8900
78.8251
77.0887
80.3738
77.0746
87.7605
89.9463
85.5929
80.8444
74.2067
79.7079
83.4410
85.1783
85.3209
80.9848
86.2842
91.3971
5.2996
9.8483
9.6313
16.0381
18.9459
17.8547
16.8983
16.4338
15.1681
23.8638
29.8274
23.7289
30.5466
31.1710
33.9239
39.0715
43.5495
48.7644
56.0330
60.0941
60.9551
55.8021
56.6843
51.7558
58.2612
56.2407
50.8017
55.9578
55.1304
58.1230
60.6063
64.8677
66.3690
73.3268
76.9319
70.1398
73.6748
77.5807
80.5512
80.3223
84.8620
87.2133
93.1177
88.3485
98.0599
92.4219
89.7156
82.3037
81.8880
81.7580
85.2436
92.0162
95.7291
86.0561
89.6050
86.7068
81.3664
78.9234
79.0295
77.3169
79.7825
77.0554
87.3821
89.6591
84.9379
80.5163
73.9936
79.6800
84.2613
85.3398
85.4036
81.6211
86.6508
92.0312
7.1555
9.6110
15.3746
19.6386
16.6926
12.6600
13.8975
11.3771
19.8129
25.8199
19.9889
27.8951
27.7384
30.9825
37.0837
40.9304
45.4654
53.2121
56.6099
57.4603
52.0163
52.5949
47.6279
53.9483
51.7703
46.3866
51.5546
50.5174
53.3917
55.5669
59.9352
61.3226
68.3255
71.9349
65.1544
68.7805
72.7875
75.6776
75.2591
79.8784
82.1335
88.0986
83.4370
93.1062
87.4187
84.6608
77.2751
76.7955
76.8705
80.2947
87.0774
90.9547
81.2758
84.8711
82.2098
76.7839
74.1532
74.2699
72.7116
75.0627
72.5456
82.9004
84.9304
80.2062
75.7015
69.1505
74.7608
79.4693
80.5056
80.6466
77.1299
82.1831
87.4999
5.1793
10.8800
16.0175
14.8120
9.7147
7.9541
5.8437
14.2256
20.1389
14.7235
21.6160
22.9544
26.6439
32.3661
36.4063
41.2967
48.7818
52.3279
52.7574
47.1342
47.5784
43.3504
49.7948
48.1006
41.8626
46.9332
46.3217
49.8778
53.0833
56.7702
58.7256
65.9255
69.2199
62.0267
65.7082
69.0238
71.9149
72.3224
76.4155
79.1761
84.6869
79.9766
89.7714
84.5702
82.1629
74.6984
74.7897
74.8701
78.6309
85.3563
88.8419
79.1824
83.2901
80.7613
75.0586
72.2869
73.4523
72.2339
75.1218
72.5119
83.2503
84.6918
80.2947
75.2927
68.5476
73.7508
77.8439
79.5454
79.9736
76.4797
81.8648
86.7804
8.0732
11.9705
13.3358
12.7768
8.5009
9.4595
17.4789
22.8552
16.8060
21.7861
24.0655
26.9476
31.3579
36.1878
41.9735
48.7761
53.1994
53.6410
48.5011
49.4855
45.2571
51.9587
50.5345
44.3494
49.3666
49.1109
52.7885
56.6236
60.0517
62.2510
69.3250
72.5814
65.4058
68.8529
71.9831
75.0628
75.8445
79.7806
82.7238
88.1195
83.1306
92.9857
87.8961
85.6291
78.1190
78.4106
78.0644
81.9964
88.6801
91.7854
82.1566
86.2755
83.3950
77.7758
75.2968
76.6804
75.3007
78.5522
75.5622
86.3895
88.0360
83.7576
78.7364
71.9880
77.2163
80.9285
82.8609
83.2329
79.3129
84.7570
89.6505
5.9203
7.5227
11.9846
6.4571
11.0054
17.3276
21.2053
13.7268
16.6693
18.5135
20.1823
23.6727
28.8693
35.2618
41.5028
46.6208
47.2443
42.8228
44.7137
40.0362
46.9999
45.8264
40.2643
45.2049
45.3330
48.8360
53.5778
56.6320
59.1429
65.8503
69.0798
62.1419
65.0509
68.1154
71.5948
72.7597
76.6010
79.6789
85.0465
79.4521
89.3368
84.2861
82.2154
74.6689
75.2656
74.1017
78.3113
84.8808
87.3294
77.7989
81.9304
78.5695
73.0670
71.0429
72.9077
71.3819
75.3535
71.7710
82.7952
84.5229
80.5804
75.4061
68.6610
73.8032
76.7703
79.1555
79.4944
74.9731
80.5646
85.2733
9.3565
17.6220
12.2729
16.8999
22.8452
26.1497
18.8251
19.5084
21.8742
22.1787
23.4796
29.5009
36.7733
41.9403
48.0737
48.7871
45.1421
47.7003
42.9883
50.0685
49.1651
43.9621
48.7392
49.2052
52.6614
57.9142
60.7236
63.4086
69.8635
73.0624
66.2814
68.8618
71.7881
75.4751
76.9484
80.6598
83.8551
89.1292
83.2194
93.0953
88.1309
86.1953
78.6569
79.4158
77.7324
82.0784
88.5572
90.5625
81.1374
85.1888
81.4026
76.0831
74.4568
76.4590
74.7201
79.0551
75.0501
86.0650
88.0759
84.2799
79.1618
72.4887
77.6556
80.1972
82.7768
83.0164
78.0073
83.5968
88.2772
11.8962
10.7901
14.1329
20.4814
23.9161
15.3280
19.5035
18.0073
18.3268
22.4288
27.0252
32.9353
39.3682
44.4766
45.7939
42.0168
44.6081
38.6319
45.5836
43.9464
39.9096
44.9283
44.7523
47.2894
51.5222
55.0768
57.1840
63.4161
66.9825
60.6731
63.1288
66.9654
70.7367
71.2315
75.6099
78.2165
84.0880
78.0942
87.8667
82.2862
79.9701
72.4686
72.6780
70.8927
74.9615
81.5212
83.9165
74.4135
78.0214
74.1771
69.0270
67.4695
68.6101
66.6329
70.6463
66.6895
77.5392
79.8869
75.8771
71.0479
64.4741
69.9738
73.0280
75.0705
75.0994
70.1012
75.4953
80.4780
7.3220
5.5059
10.9229
15.5811
8.3856
17.5835
15.4784
19.2257
26.6008
29.3725
33.1534
41.2815
44.1111
44.9262
39.4392
40.2206
34.9943
41.4020
39.3486
34.1344
39.3317
38.4549
41.3383
44.4371
48.3564
50.1672
57.0873
60.5657
53.7411
57.0752
60.8983
64.0667
64.1117
68.5514
71.0521
76.9076
71.7850
81.5485
76.0181
73.5163
66.0315
66.0243
65.6446
69.4357
76.1524
79.5053
69.8430
73.8048
71.1126
65.4782
62.8777
63.9962
62.6999
65.8573
63.0303
73.8804
75.3266
71.0544
65.9870
59.2342
64.4880
68.4205
70.1612
70.5364
66.8500
72.2806
77.1610
5.1894
11.0194
15.5100
8.4875
14.1587
15.6600
19.0739
24.5131
28.6090
33.8674
41.0351
44.9570
45.3431
40.0619
41.0811
36.7624
43.4759
42.1338
35.9876
41.0097
40.8374
44.5357
48.8564
51.9981
54.4196
61.4283
64.5871
57.4058
60.7037
63.7262
66.9332
67.9353
71.7736
74.8244
80.1613
74.9559
84.8341
79.8302
77.6996
70.1669
70.7113
70.1801
74.2846
80.9083
83.7644
74.1736
78.5033
75.6963
69.9518
67.4378
69.3916
68.2181
71.8561
68.7845
79.8297
81.0687
77.0564
71.7282
64.9015
69.8707
73.1679
75.4747
76.0011
72.0954
77.7293
82.3398
8.9843
14.7277
9.1379
17.1564
17.7259
21.9837
28.5348
31.8803
36.1762
43.9835
47.0006
47.3657
41.5422
41.8508
37.6233
44.0007
42.3164
36.0332
41.1167
40.4860
44.0696
47.4943
51.0272
53.1047
60.3148
63.5410
56.3060
59.9538
63.2048
66.1382
66.6543
70.6925
73.5161
78.9923
74.1937
84.0047
78.8599
76.5293
69.0479
69.2921
69.3437
73.2013
79.8983
83.2799
73.6361
77.9059
75.5011
69.6863
66.8218
68.3655
67.3304
70.4244
67.8313
78.7159
79.8262
75.5926
70.3661
63.5548
68.5681
72.4422
74.3743
74.9287
71.5288
77.0421
81.7606
6.1753
6.8159
13.5578
14.6790
20.2867
27.3618
29.3670
32.3935
40.4418
42.2083
41.9615
35.3262
34.5775
31.5890
37.5118
36.1747
28.7361
33.6149
33.0829
37.3855
41.3016
44.1519
46.6399
54.1393
56.9521
49.2606
53.2295
55.7841
58.4545
59.5441
63.0792
66.2840
71.3055
66.8086
76.6316
71.9804
69.9346
62.4906
63.2117
63.8049
67.8180
74.4100
77.7428
68.1997
73.0414
71.2878
65.1125
61.7350
64.3091
63.9303
67.1740
64.9964
76.0307
76.1515
72.2431
66.5153
59.6030
63.9630
67.4741
69.9227
70.8976
68.1257
73.8753
78.0554
8.6597
11.5265
12.6337
18.4206
25.2693
26.2357
28.4109
36.3307
37.4345
36.8051
29.8524
28.7013
26.4914
32.2106
31.2836
23.1826
27.8938
27.6775
32.4881
37.2701
39.4106
42.3607
49.8591
52.3710
44.4797
48.4020
50.4285
53.1221
54.8113
57.9517
61.4883
66.1896
61.5976
71.4564
67.1505
65.3874
57.9540
59.1398
59.6998
63.9361
70.3967
73.3961
63.9716
69.1800
67.6292
61.2902
57.7949
61.2411
61.2074
64.8417
62.6691
73.8216
73.3861
69.8353
63.7629
56.8259
60.7146
63.6423
66.6166
67.8347
65.1972
71.1321
74.8906
9.9224
8.9607
14.0524
21.3740
23.6911
27.4341
35.3668
38.0284
38.2633
32.4306
33.0145
28.7394
35.2738
33.8995
27.5798
32.6442
32.3626
36.1215
40.6850
43.5884
46.1629
53.2202
56.2550
48.9888
52.3113
55.2461
58.4499
59.5399
63.3090
66.4173
71.7074
66.4750
76.3570
71.4311
69.3888
61.8555
62.5971
62.1827
66.3819
72.9596
75.7786
66.2147
70.8093
68.3392
62.3897
59.6198
62.1307
61.3218
65.1382
62.2511
73.4337
74.0737
70.2911
64.6390
57.7415
62.3609
65.4195
68.0198
68.7710
65.1872
70.9829
75.2725
8.6430
11.8340
15.4599
18.4876
23.6947
29.9123
33.7542
33.2809
28.0281
29.2998
26.4867
33.1933
33.1029
26.0851
30.5018
31.5165
36.1666
42.8070
44.2260
47.7670
54.5353
56.9984
49.5518
52.4346
54.1167
57.5305
60.1447
62.9480
66.8332
71.3117
65.7052
75.6174
71.5167
70.1399
62.6620
64.3570
63.3794
68.0910
74.3636
76.1488
66.8836
72.0141
69.3546
63.3248
60.8338
64.8530
64.3008
69.0590
65.7211
77.1147
77.2711
74.1222
68.0343
61.1582
65.1340
66.8446
70.4803
71.4915
67.5450
73.6453
77.3016
5.8720
14.0617
14.9984
18.5575
26.4451
29.3970
29.8671
24.7765
26.6914
21.5288
28.4897
27.4826
22.2854
27.1682
27.4526
30.8444
36.7753
39.0137
42.0305
48.4921
51.4348
44.5628
47.0997
49.9322
53.6636
55.2448
58.8621
62.1149
67.3422
61.3455
71.2224
66.3648
64.5971
57.0647
58.2426
56.7933
61.3539
67.7418
69.7248
60.3105
64.9850
62.0217
56.1647
53.9138
57.2056
56.3326
61.0691
57.5313
68.9021
69.4631
66.1844
60.3031
53.4627
57.8200
59.8343
63.0806
63.8506
59.6373
65.6360
69.5817
9.1720
10.1550
15.1136
22.2535
26.5381
27.5339
23.8841
27.3016
21.3169
28.4153
27.6250
24.0452
28.5345
29.1886
31.9132
38.3583
40.3615
43.4438
49.2644
52.2563
45.9420
47.7699
50.7189
54.8468
56.5586
60.1907
63.3838
68.6606
62.0977
71.8721
66.9397
65.2794
57.8167
59.0991
56.7107
61.4189
67.6543
69.0155
59.7583
64.1983
60.5732
55.0173
53.4326
56.8023
55.5812
60.8863
56.7002
68.0592
69.0161
65.9801
60.2072
53.5242
57.9369
59.3237
62.7899
63.3782
58.4254
64.4222
68.3317
6.8737
15.4211
18.6063
25.7047
26.4887
24.9409
29.7133
24.8546
31.5924
31.8945
28.8470
32.4262
34.0732
36.9511
44.5880
45.5638
49.1634
54.3656
56.9702
50.9568
52.1137
54.2195
58.6094
61.3502
64.3071
67.9287
72.6316
65.6160
75.2237
70.8586
69.7039
62.4284
64.3186
61.0984
66.1187
71.9864
72.2796
63.4621
67.9915
63.8196
58.5561
57.6414
61.8425
60.5328
66.5952
61.8075
73.0673
74.0743
71.5570
65.7346
59.2840
63.3192
63.5213
67.6619
68.2557
62.6534
68.7001
72.1865
8.6234
12.6338
18.9577
20.0366
18.9448
24.3955
18.9761
25.4170
25.8536
24.0984
27.2322
28.9551
31.2617
39.2132
39.8157
43.4828
48.2648
50.7747
45.1103
45.8677
48.0241
52.5863
55.3271
58.2785
61.8170
66.5437
59.2877
68.7976
64.4051
63.3355
56.1514
58.1951
54.6702
59.7814
65.5147
65.5674
56.8550
61.4723
57.3570
52.0564
51.2109
55.8715
54.7518
61.1048
56.2957
67.5384
68.1820
65.9585
59.9827
53.6321
57.3405
57.0894
61.5162
62.2168
56.6644
62.7984
65.9859
9.4028
11.5420
13.3657
12.5889
18.6790
12.0459
17.7464
18.1455
18.8444
21.2223
22.7758
23.9600
32.0817
32.2857
35.9260
40.1603
42.6041
37.4332
37.7015
40.1326
44.8921
47.3985
50.4849
53.8030
58.6843
51.1806
60.5861
56.0269
54.9718
47.8791
50.0251
46.2250
51.4120
57.0320
56.9698
48.2975
53.0430
49.1444
43.7070
42.8035
47.9977
47.1967
53.7944
49.1099
60.3074
60.4060
58.5027
52.3236
46.0907
49.3701
48.6925
53.4069
54.2697
48.9533
55.1959
58.0302
9.5668
11.2397
15.4992
22.5480
18.5451
22.1492
23.8948
25.5727
26.4700
28.9044
29.8573
38.5544
37.5136
41.4743
44.5480
46.3827
42.0488
41.2921
42.6280
47.5931
51.1673
53.3747
57.0118
61.1206
53.1452
62.0214
58.2175
57.8278
51.2552
54.0804
49.2702
54.6700
59.6069
58.1143
50.3170
55.0370
50.6041
45.7365
45.7657
51.9192
51.1213
58.4644
53.2504
63.9767
63.9744
62.8394
56.7379
51.0516
53.6458
51.3823
56.8624
57.7444
51.8595
57.9925
60.0982
4.4870
10.4013
16.9038
13.5703
14.4055
16.6503
20.7803
20.2801
22.5388
22.3540
31.0646
29.1703
33.1944
35.6758
37.1899
33.2825
32.0714
33.3229
38.3948
41.9467
44.0802
47.6253
51.7328
43.6473
52.4883
48.6729
48.3921
41.9351
45.0573
40.3402
45.8451
50.6402
49.1692
41.3879
46.5657
42.8568
37.6044
37.1838
44.3048
44.2027
51.5590
46.8987
57.4734
56.4771
55.7023
49.2764
43.7415
45.5701
42.8412
48.7587
50.0107
44.9016
51.1620
52.7124
8.0517
14.2198
13.3732
13.6698
16.9477
19.5362
18.3939
21.3161
22.1529
31.5103
28.8509
33.3705
36.1745
37.2159
32.7609
31.8892
32.0440
36.8974
41.3626
42.8137
46.8982
50.4162
42.5994
51.5191
48.3406
48.4022
41.9942
45.5947
41.5017
47.0867
51.7685
50.2706
42.6558
48.3165
45.2250
39.7494
38.8316
46.6007
46.9445
54.1250
49.8842
60.4134
58.8618
58.1918
51.5513
45.9774
47.3881
44.5256
50.7291
52.2687
47.7402
54.0383
55.2718
7.0880
7.1575
9.1367
12.4713
11.8330
11.3167
14.4823
17.1131
26.9543
24.6912
29.5102
33.8933
35.1341
29.1589
29.7680
30.0730
34.4897
38.7327
40.4630
44.7538
48.5205
41.4523
50.9722
47.6031
47.2952
40.3880
43.7428
41.1610
46.6083
51.8479
51.6619
43.3760
49.3898
47.1806
41.0764
38.9474
46.3150
46.9778
53.3657
49.8931
60.7828
58.9498
57.6707
50.8039
44.7039
46.4097
44.9195
50.6249
52.3552
48.7242
55.1291
56.7935
9.0470
8.3936
11.9212
8.0575
5.4625
9.5505
14.0960
23.8866
20.8636
26.0868
31.2685
32.0466
25.0420
26.7490
26.1732
29.9515
34.6385
35.9304
40.6330
44.0418
37.7786
47.4936
44.5286
44.2960
37.3697
40.9597
39.8579
45.1363
50.4075
50.9419
42.6605
49.1664
48.1422
41.6620
38.4778
46.1657
47.5311
53.2220
50.7132
61.4291
58.7622
57.4059
50.3223
44.1720
45.3765
44.4038
50.0291
52.1481
49.7385
56.0924
57.5300
7.1123
7.5961
7.8412
9.6263
10.7973
12.6078
21.7031
21.0855
25.2743
30.4234
32.4995
26.2723
27.4999
29.6123
33.9773
36.5548
39.5295
43.0898
47.9002
41.0312
50.7750
46.3752
45.3076
38.0135
40.4715
38.2827
43.4616
49.2457
50.1318
41.1942
46.8411
44.6852
38.3952
35.8663
42.0517
42.4856
48.3713
45.1069
56.2497
54.7956
52.9250
46.1558
39.7127
42.1415
41.9458
46.8501
48.3878
44.9008
51.2878
53.6229
4.6257
9.8514
7.8067
8.8502
8.5510
18.2731
15.8041
20.4693
24.8288
26.3070
20.4227
21.0694
22.6918
27.2493
30.2405
32.8701
36.5496
41.1450
34.0612
43.7566
39.5850
38.8201
31.6951
34.7490
32.6187
37.9489
43.4126
44.0323
35.3735
41.5121
40.0874
33.6232
30.7051
38.1215
39.2946
45.2663
42.4806
53.1924
50.7641
49.4563
42.4391
36.3540
37.7395
36.7187
42.2238
44.1554
41.4047
47.7756
49.3651
10.0310
9.6883
8.6754
6.0992
14.9461
14.1418
18.0449
22.8562
25.1205
19.3500
20.3001
23.5921
28.0642
29.5641
33.2241
36.2018
41.6062
34.6482
44.3427
39.3649
38.0007
30.6417
32.9032
30.8667
35.9793
41.8391
43.1787
34.0781
39.8220
38.3042
31.7775
28.6839
35.1182
36.0551
41.7421
39.0141
49.9219
47.8476
46.1251
39.1929
32.8515
34.8382
34.7582
39.6399
41.3791
38.6132
44.9676
47.0663
5.2204
5.5663
11.1048
19.5969
18.8139
23.2551
29.7596
31.4840
23.8728
26.7300
28.1186
31.5931
34.3353
36.9992
40.9142
45.4168
39.6510
49.5719
45.5565
44.4514
37.1010
39.5935
39.2701
44.1555
50.0573
51.8943
42.9306
48.9981
48.0732
41.4351
37.7563
43.9284
45.0279
49.9485
47.7936
58.7605
56.5714
54.4348
47.5099
40.9379
43.0347
43.7492
48.3418
50.2367
48.0746
54.3537
56.6045
4.2117
9.7963
19.0608
16.4109
21.5038
27.4281
28.4528
20.8706
23.4354
23.6913
27.1847
30.9066
32.8499
37.2036
41.1710
35.3150
45.1990
41.7250
41.0651
33.9306
37.1094
36.8553
41.8874
47.4277
48.8339
40.2558
46.7381
46.2770
39.5961
35.7645
42.9888
44.5909
49.6975
47.7646
58.4170
55.5331
53.8975
46.7942
40.5293
41.7872
41.6678
46.8341
49.0297
47.2810
53.5536
55.1766
6.8324
15.2593
13.5071
18.2104
24.7445
26.2007
18.3854
21.5351
22.9638
26.2914
28.8032
31.5529
35.3820
39.9944
34.3687
44.2918
40.2191
39.0999
31.7882
34.4269
34.6522
39.4520
45.2546
47.3519
38.5024
44.7988
44.5936
37.8337
33.6317
40.2337
41.8824
46.5510
44.9626
55.5935
52.7231
50.8070
43.7479
37.3677
38.8447
39.5028
44.1885
46.3499
44.9576
51.1484
53.0282
9.9745
8.6158
12.8228
18.7634
20.8686
14.0812
16.3446
19.9010
23.7765
24.6619
28.5958
31.4747
37.0673
30.8131
40.6121
35.5658
33.9971
26.5240
28.7116
28.2430
33.0591
39.0173
41.2745
32.1656
38.2166
37.9476
31.1779
26.9533
33.4388
35.1303
39.9526
38.3268
48.8650
45.9658
44.1576
37.0738
30.7632
32.2050
32.8619
37.4636
39.5639
38.1659
44.3379
46.2240
7.0995
5.8439
13.0218
16.4416
11.0509
14.2953
20.7128
23.4283
20.3893
26.3860
27.3375
34.3855
29.2023
38.3153
31.9284
29.1264
21.7123
21.9686
23.3224
27.0561
33.4831
37.7022
28.4370
33.7437
34.6836
28.0641
22.7041
27.1580
29.3738
32.5782
32.4398
42.3802
39.0713
36.6852
29.7539
23.4333
24.9969
27.9842
31.0172
33.1487
33.3971
39.0509
41.3026
5.5082
11.5506
13.0297
5.6374
9.2996
14.0054
17.0581
16.2653
20.9418
23.1934
29.3071
23.6429
33.2500
27.8878
26.0792
18.6393
20.9516
22.2863
26.6596
32.4049
35.5275
26.8021
33.1847
34.6686
27.8965
22.4319
29.4253
32.3165
36.2064
35.9997
45.5081
41.2369
39.8238
32.6441
26.9835
26.9299
27.7685
32.2757
34.9384
35.4381
41.1843
42.3347
7.9937
10.7874
6.2180
9.3708
16.2227
18.5193
14.6076
20.9108
21.5385
28.7441
23.6272
32.5601
26.1587
23.4433
16.0358
16.8599
19.1358
22.8303
28.9037
33.1709
24.3423
30.1414
32.2093
25.6256
19.6207
25.3590
28.5404
31.5899
32.1529
41.2451
36.7792
35.1069
28.0293
22.4840
22.3669
24.5198
28.0900
30.7477
32.1161
37.5362
38.8888
4.9532
9.0549
6.8753
15.1242
17.3537
11.2653
18.3544
17.2323
25.1401
19.2899
27.2013
19.7543
16.6400
9.3219
10.0533
11.3491
15.1871
21.0457
25.2367
16.6145
22.5734
25.6041
19.3348
12.8700
19.9633
24.0552
27.3262
28.2400
36.2027
30.7286
30.0962
23.0005
18.7455
16.5501
17.1615
21.4417
24.5336
26.7906
31.8563
32.2148
8.6723
5.4849
11.6392
13.1302
6.9855
13.6269
12.7422
20.3413
14.3641
22.4795
15.5532
13.1845
5.6644
9.3985
12.0240
15.6735
20.3633
23.9287
16.4642
23.1228
27.1134
21.1826
14.9176
23.1448
27.6563
30.8055
32.0354
39.1984
32.9211
33.0037
26.1381
22.7567
19.3619
18.3852
23.3807
26.8532
29.7573
34.5186
33.9356
6.0909
10.3921
12.4387
10.6826
15.5440
17.5872
23.7997
18.5436
27.9829
22.7476
21.0965
13.9197
16.9753
19.7581
23.7376
28.9241
32.2789
24.2934
30.9688
33.7215
27.1962
21.2042
28.8033
32.5043
35.8570
36.5073
45.0503
39.7504
38.8812
31.7822
26.9544
25.4829
25.8191
30.4844
33.5820
35.3426
40.6878
41.0623
8.6794
12.1055
10.2330
15.0351
16.4000
22.7797
15.8210
25.0510
19.2702
17.8887
10.6861
14.7192
15.1666
19.8071
24.6311
26.9141
18.9527
25.9839
28.5959
22.1791
16.5565
25.6089
29.4485
33.6308
33.7767
41.9678
36.4618
36.3490
29.2400
25.0214
22.7367
21.1707
26.8619
30.0443
31.4426
36.7931
36.5474
5.3489
11.3358
10.7924
15.4282
18.6120
11.6589
21.5207
18.8759
19.7107
14.5288
20.3603
21.6177
25.9267
29.2738
30.0969
24.0611
31.5179
34.6017
28.6477
23.7019
33.5547
37.5787
41.8261
42.0359
49.7423
43.6569
44.1540
37.2128
33.4880
30.5145
27.6121
33.9263
37.3547
38.9712
44.1399
43.0022
9.6830
6.2217
12.1994
14.1101
9.1547
18.6449
17.2221
18.5228
14.6321
20.4894
23.6868
27.1545
29.9021
31.3252
26.2789
33.5423
37.6653
32.0101
26.6855
36.0275
40.4744
43.8968
44.9378
51.9827
45.2698
45.8643
39.1436
35.8566
32.3084
29.8671
35.6721
39.3180
42.0199
46.7992
45.3452
7.7885
7.0027
14.3904
10.7872
18.6329
13.2847
11.8788
7.0142
11.4974
17.3028
19.5940
22.9158
26.7568
21.1880
27.6538
32.7992
27.3741
21.1921
28.8106
33.6836
35.8299
37.9923
44.2855
37.2364
37.5186
31.0705
28.3008
24.2856
23.5838
28.0068
31.7234
35.8055
40.0600
38.9335
6.7688
8.4945
6.4325
14.2757
13.0843
14.5787
12.8204
18.2522
23.1179
25.4087
27.2746
29.4653
25.6686
32.4004
37.7409
32.6616
27.1183
35.6737
40.5954
43.0614
45.0491
50.9696
43.5306
44.4265
38.1539
35.7464
31.3257
29.1717
34.2776
38.1085
42.1088
46.2564
44.3359
8.5766
8.2867
12.7940
8.7480
8.9037
9.4538
13.5736
19.7965
20.7627
22.0357
25.5027
22.4618
28.3481
34.6749
30.2142
24.5630
31.9023
37.1591
38.7020
41.5133
46.3309
38.3960
39.5097
33.7369
32.2666
27.0978
25.4506
29.6117
33.5137
38.6629
42.1588
40.0031
8.9429
8.8778
12.0143
15.1021
17.4152
21.9479
27.2293
28.1830
28.1059
29.8877
28.7576
34.6060
41.0372
36.9924
31.9350
39.8873
45.1516
46.8764
49.5925
53.9605
45.7106
47.3610
41.8403
40.6715
35.2606
32.5437
37.1203
41.0476
46.1445
49.4577
46.5724
9.9244
9.1652
12.3667
12.2851
18.3319
21.0433
23.4124
24.1891
24.7117
22.1726
28.8864
34.2248
29.7479
25.0691
34.3620
39.2758
42.3536
43.8882
49.2377
41.6423
43.3426
37.2778
35.5578
30.5227
26.5173
32.3735
36.2023
39.8948
43.8284
41.1384
8.9193
13.8844
18.4407
22.9461
25.7333
26.3430
24.4979
24.0849
25.4031
30.5804
37.0985
34.1709
30.3699
38.6113
43.7991
46.0449
48.3201
51.6434
43.2106
45.9281
40.9024
40.7596
34.6476
29.9027
34.9743
38.7939
43.6577
46.4535
42.5187
5.1911
10.5607
14.3734
17.2039
17.5465
16.5111
17.9852
17.5916
22.8486
29.6559
26.4418
22.1523
29.8345
35.1052
37.1721
39.5827
43.1358
34.8326
37.2220
32.0289
31.9041
25.7383
21.5324
26.3242
30.1977
35.3097
38.1962
34.8131
7.5486
9.5581
13.7589
13.3556
13.2842
17.1896
15.3345
20.1941
27.2966
23.9092
19.0379
25.6314
31.0396
32.5184
35.3988
38.9679
30.6652
32.6340
27.4099
27.3430
21.1214
18.2171
22.1572
26.0775
31.7638
34.5834
31.7609
6.4461
10.7098
12.8422
16.1694
20.1646
14.4056
20.6629
26.1577
21.1894
15.2216
22.9675
28.0485
30.4561
32.5012
38.1596
30.9120
31.7774
25.4693
23.5601
18.6384
16.8095
21.5338
25.3273
29.5962
33.5742
32.0566
9.4770
9.3081
13.7407
20.2801
14.3298
18.7634
24.7077
20.2539
14.0723
18.8105
24.1269
25.1684
28.2723
33.2929
25.9278
26.3004
20.2680
18.9319
13.6586
14.5734
17.0981
20.8274
26.3348
29.7650
28.8359
5.6316
11.0189
14.7246
5.9311
11.3034
15.7797
10.9656
5.3671
13.4756
18.3549
22.1022
22.9837
28.6739
22.1928
23.4827
17.1255
16.0123
10.8106
6.3886
12.4501
15.9153
19.0783
23.2337
21.9740
6.8036
13.5510
7.9584
9.7278
16.2871
13.4792
9.3987
12.5965
18.0015
19.8292
22.2770
25.9443
18.3276
20.1394
14.6879
15.6653
8.8943
6.3019
9.0237
12.9251
18.6853
21.4617
19.6951
9.0308
9.6382
8.9170
17.2496
16.7226
14.6778
17.3021
22.3090
23.5050
26.2502
27.3973
18.8527
22.3679
18.6847
21.4259
14.4696
9.8078
11.6278
15.0714
21.5617
22.8307
19.0602
9.6809
9.1142
15.4938
16.4064
16.9575
22.0214
26.0573
29.2740
30.0766
31.1910
23.7544
28.2071
24.7816
27.1923
21.0192
12.7198
17.2860
19.8996
23.4672
24.8325
19.5364
7.5077
12.3071
9.1607
7.4946
15.4083
19.7040
24.1785
24.2656
28.6903
22.1629
24.8022
19.3963
19.6515
14.3108
5.6054
13.1570
16.2421
18.5695
22.1553
19.3873
8.3973
9.7626
11.4103
13.4102
17.0439
20.6859
20.9741
22.8668
16.2359
20.1180
16.4822
19.1640
13.8336
5.8248
9.3460
11.4064
14.4930
16.2847
12.3070
6.8224
12.7527
13.6483
14.6200
20.7882
18.0159
21.3612
18.0722
21.2110
17.8976
19.5866
17.0101
10.1955
13.2669
13.2563
10.1221
13.0992
10.6375
6.6918
11.7054
13.7118
20.6192
18.0204
24.3247
20.5888
22.3303
17.0103
16.3873
14.1102
7.4629
13.0901
14.2807
11.7578
16.8605
16.1496
10.9943
14.8306
20.2931
19.5130
26.5440
21.5606
22.4176
15.8632
13.8772
10.6494
6.0827
12.3175
14.8221
15.3664
20.4688
20.1932
5.5314
9.3750
9.7737
16.3879
12.7489
11.9427
5.5597
6.3305
5.8133
9.9746
6.8489
6.6566
8.5725
12.4890
15.0833
8.4288
4.6939
13.8998
13.7429
11.9497
7.8761
8.0729
11.0813
14.4607
11.3679
9.3635
5.9504
10.2828
15.1485
7.6596
10.6834
10.3062
5.2340
5.1549
9.2717
11.8423
18.5955
12.1437
9.6084
12.3796
12.5435
17.4196
11.4239
14.2642
11.3256
9.8956
10.7681
14.8564
18.9510
14.8455
12.0054
8.0627
10.1788
16.5345
9.2711
8.4389
13.7853
19.0779
20.1585
23.3823
16.9264
13.0494
13.3594
8.5260
13.6114
6.1353
9.7897
16.6237
14.4304
17.1261
9.7507
6.7778
13.2935
9.8708
10.7337
7.2412
13.5183
13.6733
19.3276
11.7682
8.8290
13.9385
11.8285
15.4690
6.9419
6.8634
13.8913
7.5656
6.2966
11.5326
12.9520
16.1142
7.0911
14.7630
11.8267
11.8652
13.4747
17.3334
21.0408
9.5134
6.5857
8.8161
14.1688
17.2933
18.5733
7.9214
10.8451
13.7866
17.3233
15.6089
3.9280
11.7332
13.1042
12.6603
9.3238
9.5691
10.3994
6.4095
10.4629
7.0490
