# Pairwise distances between all Valine CB atoms (in Å)
7.2337
9.8455
11.7180
16.9634
19.5085
23.7630
28.1259
31.9316
34.8189
39.1088
42.6339
46.7732
50.5795
54.5014
57.3875
61.6887
65.8953
69.5086
73.3569
77.6882
80.4187
84.4994
88.2309
92.3798
95.5179
99.6398
103.5097
107.4822
111.4315
116.2739
118.8465
123.5221
126.6890
130.9303
134.3000
139.7090
142.5729
147.3622
149.9890
154.4984
157.5025
161.8549
164.5469
169.4460
172.2628
176.5024
180.1138
184.2682
187.8887
191.8793
195.7679
199.1245
202.9251
207.4859
211.0872
215.2953
218.8829
223.4163
226.7816
231.0620
234.6887
238.6266
242.0387
246.1241
249.7197
254.1252
257.0328
261.3022
264.5206
268.5744
272.6594
276.9629
280.4220
284.4945
287.5296
292.1063
295.4346
300.1764
303.3370
307.7313
311.0108
315.0198
318.7313
322.9199
326.2222
330.3058
333.9199
338.0301
341.2635
345.6679
348.4274
351.7460
356.4444
360.2044
364.4844
367.8434
372.7484
377.4914
378.9798
384.0315
387.2406
391.7422
395.0402
398.7887
403.3247
407.2550
410.3697
415.1201
417.9602
422.7082
425.7552
430.6078
433.1093
436.8545
441.7364
445.6590
448.5090
454.6543
454.7119
6.4049
8.7068
11.7603
15.9237
20.2395
23.0800
27.3457
30.9104
34.6081
38.2615
42.8957
45.8483
49.9519
53.4088
57.2316
61.4487
65.4816
68.8245
73.1973
76.4560
80.2203
83.8348
88.3195
91.0961
95.1315
99.3576
103.3314
107.0254
112.0764
114.5542
119.0378
122.4908
126.7155
129.8386
135.3828
138.3953
142.9385
145.8029
150.3198
153.0707
157.5719
160.2976
165.0691
168.0867
172.3474
175.7408
179.9591
183.6758
187.5446
191.4474
194.9546
198.5820
203.1723
206.9196
210.9936
214.6318
219.2224
222.4720
226.6914
230.4810
234.3317
237.7203
241.8916
245.4198
249.7458
252.8185
257.0598
260.1530
264.2916
268.3756
272.6275
276.1953
280.3017
283.1892
287.8169
291.1624
295.8465
299.0633
303.5105
306.6581
310.7176
314.5213
318.6037
321.9635
326.0972
329.5953
333.7233
337.0518
341.3697
344.1723
347.5492
352.1494
355.9381
360.2771
363.5584
368.4621
373.2635
374.6554
379.6790
382.9925
387.4771
390.7271
394.5594
399.0615
402.9436
406.1490
410.8996
413.6532
418.4525
421.4914
426.2780
428.8715
432.6318
437.4380
441.4142
444.2732
450.3816
450.4777
7.9215
10.0816
10.9684
16.2683
19.9313
22.9105
27.1074
31.1670
33.8649
38.5778
42.2042
45.6980
49.2511
53.4314
57.2014
61.1971
65.0317
69.1345
72.2358
76.3346
79.6746
84.0964
87.2636
91.1417
95.1732
99.3103
102.9250
107.8382
110.6243
115.0468
118.2942
122.7070
125.7803
131.2333
134.3554
138.9844
141.6060
146.2319
149.0366
153.3792
156.2730
161.0665
163.8861
168.2376
171.7346
175.7917
179.6149
183.5447
187.3091
190.8076
194.5689
199.0510
202.8181
206.9845
210.4608
215.0731
218.4571
222.6057
226.3774
230.3144
233.5932
237.7432
241.3994
245.6873
248.6837
252.9959
256.0924
260.1536
264.3527
268.5785
272.0408
276.1983
279.1267
283.6827
287.1296
291.8172
294.9241
299.4087
302.5895
306.5889
310.4027
314.5528
317.8023
321.9661
325.5391
329.6023
332.9438
337.3105
340.0074
343.4260
348.0794
351.7912
356.1678
359.4945
364.3311
369.1347
370.6212
375.6322
378.8958
383.4312
386.6357
390.4289
395.0053
398.8754
402.0020
406.8009
409.5471
414.3081
417.4229
422.2092
424.7393
428.5377
433.3570
437.2864
440.2083
446.3192
446.3341
6.2894
10.2951
12.9163
17.0351
21.7285
23.6200
27.7252
32.0230
35.9036
39.3308
43.7212
46.3410
50.4227
55.0108
58.5484
62.0792
66.6083
69.3827
73.2280
77.1963
81.3389
84.2193
88.4736
92.4357
96.2790
100.3237
105.2447
107.5840
112.3340
115.6180
119.7118
123.1567
128.6121
131.3711
136.1235
138.9083
143.3287
146.3240
150.7809
153.3333
158.2299
161.1787
165.3433
168.8976
173.1712
176.6947
180.6513
184.6458
187.9914
191.7062
196.3466
199.9175
204.0671
207.7746
212.2838
215.5570
219.8996
223.5204
227.4011
230.9006
234.9920
238.4959
242.9400
245.8872
250.1044
253.3342
257.4377
261.4341
265.7620
269.2914
273.3212
276.3389
280.9656
284.2141
288.9585
292.1977
296.5573
299.8251
303.8748
307.5687
311.7153
315.0977
319.1521
322.7197
326.8782
330.0918
334.4666
337.3043
340.5845
345.2504
349.0674
353.3125
356.6433
361.6003
366.3355
367.7612
372.8255
376.0613
380.5264
383.8632
387.6334
392.1158
396.0594
399.2263
403.9393
406.7931
411.5657
414.5549
419.4141
421.9551
425.6699
430.5482
434.5016
437.3034
443.4494
443.5658
7.8104
9.7116
11.5819
16.8302
19.4984
22.9547
27.2654
31.6535
34.3081
38.7903
41.9830
45.6566
50.1774
54.1044
57.2502
61.7675
65.0037
68.6204
72.4261
76.8626
79.4934
83.6377
87.8810
91.7595
95.5586
100.6369
102.9568
107.5240
111.0175
115.1365
118.3541
123.9088
126.8216
131.3774
134.3173
138.7676
141.5543
146.1063
148.7243
153.5153
156.5947
160.7973
164.1861
168.4798
172.1092
175.9746
179.9511
183.4238
187.0196
191.6617
195.3618
199.4172
203.1321
207.6949
210.8993
215.1744
218.9298
222.7555
226.2107
230.3704
233.8456
238.2139
241.2840
245.4932
248.6178
252.7758
256.7971
261.0756
264.6732
268.7431
271.6454
276.2990
279.5848
284.2814
287.5433
291.9559
295.1201
299.1989
302.9726
307.0451
310.4510
314.5543
318.0413
322.2003
325.4966
329.8098
332.6599
335.9984
340.5939
344.4177
348.7207
351.9966
356.9375
361.7220
363.0883
368.1263
371.4381
375.9005
379.1869
383.0184
387.4892
391.3900
394.6147
399.3388
402.1188
406.9255
409.9250
414.7292
417.3326
421.0686
425.8867
429.8743
432.6978
438.8135
438.9437
6.0212
10.6628
12.6276
16.4120
20.7608
23.2241
27.6653
31.7314
35.1257
38.3637
42.7428
46.5375
50.3301
54.3627
58.4495
61.3438
65.5430
68.9505
73.2357
76.5254
80.4483
84.3408
88.4659
92.1918
97.0341
99.8268
104.3361
107.4828
111.8821
115.0666
120.4693
123.5188
128.2384
130.7907
135.3990
138.3026
142.6046
145.4602
150.3029
153.0684
157.3990
160.9692
165.0238
168.7918
172.7623
176.5404
179.9793
183.7911
188.2761
191.9833
196.1896
199.6687
204.2544
207.6657
211.8499
215.5573
219.5174
222.8217
226.9396
230.6046
234.9308
237.8709
242.1839
245.3309
249.3689
253.5518
257.8013
261.2363
265.3732
268.3537
272.9003
276.3254
281.0352
284.1361
288.5937
291.8227
295.8110
299.5862
303.7680
307.0126
311.1512
314.7585
318.8250
322.1266
326.5196
329.2171
332.6056
337.2887
341.0019
345.3492
348.6989
353.5472
358.3270
359.8374
364.8618
368.0907
372.6258
375.8558
379.6221
384.2004
388.0911
391.1949
395.9858
398.7674
403.5144
406.6199
411.4327
413.9363
417.7229
422.5695
426.4854
429.3945
435.5189
435.5318
7.2157
10.0710
11.1042
15.7331
19.4020
23.0783
27.1422
31.1287
33.6361
38.0050
42.3393
45.7922
49.6776
54.0234
56.6824
60.7478
64.5446
68.6416
71.7845
75.9353
79.7650
83.7205
87.7111
92.5482
95.0874
99.7963
102.9491
107.1675
110.5773
115.9739
118.8116
123.6127
126.2468
130.7392
133.7615
138.1218
140.7841
145.6901
148.5206
152.7463
156.3569
160.5302
164.1277
168.1181
172.0235
175.3724
179.1648
183.7363
187.3308
191.5326
195.1374
199.6645
203.0191
207.3123
210.9312
214.8638
218.2897
222.3727
225.9570
230.3715
233.2790
237.5414
240.7655
244.8237
248.8966
253.2032
256.6714
260.7381
263.7716
268.3551
271.6723
276.4148
279.5856
283.9739
287.2543
291.2683
294.9759
299.1591
302.4740
306.5519
310.1598
314.2774
317.5072
321.9071
324.6796
327.9918
332.6844
336.4537
340.7285
344.0826
348.9958
353.7372
355.2179
360.2719
363.4826
367.9807
371.2831
375.0346
379.5637
383.4951
386.6181
391.3630
394.2047
398.9565
401.9949
406.8488
409.3556
413.0972
417.9774
421.9047
424.7495
430.8936
430.9599
7.0561
9.3270
11.7448
16.1004
20.6765
22.7822
27.3132
30.7651
34.2063
38.6704
42.7666
45.7655
50.2335
53.6821
57.2172
60.9052
65.4666
68.0413
72.1080
76.4401
80.3612
84.0366
89.1615
91.5222
96.0019
99.5456
103.7066
106.8234
112.3994
115.3956
119.8849
122.8449
127.3248
130.0377
134.6002
137.2719
142.0241
145.1220
149.3552
152.6952
156.9691
160.6581
164.4981
168.4427
171.9639
175.5363
180.1590
183.9147
187.9491
191.6373
196.2243
199.4265
203.6631
207.4662
211.2870
214.7047
218.8861
222.3743
226.7070
229.8090
234.0282
237.1138
241.2776
245.3304
249.5844
253.1885
257.2835
260.1489
264.7995
268.1187
272.7976
276.0472
280.4867
283.6184
287.6967
291.5022
295.5593
298.9540
303.0808
306.5515
310.6985
314.0283
318.3272
321.1629
324.5308
329.1092
332.9215
337.2533
340.5168
345.4392
350.2423
351.6049
356.6309
359.9607
364.4325
367.6908
371.5377
376.0187
379.9007
383.1323
387.8697
390.6206
395.4329
398.4505
403.2343
405.8486
409.6000
414.3978
418.3892
421.2335
427.3379
427.4577
8.2461
10.5337
11.0730
16.5595
19.8077
22.8008
26.9512
30.8889
34.3333
38.6258
42.3554
46.2886
49.7155
53.7302
56.8296
61.4477
64.5610
68.2954
72.4510
76.6610
80.0776
85.0613
87.9088
92.1959
95.5204
99.9898
102.9142
108.3997
111.6398
116.1635
118.8294
123.4895
126.1823
130.5527
133.5080
138.2420
141.1078
145.4936
148.9081
152.9545
156.8498
160.7355
164.4703
168.0385
171.7493
176.2166
180.0602
184.1838
187.6438
192.2866
195.6489
199.7533
203.5931
207.5108
210.7529
214.9357
218.5910
222.8354
225.8863
230.2014
233.2437
237.3241
241.5487
245.7442
249.2320
253.4160
256.2867
260.8498
264.3261
268.9885
272.0962
276.6111
279.7423
283.7508
287.6059
291.7232
294.9766
299.1668
302.7043
306.7627
310.1471
314.4855
317.1820
320.6327
325.2527
328.9630
333.3717
336.6729
341.4968
346.3249
347.7896
352.7866
356.0826
360.6218
363.7965
367.6175
372.1938
376.0408
379.1913
383.9988
386.7074
391.4829
394.6074
399.3667
401.9229
405.7348
410.5241
414.4674
417.4056
423.5004
423.5170
5.3954
10.0649
12.4813
16.4300
20.8187
22.7266
26.9905
31.6777
34.9500
38.6602
43.1342
45.7678
49.6904
53.6594
57.7189
60.7275
64.9655
68.8196
72.6993
76.7613
81.6327
84.0404
88.8035
92.0049
96.1412
99.6072
105.0193
107.7945
112.5855
115.2950
119.7385
122.7664
127.1770
129.7625
134.6715
137.5660
141.7519
145.3382
149.5722
153.1162
157.0925
161.0516
164.3913
168.1440
172.7547
176.3318
180.5067
184.1703
188.6839
191.9953
196.3209
199.9331
203.8396
207.3087
211.3927
214.9339
219.3690
222.2921
226.5298
229.7619
233.8423
237.8730
242.1917
245.6922
249.7383
252.7651
257.3718
260.6510
265.3954
268.6026
272.9738
276.2507
280.2832
283.9812
288.1457
291.4983
295.5615
299.1487
303.2889
306.5084
310.8951
313.7045
316.9979
321.6757
325.4718
329.7298
333.0712
338.0089
342.7459
344.1988
349.2591
352.4806
356.9624
360.2828
364.0437
368.5485
372.4863
375.6328
380.3605
383.2091
387.9719
390.9836
395.8412
398.3653
402.0930
406.9718
410.9130
413.7361
419.8804
419.9734
7.9542
10.1430
11.7164
17.0200
19.3567
22.7594
27.7833
31.4257
34.3832
39.0357
42.1882
45.6725
49.6728
54.0095
56.5769
60.8166
65.0003
68.8140
72.7249
77.7885
80.0166
84.6739
88.1350
92.1921
95.5167
101.0438
103.8760
108.4824
111.4201
115.8303
118.6846
123.2371
125.7877
130.6117
133.6901
137.8588
141.2816
145.6037
149.1706
153.0560
157.0655
160.4953
164.1060
168.7658
172.4217
176.4910
180.2313
184.7705
187.9760
192.2879
195.9969
199.8289
203.3164
207.4544
210.9207
215.3224
218.3591
222.5605
225.7221
229.8712
233.8688
238.1659
241.7561
245.8063
248.7400
253.3947
256.6550
261.3666
264.6350
269.0245
272.2202
276.2967
280.0419
284.1297
287.5439
291.6257
295.1294
299.2971
302.5641
306.8905
309.7523
313.0654
317.6756
321.5081
325.7873
329.0746
334.0297
338.7970
340.1730
345.2218
348.5119
352.9713
356.2781
360.0940
364.5608
368.4761
371.6917
376.4065
379.2111
384.0113
386.9984
391.8212
394.4105
398.1361
402.9713
406.9531
409.7644
415.8883
416.0231
6.5391
10.0126
11.9093
16.1295
20.1690
23.3417
27.5716
31.5224
35.3182
38.6706
42.7787
45.8172
50.3807
53.6216
57.3312
61.3906
65.6289
69.0721
74.0088
76.9038
81.2193
84.4688
88.9573
91.9280
97.3762
100.5977
105.1719
107.7791
112.4417
115.1876
119.5239
122.4754
127.2347
130.0584
134.4423
137.8998
141.9326
145.8092
149.7197
153.4502
156.9891
160.7344
165.1948
169.0119
173.1614
176.6110
181.2422
184.6277
188.7454
192.5513
196.4869
199.7342
203.8993
207.5681
211.8296
214.8466
219.1669
222.2352
226.2987
230.5231
234.7284
238.1961
242.3734
245.2723
249.8265
253.2984
257.9720
261.0700
265.5735
268.7315
272.7307
276.5669
280.7041
283.9492
288.1281
291.6872
295.7438
299.1087
303.4630
306.1546
309.5922
314.2298
317.9371
322.3330
325.6481
330.4745
335.2905
336.7729
341.7763
345.0513
349.5937
352.7786
356.5838
361.1653
365.0219
368.1569
372.9629
375.6891
380.4556
383.5793
388.3522
390.8914
394.6995
399.5032
403.4373
406.3727
412.4742
412.4857
8.0566
9.6949
10.7296
15.8223
19.6712
22.7359
27.2356
31.2385
33.6916
38.0263
41.6032
45.6202
49.0819
53.0958
56.7518
60.8331
64.7559
69.5065
72.2469
76.9070
79.9244
84.2647
87.6363
92.9691
95.8895
100.7238
103.2231
107.7800
110.8173
115.0946
117.8542
122.7603
125.4970
129.7775
133.4226
137.5116
141.1776
145.1891
149.0166
152.3779
156.2248
160.7369
164.3638
168.5992
172.1190
176.6644
180.0798
184.3272
187.9540
191.9245
195.2861
199.3670
203.0143
207.3986
210.2831
214.5809
217.7914
221.8170
225.9540
230.2375
233.6636
237.7638
240.7976
245.3494
248.7247
253.4603
256.5790
260.9947
264.2754
268.2637
271.9895
276.1932
279.4590
283.5592
287.1897
291.2758
294.5263
298.9385
301.6634
305.0055
309.7100
313.4442
317.7477
321.1131
325.9914
330.7421
332.2595
337.3030
340.5009
345.0249
348.2948
352.0386
356.6020
360.5191
363.6153
368.3854
371.2097
375.9496
379.0259
383.8700
386.3572
390.1216
394.9960
398.9074
401.7879
407.9264
407.9566
7.0639
9.9490
11.5657
16.5424
20.7571
22.9984
27.5591
31.4032
34.5558
38.2535
42.9534
45.2891
49.3424
53.8018
57.6961
61.2952
66.4976
68.7830
73.2257
76.8473
80.9790
84.0581
89.6555
92.6723
97.1046
100.1272
104.5926
107.2610
111.8616
114.5165
119.2457
122.3947
126.6213
129.9164
134.2148
137.9052
141.7229
145.6790
149.2209
152.7590
157.3908
161.1681
165.1768
168.8804
173.4716
176.6521
180.8868
184.7068
188.5140
191.9339
196.1244
199.5999
203.9271
207.0475
211.2604
214.3340
218.5081
222.5574
226.8051
230.4251
234.5226
237.3694
242.0279
245.3461
250.0184
253.2765
257.7195
260.8383
264.9230
268.7364
272.7804
276.1859
280.3151
283.7718
287.9232
291.2611
295.5494
298.3947
301.7657
306.3314
310.1500
314.4860
317.7398
322.6647
327.4723
328.8251
333.8494
337.1872
341.6580
344.9119
348.7670
353.2438
357.1212
360.3632
365.0992
367.8425
372.6602
375.6749
380.4537
383.0763
386.8288
391.6189
395.6158
398.4612
404.5612
404.6860
7.8256
9.8095
11.5641
16.5998
20.1361
23.5592
27.5532
31.4209
34.0628
38.9474
42.0401
45.5476
49.8134
54.1249
57.3008
62.3452
65.2847
69.4277
72.8004
77.3371
80.1241
85.6244
88.9760
93.4140
96.0976
100.7897
103.3977
107.7802
110.7892
115.4777
118.3696
122.7839
126.1405
130.1731
134.1222
137.9787
141.6869
145.3027
148.9827
153.4352
157.3326
161.4292
164.8727
169.5353
172.8875
176.9623
180.8430
184.7513
187.9671
192.1687
195.8275
200.0448
203.1254
207.4438
210.4543
214.5434
218.7865
222.9623
226.4632
230.6642
233.5009
238.0669
241.5626
246.2099
249.3158
253.8482
256.9525
260.9648
264.8430
268.9425
272.1975
276.4020
279.9205
283.9757
287.3837
291.7065
294.4029
297.8710
302.4724
306.1818
310.6082
313.8954
318.7122
323.5529
325.0076
329.9974
333.3087
337.8513
341.0090
344.8443
349.4215
353.2557
356.4186
361.2308
363.9195
368.7025
371.8322
376.5778
379.1467
382.9661
387.7394
391.6897
394.6374
400.7232
400.7404
6.4465
10.4100
12.2518
16.8907
20.9216
23.0672
27.3267
31.1571
35.0103
38.4173
42.5472
46.1340
50.1317
54.1889
58.9386
61.5456
66.3020
69.3220
73.5737
77.0500
82.3760
85.2057
90.0652
92.6135
97.1158
100.1947
104.5072
107.1777
112.1039
114.8855
119.1203
122.7660
126.9136
130.5098
134.5209
138.4049
141.7389
145.5632
150.1141
153.7064
157.9281
161.5053
166.0300
169.4123
173.7013
177.3029
181.2555
184.6656
188.7384
192.3473
196.7622
199.6456
203.9204
207.1528
211.1930
215.2857
219.5873
223.0365
227.1117
230.1535
234.7246
238.0584
242.8019
245.9532
250.3457
253.6360
257.6389
261.3454
265.5401
268.8399
272.9197
276.5400
280.6482
283.8786
288.2855
291.0450
294.3617
299.0604
302.8199
307.1001
310.4598
315.3640
320.1045
321.6021
326.6550
329.8541
334.3629
337.6562
341.4018
345.9433
349.8715
352.9838
357.7359
360.5756
365.3222
368.3715
373.2258
375.7223
379.4709
384.3510
388.2718
391.1290
397.2712
397.3256
7.3826
10.0222
11.6746
16.4527
20.0008
23.0255
27.0306
31.4817
33.8777
38.0712
42.3358
46.1694
49.9747
55.0936
57.3241
61.9211
65.4177
69.5006
72.7603
78.2908
81.1897
85.7460
88.6950
93.1249
95.9299
100.4879
103.0750
107.8717
110.9629
115.1556
118.5429
122.8487
126.4597
130.3291
134.3104
137.7755
141.3739
146.0140
149.7148
153.7718
157.4847
162.0418
165.2535
169.5355
173.2754
177.1102
180.5643
184.7155
188.2003
192.5759
195.6279
199.8415
202.9772
207.1239
211.1530
215.4298
219.0179
223.0906
225.9999
230.6476
233.9397
238.6389
241.8900
246.3011
249.4776
253.5490
257.3170
261.3988
264.7984
268.8981
272.3957
276.5507
279.8422
284.1617
287.0071
290.3435
294.9444
298.7642
303.0666
306.3478
311.2855
316.0657
317.4476
322.4874
325.7845
330.2559
333.5386
337.3622
341.8426
345.7434
348.9582
353.6860
356.4696
361.2708
364.2763
369.0855
371.6768
375.4167
380.2382
384.2189
387.0513
393.1667
393.2876
6.6451
9.8770
12.1335
16.5273
20.3365
22.5130
27.4977
30.7322
34.0720
38.2785
42.6678
45.7612
50.7819
53.8084
57.9226
61.2376
65.8178
68.6011
74.0709
77.4420
81.8995
84.5339
89.2385
91.8694
96.2248
99.2461
103.9444
106.8062
111.2269
114.6055
118.6226
122.5700
126.4402
130.1380
133.7410
137.4428
141.8857
145.7742
149.8859
153.3168
157.9746
161.3439
165.4227
169.2851
173.2061
176.4201
180.6116
184.2822
188.5075
191.5671
195.8906
198.9153
202.9926
207.2397
211.4191
214.9067
219.1060
221.9582
226.5176
230.0140
234.6673
237.7648
242.2921
245.4120
249.4178
253.2857
257.3975
260.6461
264.8447
268.3765
272.4296
275.8272
280.1593
282.8518
286.3132
290.9247
294.6316
299.0515
302.3468
307.1642
311.9981
313.4647
318.4580
321.7560
326.3017
329.4641
333.2899
337.8713
341.7106
344.8639
349.6758
352.3743
357.1517
360.2819
365.0355
367.5936
371.4116
376.1930
380.1375
383.0848
389.1741
389.1875
8.0229
9.7632
11.1114
16.0096
19.1699
22.9057
26.8810
30.6882
34.0299
38.2459
42.1278
46.7746
49.6869
54.3225
57.1928
61.6229
64.9939
70.2567
73.2255
78.0912
80.4904
85.0833
88.1430
92.3653
95.1732
100.0814
102.7646
107.0736
110.7375
114.7835
118.4801
122.5031
126.2908
129.6575
133.5305
138.0119
141.6577
145.9070
149.3860
153.9394
157.3829
161.6096
165.2386
169.2267
172.5583
176.6378
180.3138
184.6847
187.5583
191.8716
195.0757
199.0867
203.2527
207.5238
210.9338
215.0500
218.0799
222.6191
226.0203
230.7513
233.8483
238.2764
241.5554
245.5336
249.2686
253.4780
256.7262
260.8357
264.4724
268.5464
271.8075
276.2218
278.9303
282.2855
286.9907
290.7126
295.0292
298.3960
303.2609
308.0166
309.5467
314.5856
317.7796
322.3147
325.5694
329.3125
333.8890
337.7983
340.8874
345.6672
348.4818
353.2189
356.3092
361.1479
363.6299
367.4040
372.2730
376.1800
379.0759
385.2099
385.2277
5.9298
10.6467
11.7926
15.8807
20.6148
22.2962
26.4821
31.0651
34.8087
38.4456
43.7259
45.7924
50.3009
53.9801
58.0009
61.1606
66.7532
69.6977
74.1277
77.2142
81.6209
84.3177
88.9566
91.5242
96.2673
99.4629
103.6474
106.9379
111.2883
114.9157
118.7344
122.7357
126.2518
129.7750
134.4346
138.1835
142.1848
145.9290
150.5004
153.6623
157.9324
161.7219
165.5225
168.9782
173.1557
176.6098
180.9654
184.0705
188.2696
191.3689
195.5450
199.5656
203.8278
207.4551
211.5341
214.3968
219.0639
222.3543
227.0362
230.3099
234.7328
237.8707
241.9597
245.7520
249.7994
253.2228
257.3333
260.7939
264.9580
268.2742
272.5664
275.4312
278.7801
283.3499
287.1827
291.4985
294.7553
299.6968
304.4919
305.8435
310.8768
314.2027
318.6677
321.9394
325.7869
330.2546
334.1430
337.3859
342.1109
344.8722
349.6887
352.6877
357.4800
360.0979
363.8400
368.6406
372.6375
375.4697
381.5746
381.7097
7.7359
9.0657
10.7072
16.1541
18.6681
22.0136
26.5336
30.7797
33.8343
39.0362
41.7666
45.9132
49.4207
53.8387
56.6633
62.1999
65.4903
69.8759
72.7037
77.3166
79.9149
84.3931
87.2750
91.9622
94.9735
99.3225
102.6299
106.7696
110.6286
114.4612
118.2614
121.8618
125.4760
129.9949
133.8635
137.9167
141.4596
146.0971
149.3807
153.5162
157.3760
161.2456
164.5376
168.7358
172.3254
176.5854
179.6806
183.9588
186.9938
191.1149
195.2861
199.4865
203.0357
207.1990
210.0360
214.6388
218.0677
222.7238
225.8881
230.3859
233.4975
237.5377
241.3902
245.4675
248.7840
252.9575
256.4515
260.5454
263.9256
268.2340
270.9922
274.4208
279.0063
282.7608
287.1511
290.4242
295.2851
300.1116
301.5288
306.5334
309.8510
314.3680
317.5628
321.4050
325.9438
329.7949
332.9892
337.7709
340.4824
345.2790
348.3623
353.1231
355.7112
359.5045
364.2847
368.2530
371.1619
377.2524
377.3124
6.8014
10.0523
12.0185
16.7076
20.6323
23.1914
27.2777
31.6164
36.0222
38.8176
43.7298
46.3571
50.6718
54.3552
59.4980
62.2497
67.2921
69.6117
74.1258
77.3776
81.5604
84.2329
89.2285
91.8676
96.1074
99.8741
103.9614
107.5248
111.6011
115.4504
118.7162
122.6356
127.1498
130.6917
134.9793
138.5059
143.0100
146.4599
150.7600
154.2933
158.2939
161.6916
165.7273
169.3834
173.8201
176.6292
180.9256
184.2018
188.1976
192.3118
196.6221
200.0192
204.0938
207.1857
211.7286
215.0752
219.8353
222.9500
227.3322
230.6683
234.6452
238.3257
242.5612
245.8285
249.8971
253.5614
257.6545
260.8601
265.2972
268.0308
271.3371
276.0682
279.8093
284.0795
287.4654
292.3600
297.0845
298.6240
303.6824
306.8433
311.3667
314.6633
318.3811
322.9435
326.8809
329.9589
334.7181
337.5778
342.3058
345.3681
350.2392
352.7023
356.4537
361.3529
365.2535
368.1203
374.2699
374.3029
7.4559
9.7085
11.1650
15.9848
19.7440
23.1822
27.5258
32.5209
34.3615
39.3088
42.6599
46.5204
50.1449
55.5678
58.2055
62.9237
65.8546
70.1682
73.1699
77.7191
80.1232
85.0114
88.0910
92.1948
95.6760
100.0488
103.5019
107.4235
111.4842
114.8414
118.4789
123.1612
126.7519
130.8443
134.6162
139.1182
142.3326
146.6984
150.3324
154.1804
157.7085
161.8111
165.2742
169.7235
172.7030
176.8985
180.1147
184.2432
188.2177
192.5364
196.1091
200.1378
203.1153
207.7658
211.0010
215.7323
218.9995
223.3609
226.6024
230.6702
234.3782
238.4910
241.9088
245.9638
249.4947
253.6686
256.8992
261.2455
264.1156
267.3994
272.0303
275.8687
280.1217
283.4254
288.3932
293.1388
294.5368
299.5981
302.8544
307.3169
310.6428
314.4361
318.9057
322.8366
326.0349
330.7427
333.5758
338.3649
341.3435
346.1892
348.7551
352.4727
357.3281
361.2987
364.1038
370.2361
370.3687
6.9609
9.7807
11.7808
16.0573
20.6419
23.2568
28.3675
31.4865
35.4579
38.7796
43.3951
46.1224
51.5765
54.9925
59.4088
62.0627
66.7560
69.3744
73.7509
76.7447
81.4355
84.3328
88.7394
92.0962
96.1440
100.0657
103.9282
107.6503
111.2500
114.9315
119.3916
123.2761
127.3730
130.8334
135.4816
138.8313
142.9326
146.7820
150.6935
153.9329
158.1199
161.7702
166.0138
169.0710
173.3817
176.4200
180.5047
184.7277
188.9157
192.4181
196.6040
199.4593
204.0308
207.5030
212.1609
215.2778
219.7901
222.9184
226.9327
230.7874
234.8939
238.1657
242.3497
245.8757
249.9437
253.3270
257.6559
260.3729
263.8163
268.4235
272.1483
276.5520
279.8435
284.6791
289.5049
290.9611
295.9618
299.2566
303.7942
306.9722
310.7977
315.3655
319.2128
322.3760
327.1755
329.8863
334.6676
337.7788
342.5415
345.1035
348.9108
353.6971
357.6471
360.5795
366.6712
366.7009
7.9023
10.0877
11.1873
15.6026
19.7884
24.0055
27.0814
31.8809
34.3465
38.7997
42.4032
47.4876
50.3542
55.3694
57.6180
62.1888
65.3976
69.5476
72.3017
77.2668
79.8848
84.1707
87.9094
91.9535
95.5866
99.6488
103.4487
106.7589
110.6737
115.1558
118.7546
123.0321
126.5165
131.0456
134.5073
138.7661
142.3405
146.3450
149.6988
153.7526
157.4317
161.8336
164.6652
168.9763
172.2178
176.2132
180.3646
184.6502
188.0473
192.1487
195.2087
199.7452
203.1283
207.8723
210.9701
215.3788
218.6875
222.6612
226.3711
230.5954
233.8488
237.9398
241.5921
245.6723
248.9088
253.3345
256.0523
259.3865
264.1034
267.8323
272.1299
275.5055
280.3819
285.1233
286.6624
291.7100
294.8851
299.4189
302.6888
306.4196
310.9931
314.9134
317.9961
322.7683
325.6018
330.3342
333.4141
338.2672
340.7387
344.5049
349.3860
353.2893
356.1762
362.3155
362.3381
6.0542
10.4731
13.0127
16.9384
22.3123
23.5249
28.3181
32.1264
35.7742
39.2060
44.7682
47.4728
51.9235
55.1623
59.4137
62.1957
66.9173
69.2701
74.0538
77.3468
81.4286
84.7203
89.1853
92.6660
96.4892
100.5936
104.0471
107.5396
112.2629
115.9413
119.9283
123.7632
128.2916
131.4107
135.7555
139.4833
143.2659
146.7995
150.9518
154.3558
158.7685
161.8482
166.0161
169.1649
173.3493
177.3064
181.5998
185.2455
189.2846
192.1774
196.8642
200.0947
204.7951
208.1051
212.4878
215.6585
219.7591
223.5115
227.5616
231.0230
235.0978
238.5613
242.7522
246.0275
250.3247
253.2297
256.5362
261.1115
264.9734
269.2502
272.5103
277.4853
282.2579
283.6002
288.6498
291.9594
296.4093
299.7165
303.5532
307.9991
311.9082
315.1573
319.8599
322.6532
327.4700
330.4367
335.2520
337.8663
341.5872
346.4057
350.4056
353.2094
359.3236
359.4818
7.3423
10.6999
12.0574
17.8578
20.1829
23.9133
27.8701
32.1519
34.7167
40.3662
43.7580
47.8847
50.9736
55.5222
57.9416
62.5706
65.3822
69.9871
73.1863
77.4993
80.6544
84.8912
88.7369
92.4950
96.3528
100.0099
103.5065
108.0727
111.9882
115.9580
119.5748
124.2173
127.4177
131.5644
135.4688
139.2856
142.6096
146.8336
150.3628
154.6195
157.7748
162.0212
165.0290
169.1925
173.3258
177.5207
181.1294
185.2835
188.0733
192.7106
196.1100
200.7524
203.9630
208.4575
211.5348
215.6035
219.4683
223.5029
226.8685
231.0386
234.4868
238.6058
241.9974
246.2736
249.0767
252.5000
257.0490
260.8349
265.2224
268.4663
273.3496
278.1835
279.5570
284.5620
287.9081
292.4087
295.6088
299.4758
303.9866
307.8333
311.0667
315.8326
318.5335
323.3497
326.4072
331.1594
333.7793
337.5635
342.3275
346.3180
349.2106
355.2934
355.3842
5.5749
9.0874
12.8976
16.2433
20.8698
23.1904
27.7386
31.2604
36.3071
39.2745
44.2156
46.4829
51.0761
54.2123
58.3871
61.1715
66.0945
68.7612
73.0668
76.7383
80.7898
84.4642
88.4922
92.2828
95.6433
99.5128
103.9934
107.6469
111.8872
115.3738
119.9224
123.3596
127.5958
131.2167
135.2028
138.5410
142.6185
146.2881
150.6654
153.5383
157.8465
161.0530
165.0670
169.2274
173.4950
176.9176
181.0332
184.0522
188.5992
191.9945
196.7222
199.8289
204.2547
207.5295
211.5138
215.2497
219.4481
222.7128
226.8185
230.4428
234.5251
237.7883
242.1924
244.9183
248.2700
252.9619
256.6958
261.0113
264.3675
269.2411
273.9979
275.5169
280.5569
283.7558
288.2889
291.5432
295.2943
299.8630
303.7696
306.8730
311.6474
314.4580
319.2023
322.2832
327.1198
329.6118
333.3841
338.2457
342.1610
345.0540
351.1833
351.2123
7.7803
10.6392
11.6382
17.4378
19.8512
23.4582
27.8136
32.8180
35.0952
40.1941
42.8150
47.0538
50.4145
54.7900
57.0782
62.1109
65.0065
69.0687
72.7527
77.0835
80.4195
84.4493
88.5031
91.7273
95.5032
100.1578
103.6398
107.8319
111.5630
116.0190
119.3217
123.7321
127.2423
131.1574
134.6953
138.7349
142.2521
146.7537
149.6149
153.8335
157.1317
161.1978
165.1839
169.5280
173.0280
177.0430
180.1074
184.7218
187.9578
192.7209
195.9446
200.2794
203.5992
207.6321
211.2899
215.4659
218.8447
222.8738
226.4728
230.6313
233.8134
238.2080
241.0485
244.3056
248.9891
252.8068
257.0343
260.3799
265.3420
270.0581
271.5162
276.5904
279.7864
284.2659
287.6074
291.3560
295.8514
299.8025
302.9498
307.6631
310.5353
315.2961
318.2869
323.1638
325.6786
329.3949
334.2850
338.2256
341.0370
347.1843
347.2899
6.4286
9.7902
12.3220
15.9244
20.6581
22.8849
28.3760
32.0573
36.1994
38.9802
43.6727
46.1185
50.5785
53.5786
58.1886
61.2032
65.6100
68.8463
72.9389
76.8808
80.6886
84.4271
88.0799
91.6842
96.1616
100.0976
104.1370
107.6307
112.2879
115.5897
119.6897
123.5730
127.4544
130.7039
134.9091
138.5283
142.7652
145.8601
150.1541
153.1720
157.2811
161.4880
165.6677
169.2068
173.3915
176.2129
180.8049
184.2644
188.9117
192.0544
196.5673
199.6731
203.7042
207.5689
211.6480
214.9501
219.1330
222.6297
226.7127
230.1052
234.4129
237.1582
240.5996
245.1822
248.9267
253.3303
256.6026
261.4516
266.2824
267.7128
272.7136
276.0250
280.5543
283.7336
287.5750
292.1265
295.9699
299.1580
303.9481
306.6513
311.4452
314.5406
319.2979
321.8795
325.6820
330.4572
334.4212
337.3451
343.4310
343.4797
7.7354
9.6763
10.4954
15.9951
18.8216
23.5607
27.0814
31.8770
33.7747
38.6074
41.5934
45.5942
48.7047
53.5304
56.0506
60.5139
64.1459
68.0168
71.9083
75.9183
79.5352
82.9957
86.9005
91.2671
95.0500
99.2981
102.6352
107.2435
110.7492
114.8721
118.5727
122.5925
125.8045
129.9112
133.6659
137.9599
140.8535
145.2113
148.3497
152.3390
156.6040
160.8166
164.2061
168.3859
171.3577
175.8705
179.3622
184.0605
187.1039
191.5882
194.8220
198.7828
202.5742
206.7717
209.9786
214.1328
217.7568
221.7975
225.1183
229.5159
232.1833
235.5953
240.2775
243.9681
248.3407
251.6920
256.5151
261.3013
262.8449
267.8621
271.0722
275.6355
278.8327
282.5951
287.2017
291.0762
294.1660
298.9747
301.7395
306.4806
309.6109
314.4170
316.9064
320.7125
325.5478
329.4550
332.3967
338.5098
338.5004
7.3295
10.1646
12.2802
16.8485
21.9108
23.9647
28.6995
31.9249
35.9265
39.0426
43.7286
45.7830
50.7045
53.9665
57.9284
61.3558
65.8881
69.1724
73.0731
77.2521
80.5697
84.1336
88.8845
92.4406
96.4863
100.3558
104.8244
107.9757
112.4006
116.0043
119.8220
123.4122
127.5058
130.9159
135.4005
138.3838
142.5489
145.7846
149.9314
153.8586
158.1888
161.7953
165.8017
168.7727
173.4464
176.6427
181.3763
184.6773
189.0188
192.2628
196.3461
200.0410
204.1370
207.5926
211.6297
215.1427
219.3379
222.5567
226.8907
229.7972
233.0617
237.6774
241.5408
245.7785
249.0701
254.0595
258.7995
260.1786
265.2462
268.5051
272.9587
276.2964
280.0960
284.5484
288.4830
291.6997
296.3941
299.2323
304.0295
306.9876
311.8373
314.4139
318.1225
322.9753
326.9557
329.7487
335.8787
336.0302
7.1683
10.0806
10.9160
16.8090
20.6476
24.0265
27.5533
32.0050
34.0384
38.8688
41.6514
46.0988
49.5258
53.8207
56.7600
61.0729
64.9511
68.6165
72.4962
76.2364
79.6142
84.2009
88.1947
92.0816
95.7352
100.3922
103.5312
107.6662
111.6222
115.4013
118.7268
122.9759
126.4729
130.7127
133.9164
138.1467
141.1227
145.3124
149.4368
153.6162
157.2633
161.4222
164.1685
168.8246
172.2199
176.8474
180.0790
184.5800
187.6286
191.7123
195.5935
199.5990
202.9896
207.1635
210.5814
214.7108
218.1180
222.3717
225.1967
228.6246
233.1475
236.9481
241.3416
244.5659
249.4564
254.2982
255.6497
260.6523
264.0150
268.5113
271.7058
275.5889
280.0888
283.9279
287.1830
291.9440
294.6324
299.4598
302.5082
307.2521
309.8893
313.6731
318.4237
322.4258
325.3166
331.3919
331.4954
6.8257
9.4885
13.2768
16.7490
21.6706
23.3159
28.1203
31.2653
35.2040
38.2222
43.0957
45.6007
50.0230
53.6966
57.6072
61.4143
65.4453
69.1079
72.5217
76.4309
80.8252
84.5642
88.8153
92.1961
96.7790
100.2699
104.4375
108.0959
112.1110
115.3673
119.4572
123.1869
127.5163
130.3912
134.7324
137.9023
141.8953
146.1241
150.3554
153.7557
157.9125
160.9025
165.4277
168.8839
173.5933
176.6592
181.1200
184.3728
188.3416
192.1100
196.3079
199.5397
203.6729
207.2969
211.3548
214.6523
219.0514
221.7454
225.1322
229.8157
233.5258
237.8755
241.2270
246.0716
250.8455
252.3802
257.4071
260.6104
265.1635
268.3822
272.1406
276.7321
280.6186
283.7158
288.5101
291.2927
296.0360
299.1451
303.9638
306.4546
310.2475
315.0918
319.0033
321.9266
328.0445
328.0521
8.1861
10.8410
11.7000
17.0989
19.8554
23.6770
27.2835
31.7268
33.6254
38.7113
41.7619
45.6890
49.3288
53.7996
56.9862
60.9957
65.1476
68.3478
72.0520
76.7622
80.2324
84.3754
88.1862
92.6222
95.8658
100.3147
103.8192
107.7030
111.2837
115.3263
118.7979
123.3160
126.1992
130.3930
133.6901
137.7793
141.7328
146.0778
149.6159
153.6205
156.6604
161.2979
164.5098
169.2668
172.5211
176.8494
180.1537
184.2039
187.8653
192.0154
195.4283
199.4520
203.0230
207.1986
210.3858
214.7601
217.6317
220.8837
225.5431
229.3821
233.6075
236.9340
241.9107
246.6311
248.0637
253.1384
256.3500
260.8218
264.1643
267.9286
272.4083
276.3550
279.5273
284.2317
287.0954
291.8688
294.8448
299.7156
302.2499
305.9626
310.8404
314.7950
317.5999
323.7406
323.8638
6.3678
11.8207
13.7416
17.1647
21.8046
23.2835
28.0465
31.2216
35.4568
38.8190
43.2731
46.0858
50.2287
54.3456
57.9667
61.6731
65.5290
68.9217
73.3987
77.5260
81.4121
84.9243
89.6368
92.8392
96.8695
100.8958
104.7078
107.9179
112.1904
115.7677
119.9359
123.1496
127.4257
130.3479
134.5103
138.7287
142.8619
146.4723
150.6858
153.4007
158.0229
161.5023
166.1083
169.2795
173.8275
176.8514
180.9103
184.8319
188.8458
192.1814
196.3928
199.8209
203.9126
207.3611
211.6171
214.3879
217.8622
222.3858
226.1465
230.5836
233.8110
238.6584
243.5197
244.9020
249.8879
253.2497
257.7738
260.9241
264.8083
269.3442
273.1608
276.3952
281.1853
283.8436
288.6630
291.7543
296.4792
299.1045
302.9156
307.6516
311.6414
314.5727
320.6381
320.7050
7.4237
9.3880
10.9269
15.9790
18.0954
22.2083
25.6361
30.1011
32.8840
37.4520
40.6866
44.5777
48.6781
52.5085
56.0783
59.7608
63.4552
67.8186
71.8169
75.9042
79.2615
83.9368
87.3352
91.3831
95.2478
99.1904
102.3618
106.5488
110.2540
114.4717
117.5076
121.8443
124.8717
128.9288
133.2039
137.3645
140.8449
145.0581
147.9020
152.4560
155.9672
160.6170
163.7018
168.2281
171.3610
175.3601
179.2216
183.3366
186.5912
190.7802
194.3160
198.3720
201.7620
206.0939
208.7990
212.2504
216.8574
220.5729
224.9860
228.2793
233.1050
237.9302
239.4073
244.4070
247.6851
252.2386
255.4028
259.2224
263.8049
267.6467
270.8005
275.6069
278.3152
283.0917
286.2125
290.9774
293.5272
297.3423
302.1272
306.0708
309.0179
315.1054
315.1245
7.6861
9.1419
12.0244
16.5892
20.6285
22.0230
27.3394
30.2128
34.0050
37.8628
42.3396
45.3275
49.4373
53.6199
56.6793
60.4834
65.1884
68.5533
72.7647
76.5703
80.9603
84.2534
88.7502
92.1550
96.0788
99.6824
103.6780
107.1728
111.7345
114.5389
118.7403
122.0962
126.1487
130.0972
134.4618
137.9609
141.9509
145.0448
149.6648
152.8672
157.6445
160.8803
165.1874
168.5394
172.5722
176.2001
180.3843
183.7822
187.7866
191.3938
195.5651
198.7209
203.1208
205.9830
209.2151
213.9020
217.7344
221.9415
225.2895
230.2678
234.9701
236.4319
241.5150
244.6940
249.1724
252.5271
256.2678
260.7575
264.7166
267.8646
272.5688
275.4556
280.2152
283.1930
288.0818
290.5908
294.3002
299.1969
303.1373
305.9419
312.0908
312.2038
7.9384
9.6094
10.5350
16.1871
17.8918
22.1599
26.3087
30.1987
32.8219
37.5581
41.0733
44.6425
48.8092
52.4797
55.6639
60.4238
64.3241
68.1075
71.9949
76.5725
79.5672
83.8484
87.7245
91.4348
94.9217
99.1428
102.5125
106.8508
110.0482
114.2054
117.2508
121.4802
125.4740
129.7051
133.4158
137.5021
140.2749
144.9825
148.2622
152.9143
156.2302
160.6634
163.7487
167.8660
171.6881
175.6780
179.1535
183.2685
186.6700
190.8544
194.2011
198.4487
201.3580
204.7156
209.2322
213.0932
217.4230
220.6405
225.5942
230.4041
231.7206
236.7492
240.1004
244.5645
247.8186
251.6956
256.1487
260.0192
263.3006
268.0198
270.7543
275.5904
278.5777
283.3537
285.9995
289.7459
294.5186
298.5346
301.3733
307.4609
307.6132
6.0372
9.9219
12.1789
15.5595
20.4334
22.2850
26.8497
30.7613
34.4090
38.2399
42.3728
45.8835
49.2240
53.2867
57.5752
61.2987
65.6286
68.8995
73.4706
77.0581
81.2135
84.8050
88.8810
92.0970
96.1512
99.9458
104.2837
107.0844
111.4540
114.6563
118.6020
122.8668
127.0940
130.4466
134.6132
137.6357
142.1340
145.6129
150.3306
153.3598
157.8183
161.1038
165.0500
168.8033
173.0302
176.2360
180.3635
184.0181
188.0628
191.3471
195.7653
198.4404
201.8233
206.5256
210.2223
214.5691
217.9359
222.7723
227.5368
229.1016
234.1314
237.3077
241.8739
245.0901
248.8316
253.4388
257.3284
260.4047
265.2048
267.9972
272.7294
275.8479
280.6761
283.1459
286.9426
291.7961
295.6955
298.6281
304.7483
304.7423
7.6660
9.6327
10.2644
15.8128
18.2396
22.0307
26.1054
30.4152
33.3998
37.5942
41.6546
44.6801
48.6021
53.2108
56.6030
60.8762
64.5612
68.9672
72.3524
76.7987
80.1948
84.1745
87.7004
91.6872
95.2630
99.7943
102.5616
106.8062
110.1524
114.1640
118.1862
122.5249
125.9760
130.0036
133.0994
137.6849
140.9503
145.7206
148.9006
153.2363
156.5904
160.5964
164.2428
168.4484
171.7972
175.8239
179.4540
183.5943
186.7710
191.1829
193.9992
197.2609
201.9588
205.7579
209.9931
213.3515
218.2969
223.0086
224.5049
229.5782
232.7454
237.2484
240.5724
244.3065
248.8282
252.7736
255.8980
260.6254
263.4957
268.2451
271.2574
276.1370
278.6290
282.3593
287.2502
291.1769
294.0138
300.1573
300.2386
6.7997
9.4462
12.2890
16.5941
20.8022
22.8322
27.2087
31.3387
34.7291
38.5145
42.5016
45.6507
50.1913
54.4143
58.1559
61.7703
66.4769
69.5688
73.6279
77.6843
81.4380
84.6966
88.9842
92.4933
96.6780
99.9314
104.1699
107.0882
111.2852
115.4543
119.5912
123.2545
127.4477
130.1367
134.7918
138.2286
142.8318
146.0483
150.5771
153.5940
157.6758
161.5876
165.5753
168.9603
173.1524
176.5535
180.6732
184.1098
188.3482
191.1662
194.6170
199.1205
202.9142
207.3313
210.5430
215.4197
220.2738
221.6291
226.6238
229.9910
234.5006
237.6702
241.5623
246.0734
249.8974
253.1558
257.9266
260.5953
265.4251
268.4868
273.2196
275.8586
279.6549
284.3915
288.3939
291.3039
297.3695
297.4635
7.5856
9.8085
11.0274
16.2123
19.3144
22.4262
27.0496
30.8788
33.9628
37.7479
41.6273
45.7142
49.8663
54.0332
57.0946
61.8231
65.3967
69.3128
73.1811
77.2213
80.2303
84.4025
88.2560
92.4124
95.3772
99.7871
102.8002
106.7806
111.1779
115.2950
118.6879
122.9571
125.8141
130.3080
133.9137
138.5560
141.5494
146.1108
149.2613
153.2143
157.0901
161.2468
164.4254
168.6376
172.2188
176.2293
179.6346
183.9924
186.6310
190.1131
194.7458
198.4136
202.8551
206.1711
210.9539
215.7821
217.3180
222.3085
225.5545
230.1423
233.2731
237.0720
241.6993
245.5299
248.6414
253.4758
256.1759
260.9323
264.0956
268.8589
271.3740
275.2122
280.0000
283.9191
286.9044
292.9894
292.9653
6.2035
9.7385
12.4051
15.9894
20.9169
23.3967
27.4177
31.8258
34.8706
38.4622
43.2697
46.6791
50.7560
54.6933
59.0713
62.2444
66.7689
70.2218
74.0812
77.7200
81.7474
85.1751
89.7262
92.6063
96.7760
100.0875
104.1873
108.1128
112.4560
116.0247
120.0217
123.0412
127.6960
130.8910
135.6427
138.9169
143.2389
146.5361
150.5966
154.2590
158.3900
161.8299
165.8473
169.3978
173.5853
176.7774
181.1353
184.0313
187.2804
191.9186
195.7730
200.0000
203.3107
208.2960
213.0197
214.4395
219.5141
222.7322
227.2046
230.5411
234.3167
238.7901
242.7300
245.9191
250.6202
253.4737
258.2557
261.2254
266.0904
268.6361
272.3507
277.2163
281.1795
283.9879
290.1204
290.2518
7.6885
9.6706
10.6719
15.9358
19.2010
22.5216
26.7863
30.5300
33.5205
38.3028
42.2867
45.9845
49.8904
54.4596
57.4333
61.7170
65.5884
69.3030
72.7773
76.9920
80.3773
84.7173
87.8950
92.0607
95.1126
99.3248
103.3408
107.5611
111.2580
115.3556
118.1305
122.8271
126.1260
130.7783
134.0728
138.5096
141.6087
145.7133
149.5322
153.5358
156.9964
161.1108
164.5281
168.7031
172.0474
176.3045
179.2009
182.5607
187.0858
190.9365
195.2699
198.4958
203.4406
208.2467
209.5872
214.6166
217.9484
222.4264
225.6726
229.5386
234.0076
237.8772
241.1423
245.8692
248.6068
253.4344
256.4337
261.2149
263.8434
267.5968
272.3741
276.3797
279.2318
285.3195
285.4566
5.9534
10.6088
12.6478
16.5104
20.8755
23.8596
26.9972
31.4311
35.4417
39.1335
43.6189
46.6524
51.2049
54.9732
59.0916
62.5709
66.7499
69.8880
73.8853
77.7878
82.1307
84.8178
89.2333
92.4788
96.3518
100.6751
104.8925
108.1734
112.3572
115.4232
119.8810
123.3966
128.1236
131.0987
135.5572
138.8840
142.7981
146.5345
150.7999
153.9673
158.0903
161.7850
165.8096
169.0800
173.5227
176.1695
179.5509
184.2771
187.9538
192.3000
195.6863
200.5090
205.2633
206.8671
211.8988
215.0426
219.6262
222.8363
226.5573
231.1860
235.0777
238.1273
242.9363
245.7384
250.4567
253.5893
258.4273
260.8715
264.6745
269.5379
273.4222
276.3682
282.4906
282.4660
7.4478
10.5194
11.5425
16.3251
20.3729
22.6918
27.0168
31.5370
34.5866
39.0627
42.7073
46.9780
50.4979
55.0540
58.1962
62.2733
65.8407
69.7177
73.3483
77.9666
80.5652
84.8266
88.2870
92.2220
96.2393
100.6074
103.9873
107.9921
111.1782
115.7317
118.9840
123.7857
126.9319
131.2331
134.6653
138.6413
142.2345
146.4927
149.8190
153.8149
157.4996
161.6328
164.7626
169.2115
172.0154
175.2473
179.9833
183.7735
187.9827
191.3706
196.3182
201.0038
202.5431
207.6281
210.7469
215.2614
218.6000
222.3013
226.8380
230.7990
233.8907
238.6180
241.5186
246.2495
249.2643
254.1680
256.6254
260.3524
265.2669
269.1749
272.0135
278.1662
278.2339
7.2367
9.3527
11.9017
16.4312
20.2834
22.8546
27.7297
31.8121
35.3392
39.3407
43.8954
46.7729
51.0717
54.9708
58.6438
62.1381
66.3647
69.7132
74.0533
77.2586
81.4065
84.4458
88.6747
92.6771
96.8900
100.6130
104.7091
107.4605
112.1699
115.4612
120.1068
123.4150
127.8511
130.9395
135.0520
138.8751
142.8645
146.3410
150.4534
153.8568
158.0386
161.3869
165.6339
168.5437
171.9022
176.4154
180.2747
184.6084
187.8256
192.7756
197.5833
198.9155
203.9450
207.2811
211.7579
215.0027
218.8742
223.3387
227.2059
230.4795
235.2036
237.9379
242.7695
245.7642
250.5436
253.1776
256.9304
261.7032
265.7130
268.5643
274.6492
274.7914
8.1717
10.2927
11.5576
16.0912
19.7382
23.3211
28.0153
31.9871
34.7299
39.5824
43.1849
46.9013
50.9290
54.9634
57.8108
62.0413
65.9497
70.0031
73.0339
77.4676
80.3879
84.3740
88.8448
92.8974
96.3113
100.6313
103.4036
107.8976
111.5594
116.1648
119.1444
123.7460
126.8422
130.7996
134.7227
138.8445
142.0250
146.2645
149.8098
153.8135
157.2634
161.5913
164.2313
167.7445
172.3414
176.0091
180.4814
183.7715
188.5432
193.3923
194.9121
199.8910
203.1604
207.7548
210.8575
214.6799
219.3078
223.1178
226.2509
231.0913
233.7606
238.5295
241.6987
246.4417
248.9769
252.8258
257.5887
261.5195
264.5182
270.5889
270.5683
5.5527
10.2863
11.7161
15.5880
20.4171
23.2871
27.5396
31.5633
35.7302
38.9962
43.6994
46.8387
50.7902
54.5129
58.4125
61.8765
66.5401
69.2364
73.4150
76.8581
80.8796
84.7890
89.1671
92.6667
96.6360
99.7513
104.3758
107.5523
112.3388
115.5802
119.8636
123.2458
127.2751
130.8798
135.0667
138.4848
142.4683
146.0772
150.2579
153.3997
157.7973
160.6808
163.8981
168.5769
172.4220
176.6217
179.9642
184.9515
189.6474
191.1149
196.2023
199.3675
203.8538
207.2048
210.9449
215.4361
219.3923
222.5452
227.2475
230.1331
234.8945
237.8689
242.7598
245.2670
248.9794
253.8704
257.8125
260.6248
266.7673
266.8818
7.1210
9.6651
11.0695
16.4436
20.1418
23.4668
27.8957
32.2281
34.9297
39.4889
43.1647
46.7952
50.5055
54.6453
57.8777
62.3669
65.4844
69.5676
72.7329
76.9621
80.8379
85.1187
88.8597
92.8777
95.7050
100.4408
103.6259
108.3120
111.6720
116.0342
119.1952
123.3182
127.0649
131.0740
134.6005
138.6517
142.0757
146.2944
149.5699
153.8360
156.7977
160.0879
164.6223
168.5185
172.7905
176.0227
181.0184
185.7884
187.1201
192.1749
195.4768
199.9356
203.2333
207.0805
211.5209
215.4208
218.6916
223.3872
226.1724
230.9981
233.9535
238.7692
241.3885
245.1132
249.9171
253.9245
256.7397
262.8406
263.0066
6.7406
8.9838
11.7712
17.0913
20.6814
23.2803
28.1901
31.7038
35.3560
39.4689
43.4497
46.2841
50.5473
54.4130
58.4532
61.5371
65.9443
68.8383
72.8585
77.3026
81.3450
84.8124
89.1256
91.8565
96.3814
100.0168
104.6124
107.6315
112.2258
115.3020
119.2826
123.2090
127.2993
130.5243
134.7545
138.2670
142.2944
145.7453
150.0509
152.7321
156.2332
160.8047
164.5012
168.9640
172.2343
177.0290
181.8785
183.3676
188.3509
191.6351
196.2165
199.3299
203.1666
207.7719
211.5835
214.7439
219.5694
222.2389
227.0209
230.1662
234.9092
237.4641
241.3027
246.0593
250.0051
252.9876
259.0555
259.0596
7.4083
9.8387
12.1816
17.1809
20.1416
24.3029
28.2606
32.7008
35.6073
39.9002
43.2610
47.0493
50.9090
55.4802
57.9158
62.2805
65.7541
69.5691
73.7443
78.0549
81.3208
85.3998
88.5994
93.0784
96.4521
101.2401
104.2742
108.6242
112.0685
115.9910
119.6124
123.9104
127.1506
131.1822
134.9075
138.9867
142.1510
146.6187
149.3476
152.6284
157.3792
161.1153
165.3719
168.7739
173.6676
178.3685
179.9645
185.0328
188.1310
192.6871
195.9729
199.6654
204.2531
208.1897
211.2468
216.0106
218.8821
223.5985
226.6666
231.5540
233.9871
237.7478
242.6493
246.5380
249.4283
255.5698
255.5903
6.4959
10.2951
12.5374
17.2681
21.5024
23.9214
28.4567
32.2501
35.7924
39.4743
43.6594
46.8587
51.2977
54.4904
58.5653
61.6640
65.9162
69.8226
74.0613
77.8350
81.8840
84.6434
89.3861
92.6067
97.2663
100.6206
105.0124
108.1316
112.2586
116.0418
120.0256
123.5508
127.6241
131.0235
135.2343
138.5453
142.7914
145.7471
149.0647
153.5756
157.4656
161.7649
164.9810
169.9621
174.7494
176.0760
181.1205
184.4380
188.9063
192.1776
196.0400
200.4884
204.3709
207.6504
212.3564
215.1159
219.9475
222.9167
227.7156
230.3443
234.0822
238.8678
242.8791
245.7124
251.8026
251.9612
7.6619
9.7769
11.6900
16.6444
20.0967
23.6521
27.7822
31.7401
34.5549
38.8152
42.6632
46.7208
49.7950
54.1826
57.0951
61.1214
65.5359
69.5825
73.0757
77.3712
80.1010
84.6451
88.2458
92.8471
95.8939
100.4652
103.5561
107.5483
111.4539
115.5370
118.7968
123.0041
126.5091
130.5581
133.9876
138.2891
141.0054
144.4801
149.0461
152.7673
157.2073
160.4732
165.2926
170.1302
171.6075
176.6011
179.8791
184.4507
187.5847
191.4198
196.0085
199.8308
203.0025
207.8124
210.4983
215.2844
218.4065
223.1618
225.7200
229.5455
234.3091
238.2608
241.2253
247.2967
247.3195
6.5529
9.9317
12.7061
16.5270
21.6515
23.6492
27.9403
31.7966
35.3136
38.9319
43.8256
46.0443
50.2711
54.0005
57.8162
61.7234
66.1634
69.4834
73.4087
76.7275
81.2691
84.4323
89.2834
92.4368
96.6564
100.1987
104.1575
107.6599
111.9601
115.3147
119.2452
122.9701
127.1256
130.1822
134.6568
137.4982
140.6686
145.4265
149.2420
153.4009
156.8044
161.7841
166.4345
167.9920
173.0973
176.1712
180.6842
184.0545
187.7314
192.2595
196.2413
199.3254
204.0349
206.9717
211.6954
214.6857
219.6172
222.0566
225.7685
230.7022
234.6057
237.4288
243.5881
243.6679
8.1116
10.1925
11.4947
16.9138
19.9351
23.3385
27.5487
31.4890
34.4302
39.1794
42.1684
46.1196
49.4624
53.6958
57.3820
61.7375
65.5260
69.4447
72.3391
77.1141
80.1697
84.8959
88.3196
92.5959
95.8344
99.9694
103.6334
107.6550
111.2444
115.2266
118.6652
122.9242
126.1266
130.4063
133.4280
136.6481
141.1956
145.1319
149.3443
152.5865
157.6273
162.3602
163.6943
168.7734
172.0378
176.4846
179.8269
183.6516
188.0721
191.9996
195.2682
199.9383
202.7682
207.5884
210.5088
215.3578
217.9613
221.6631
226.4926
230.4970
233.2851
239.3975
239.5828
5.6501
10.6218
13.0489
16.6158
21.0846
23.2855
27.3262
31.6997
35.6856
38.3326
42.9197
45.9538
49.7123
54.3569
58.3688
61.5939
65.9531
68.8439
73.2418
76.9723
81.6074
84.4701
89.0494
92.2696
96.1563
100.0120
104.2298
107.3457
111.5493
115.1937
119.1708
122.5567
126.9475
129.5523
133.0290
137.6884
141.3333
145.7725
149.1122
153.8808
158.6889
160.2893
165.2867
168.4703
173.0901
176.2118
179.9787
184.6360
188.4707
191.5479
196.3896
199.1100
203.8478
207.0215
211.8068
214.2823
218.1259
222.9293
226.8289
229.8301
235.9165
235.8747
6.9786
10.2328
11.4880
16.3540
19.2936
22.7564
26.9796
31.5288
33.6219
38.1027
41.6473
45.2937
49.6123
53.8594
57.0182
61.1577
64.3688
68.7872
72.2499
77.0236
79.9744
84.3534
87.8124
91.6969
95.3338
99.6515
102.8481
106.8970
110.6399
114.6901
117.8775
122.3479
125.0450
128.3534
133.1000
136.8127
141.0988
144.4993
149.3663
154.0778
155.7005
160.7588
163.8473
168.4285
171.6797
175.3742
179.9867
183.9050
186.9539
191.7357
194.5846
199.2988
202.3913
207.2663
209.6938
213.4736
218.3600
222.2444
225.1641
231.2940
231.2957
7.2324
9.1680
11.8712
16.5215
20.3351
22.9482
27.7778
30.8308
34.6787
38.0041
42.2854
45.9091
50.2445
54.1097
58.0217
60.8482
65.6548
68.6964
73.4034
76.8548
81.1353
84.3426
88.4931
92.1745
96.1631
99.7795
103.7653
107.1722
111.4394
114.6612
118.9176
121.9573
125.1862
129.7068
133.6528
137.8770
141.1003
146.1420
150.8847
152.2049
157.2796
160.5573
165.0064
168.3353
172.1742
176.5923
180.5088
183.7925
188.4639
191.2774
196.1055
199.0268
203.8653
206.4805
210.1878
215.0032
219.0146
221.8102
227.9143
228.1021
8.1205
10.0241
11.2373
16.1420
19.7502
23.1074
26.8913
31.1669
33.5063
37.7470
42.2845
46.0740
49.8280
54.2467
56.5600
61.1961
64.8909
69.3453
72.4608
77.1421
79.9911
84.0570
88.1230
92.0268
95.3719
99.6520
102.9806
107.0496
110.6183
114.7918
117.5688
121.1207
125.5458
129.3039
133.8197
136.9834
141.7989
146.7017
148.0770
153.0394
156.4218
160.9832
164.0561
167.9792
172.5355
176.3031
179.5683
184.3769
186.9743
191.8107
194.9235
199.6166
202.2589
206.1002
210.7890
214.7897
217.7674
223.8001
223.8580
5.8280
9.5378
11.8884
15.6367
20.7183
22.4229
26.6801
30.5653
34.2318
38.1832
42.5736
45.8626
49.8248
53.1120
57.6347
60.8501
65.6767
68.7953
73.0429
76.5651
80.5130
84.0494
88.3293
91.6804
95.6331
99.3339
103.4772
106.5788
111.0277
113.8648
117.0715
121.7937
125.6031
129.8026
133.1808
138.1408
142.8159
144.3701
149.4609
152.5531
157.0853
160.4121
164.1137
168.6553
172.6082
175.7098
180.4353
183.3299
188.0652
191.0753
195.9800
198.4369
202.1706
207.0717
210.9845
213.8379
219.9776
220.0489
7.6754
9.8272
11.0962
16.5174
19.3046
22.8436
26.4239
30.7045
34.0443
38.4660
42.4013
46.1946
49.0773
53.9267
56.8321
61.5747
65.0913
69.2908
72.5624
76.7248
80.3350
84.3294
88.0021
91.9299
95.3443
99.6451
102.8095
107.0741
110.1628
113.3372
117.8653
121.8431
126.0222
129.2514
134.3271
139.0428
140.3624
145.4546
148.7066
153.1462
156.5072
160.3310
164.7338
168.6695
171.9531
176.6061
179.4501
184.2749
187.1712
192.0321
194.6377
198.3290
203.1612
207.1713
209.9478
216.0595
216.2613
5.5740
10.2403
12.5559
15.8801
20.4600
22.7171
26.6046
31.5627
35.2085
38.6622
43.2108
45.6347
50.1064
53.9925
58.4605
61.3646
66.0800
69.0439
73.0005
77.0364
81.0701
84.2663
88.5545
92.0167
96.0109
99.5499
103.8071
106.4720
110.0356
114.5467
118.2292
122.7529
125.9849
130.7486
135.6276
137.1221
142.0868
145.3810
149.9919
153.0481
156.9092
161.5334
165.3102
168.4875
173.3286
175.9550
180.7474
183.9111
188.6309
191.1967
195.0573
199.7814
203.7342
206.7492
212.7947
212.7916
7.2532
10.1794
11.0300
15.9335
19.3085
22.5456
27.3443
31.3003
34.3040
38.6516
41.7107
46.0339
49.7372
54.4196
57.2294
61.7257
65.1018
68.9465
72.6899
76.9779
80.1118
84.2356
87.9463
91.9460
95.2355
99.6677
102.3150
105.7110
110.4073
114.0835
118.4539
121.8203
126.6338
131.3918
133.0212
138.0490
141.1675
145.7835
148.9565
152.6857
157.3296
161.1996
164.2632
169.0774
171.8579
176.5845
179.7192
184.5501
186.9979
190.8147
195.6537
199.5461
202.5162
208.6179
208.5974
7.1178
9.3335
11.9153
15.6625
20.0016
22.9639
27.4026
31.5144
35.2196
38.0148
42.9321
45.7498
50.4794
54.0643
58.2356
61.4869
65.6750
69.2819
73.2341
76.9612
80.8735
84.2496
88.5720
91.7413
95.9798
99.1058
102.2734
106.7719
110.7710
114.9497
118.1586
123.2458
127.9649
129.2669
134.3590
137.6202
142.0584
145.4144
149.2503
153.6450
157.5744
160.8751
165.5240
168.3585
173.1914
176.0811
180.9364
183.5532
187.2454
192.0670
196.0848
198.8631
204.9683
205.1773
7.7870
10.0909
10.4187
15.2590
19.7365
23.0373
27.3104
31.7626
33.4923
38.3090
41.9772
46.2809
49.5551
54.2666
56.9181
61.0841
65.2327
68.9579
72.4602
76.7389
79.9055
84.0402
87.6636
91.7300
94.6284
98.1756
102.4872
106.3229
110.8403
113.9247
118.7876
123.7081
124.9911
129.9535
133.3916
137.9254
141.0008
144.9750
149.4780
153.2330
156.5754
161.3532
163.9283
168.8013
171.8656
176.5444
179.2417
183.0674
187.7261
191.7649
194.7170
200.7342
200.8448
5.6794
10.0639
12.0996
16.6768
20.7063
23.4416
27.6267
31.0052
35.2751
38.7983
43.5789
46.4040
50.7462
54.3228
58.1418
61.7216
66.0857
69.2708
73.2836
77.0631
81.1069
84.2669
88.7473
91.4580
94.7465
99.4898
103.2106
107.4888
110.8874
115.7608
120.4600
122.1057
127.1692
130.2266
134.8249
138.0679
141.7570
146.3758
150.2902
153.3419
158.1214
160.9715
165.6866
168.7738
173.6541
176.0767
179.8593
184.7400
188.6262
191.5539
197.6760
197.6818
7.2891
9.4546
11.5776
16.2762
19.8507
23.3517
26.7178
31.4203
34.1719
39.0567
42.4492
46.4846
50.0731
54.1138
57.5240
61.7036
65.2995
69.1241
72.7209
76.9906
80.0161
84.3980
87.4349
90.5335
95.1770
99.1157
103.2358
106.5533
111.6192
116.2699
117.7238
122.8419
125.9606
130.4441
133.8275
137.5631
142.0230
145.9922
149.1789
153.8462
156.7577
161.5305
164.4542
169.3693
171.8807
175.5760
180.4645
184.4212
187.2191
193.3525
193.5024
6.0894
10.2815
12.6746
17.3429
21.8101
23.0745
27.9686
31.6774
35.8862
39.1884
43.9183
46.5060
50.6919
54.8642
58.5418
62.0823
66.3545
69.4880
73.6355
77.2664
81.3122
84.2376
87.7781
92.0686
95.9197
100.4333
103.5064
108.3795
113.2962
114.5768
119.5431
122.9742
127.5099
130.5871
134.5612
139.0606
142.8170
146.1640
150.9364
153.5168
158.3907
161.4471
166.1321
168.8269
172.6496
177.3103
181.3497
184.2993
190.3162
190.4315
8.3899
9.6673
12.1794
17.2677
19.4006
23.5324
27.8798
32.2155
34.7735
39.5735
42.6264
46.4483
50.4758
54.6055
57.6790
61.9660
65.5288
69.4609
72.9775
77.2869
79.8871
83.4493
88.0066
91.6468
96.1696
99.4420
104.1796
109.0313
110.6192
115.5916
118.8015
123.4538
126.5009
130.3142
134.9817
138.7676
141.8897
146.7437
149.4008
154.1643
157.3474
162.0968
164.6064
168.4737
173.2248
177.1473
180.1812
186.2341
186.2014
5.8652
10.6970
12.8755
15.6802
20.8449
22.7900
27.6424
31.5807
35.3916
38.8204
43.0679
46.4400
50.3509
54.3012
58.0272
61.3767
65.8090
68.8318
73.0626
76.3479
79.3721
83.8588
87.9533
92.0238
95.2267
100.4020
105.0626
106.3446
111.4743
114.6896
119.1035
122.5257
126.3399
130.6933
134.6581
137.9738
142.5799
145.4697
150.3025
153.1346
158.0303
160.6379
164.2974
169.1444
173.1663
175.9062
182.0218
182.2651
7.2008
10.2276
10.6161
15.9031
19.0176
23.2741
26.8980
31.3491
34.1000
38.3607
42.3151
45.9842
49.7368
53.8251
56.9678
61.2359
64.6895
68.7593
71.8482
75.2176
79.5348
83.4917
87.8629
90.9562
95.9428
100.7790
102.0456
107.0687
110.4336
114.9306
118.1187
122.0499
126.4947
130.3165
133.6682
138.3809
141.0600
145.9272
148.9014
153.6562
156.3288
160.0968
164.8140
168.8534
171.7333
177.7794
177.9445
6.2704
9.3225
12.0591
16.6503
21.0486
23.0137
27.6018
31.2418
34.7758
38.4654
42.9467
45.8378
49.9656
53.8442
57.7229
60.9977
65.5005
68.0286
71.4509
76.1977
79.7966
84.1972
87.6054
92.3585
97.0996
98.8515
103.8722
106.8981
111.5793
114.7044
118.3907
123.1007
126.9576
129.9620
134.8067
137.5889
142.2871
145.4648
150.3062
152.7005
156.5429
161.3876
165.2500
168.2658
174.3608
174.2965
7.9738
10.2842
11.8197
17.0520
19.8740
23.2758
27.7765
31.4222
34.2740
38.8878
42.2987
45.8732
49.8480
54.0469
56.7759
61.3797
64.3244
67.2669
72.1174
75.9901
79.9927
83.4595
88.5132
93.0484
94.7135
99.8710
102.7752
107.3182
110.7449
114.3414
118.8790
122.9022
125.9452
130.6266
133.6439
138.3393
141.2938
146.2898
148.6663
152.3609
157.3320
161.2139
164.0329
170.1979
170.2817
6.1821
9.6166
12.9456
16.4934
21.1848
23.4972
27.7846
31.9851
35.4716
39.2027
43.3994
46.4228
50.6399
54.2508
58.2387
61.2827
64.7621
68.9972
72.9160
77.3860
80.4330
85.3584
90.2465
91.5188
96.5083
99.9049
104.4379
107.5440
111.5075
115.9869
119.7609
123.1194
127.8659
130.4807
135.3551
138.3751
143.0903
145.7736
149.5774
154.2554
158.2956
161.2249
167.2476
167.3837
8.3484
10.2787
11.2692
16.7023
19.3317
22.9177
27.2626
31.2812
34.1806
38.6067
42.1044
45.9295
49.6116
53.8477
56.3792
60.0558
64.5288
68.1244
72.7460
75.9719
80.6494
85.5418
87.1547
92.0976
95.3120
100.0080
102.9756
106.8137
111.5133
115.2551
118.3872
123.2653
125.8704
130.6418
133.8546
138.5758
141.0930
144.9882
149.7039
153.6303
156.7039
162.7330
162.6855
5.7747
10.9277
12.9936
16.9005
21.1479
23.8980
27.6919
32.0584
35.4150
38.7104
43.3012
46.1006
50.3143
53.8164
56.6469
61.1097
65.3171
69.2619
72.4556
77.7235
82.3168
83.5930
88.7612
91.9144
96.3167
99.7936
103.5821
107.9064
111.9002
115.2234
119.7950
122.7323
127.5611
130.3494
135.2813
137.8723
141.5099
146.3771
150.3975
153.1165
159.2379
159.5011
7.3576
9.6014
11.4619
16.1855
19.8020
22.7861
27.3344
31.0562
33.7915
38.3567
41.6815
45.5534
49.0553
52.2108
56.3467
60.5362
64.7608
67.7452
72.9047
77.6875
78.8098
83.8808
87.2630
91.6906
94.9700
98.9311
103.2636
107.1189
110.5685
115.1967
117.9213
122.8248
125.6813
130.4691
133.1879
136.8991
141.6205
145.7016
148.5054
154.5535
154.8094
6.8906
9.0288
11.7664
16.2316
20.3586
22.9320
27.3913
31.0241
34.7262
38.4007
42.6885
45.1288
48.8148
53.3305
56.8751
61.5012
64.7650
69.4126
74.2798
75.9811
80.9279
84.0653
88.7975
91.7562
95.5528
100.2887
104.0379
107.1242
112.0124
114.6429
119.3910
122.6183
127.3627
129.8364
133.7358
138.4729
142.3764
145.4625
151.4977
151.4292
7.9381
9.6926
11.0526
15.9938
19.4570
22.6555
26.7451
30.9432
33.5418
38.1474
41.1714
44.0537
48.8571
52.7611
56.7672
60.2006
65.2585
69.7957
71.4771
76.6277
79.5154
84.0928
87.4708
91.0899
95.6415
99.6320
102.7018
107.3943
110.3687
115.0795
118.0458
123.0174
125.4126
129.1302
134.0621
137.9578
140.8111
146.9500
147.0315
5.5514
10.9955
12.3829
16.4934
20.9086
23.0679
27.2588
31.3908
34.9373
38.0601
41.7771
45.6358
49.5677
54.2446
57.0889
61.9375
66.9442
68.1298
73.0515
76.5620
81.1346
84.0859
88.1553
92.6477
96.3218
99.7589
104.5369
107.0181
111.9344
114.9939
119.6279
122.3729
126.2251
130.8116
134.8817
137.8745
143.8451
143.9719
7.4096
9.6165
11.5060
16.4877
19.5436
23.0160
27.2309
31.1811
33.5530
37.5233
41.7447
45.2512
50.0943
53.1927
57.7493
62.7373
64.3589
69.2369
72.4952
77.2553
80.0752
83.9772
88.7179
92.3758
95.5444
100.4599
102.9628
107.7574
111.0147
115.6774
118.2258
122.1647
126.8131
130.7550
133.8870
139.8749
139.8121
7.2615
9.3737
11.6084
16.4326
20.3234
22.5483
27.3940
30.2452
33.0317
37.9954
41.7914
45.7673
49.3026
54.2959
58.7777
60.6363
65.7855
68.5327
73.1808
76.5281
80.0731
84.7036
88.6953
91.6753
96.4021
99.3983
104.0661
107.0834
112.0754
114.3986
118.1402
123.0940
126.9477
129.8450
135.9867
136.0126
7.9223
9.8212
11.0273
15.9674
19.3296
22.7815
26.6486
29.7138
33.5647
37.8693
42.1065
44.9791
50.1582
54.9454
56.0735
61.1414
64.4956
68.9697
72.1909
76.1641
80.5225
84.3471
87.8019
92.4439
95.1409
100.0437
102.9221
107.7034
110.4064
114.1423
118.8453
122.9179
125.7648
131.7959
132.0262
6.5139
10.3396
12.1779
16.4435
20.6937
22.2090
26.3770
30.8967
33.9969
38.9299
42.2508
46.5699
51.4828
53.5099
58.3622
61.3330
66.2433
68.9903
72.7200
77.6429
81.3119
84.2576
89.2525
91.8207
96.5095
99.8822
104.6021
106.9770
110.9577
115.6788
119.5176
122.7270
128.7373
128.5517
7.6399
9.8958
11.0985
16.3484
18.8291
21.4877
26.6391
30.2554
34.2359
37.8730
42.7551
47.1934
49.2596
54.3853
56.9883
61.7287
65.0042
68.4889
73.2125
77.1823
80.0812
84.8546
87.8423
92.4747
95.5567
100.5494
102.8142
106.5925
111.5468
115.3660
118.3223
124.4547
124.4231
6.1907
9.8386
11.8881
16.3036
19.3883
22.6077
27.0383
31.4069
34.0420
39.1956
44.0666
45.1055
50.1289
53.5675
58.0708
61.1790
65.2329
69.5961
73.3494
76.8647
81.5260
84.1303
89.0631
91.9675
96.6947
99.4388
103.2082
107.8497
111.9419
114.8334
120.8297
121.0518
7.8997
9.3649
10.9671
15.7352
19.0340
22.3312
27.6043
30.4027
34.7518
39.8772
41.5186
46.3005
49.5898
54.4383
57.0648
61.0444
65.8252
69.3844
72.6048
77.5484
79.9478
84.7707
88.0573
92.6691
95.2480
99.2239
103.8064
107.7671
110.9482
116.8945
116.8299
6.7086
9.8741
10.5478
15.9240
19.9135
23.2258
26.9247
32.1327
36.3070
38.3375
43.5742
46.0160
50.6765
54.1568
57.5833
62.1790
66.2463
69.2025
73.8597
76.9786
81.6225
84.5514
89.6276
91.9020
95.5971
100.5995
104.4467
107.2983
113.4540
113.5214
8.0306
8.6952
10.8055
15.8917
19.6533
22.1980
27.6673
32.2985
33.3605
38.5011
41.7309
46.2129
49.4855
53.4378
57.7490
61.5992
65.0860
69.6732
72.4267
77.3278
80.1426
84.9757
87.6514
91.3637
96.0872
100.1571
102.9885
109.0213
109.2733
7.5064
10.5542
11.8444
17.6484
20.8846
24.4440
29.4480
31.9997
36.6402
39.3455
44.4994
46.9228
50.5863
55.7223
59.2717
62.0863
67.1888
69.6718
74.3117
77.8182
82.5049
84.7971
88.8558
93.5439
97.3344
100.6567
106.6315
106.3570
7.5486
10.5279
12.7755
17.0141
22.0697
25.8537
28.4305
33.6546
35.6166
40.4096
43.8987
47.1084
51.8348
55.9419
58.7094
63.3988
66.6131
71.1665
74.1480
79.2899
81.4244
85.1354
90.1994
93.9736
96.8681
103.0394
103.0345
6.8404
9.7082
11.4612
17.0395
21.6221
22.6835
27.8000
30.9655
35.5327
38.6900
42.6654
47.0201
50.8164
54.3084
58.9208
61.6257
66.5263
69.3794
74.1945
76.8550
80.6023
85.2982
89.3589
92.2442
98.2556
98.4744
7.9621
10.0779
12.6116
17.7703
20.5519
24.9875
27.5898
32.8455
35.0836
38.8077
43.9533
47.4316
50.3210
55.4130
57.8412
62.5210
65.9958
70.6631
73.0021
77.0603
81.7061
85.5342
88.8501
94.8003
94.5734
5.9266
10.8690
13.2999
16.3378
21.5686
22.8891
27.6885
31.3768
34.4320
39.0714
43.2635
46.0549
50.6412
53.9729
58.5239
61.3808
66.5930
68.7218
72.3784
77.4662
81.2616
84.0977
90.2729
90.3379
7.7239
10.8708
11.4440
16.7759
19.6074
24.0740
27.4829
31.3965
35.5637
39.4631
43.0421
47.5053
50.3545
55.2595
57.9453
62.8589
65.5074
69.1748
73.9220
77.9981
80.7963
86.8285
87.1267
6.6135
9.7302
12.9623
15.4762
20.9384
22.4921
26.4628
31.6514
34.8743
37.9352
43.0557
45.2511
50.0200
53.5118
58.0649
60.5189
64.6222
69.1349
73.0299
76.3907
82.2704
82.0841
7.7937
10.5921
10.0496
15.6480
18.3820
21.2979
26.4572
30.3146
32.9127
37.7770
40.8014
45.3190
48.5000
53.5444
55.6221
59.4857
64.4192
68.1727
71.2765
77.3509
77.2366
5.8453
9.9824
13.4545
16.7620
21.3679
24.7253
28.4071
32.7546
36.8966
39.4546
44.6217
46.9935
51.7405
54.7720
58.3652
62.8782
67.1671
69.8633
75.7911
76.3223
7.6156
10.4185
11.5833
17.1180
20.4833
23.4121
28.1005
32.4430
34.2756
39.6013
42.2656
46.6253
49.8690
53.6811
57.8635
62.2165
65.1718
70.9333
71.3521
6.0973
9.1910
11.8547
16.4210
20.4372
23.4837
27.9781
31.1483
35.8015
38.5813
43.7096
45.9715
49.6826
54.5910
58.4882
61.4029
67.4712
67.5997
7.8071
9.8040
11.6150
16.3256
20.3769
23.7921
27.4252
32.2692
34.0749
39.4230
42.0299
45.3134
50.2678
54.4065
56.8226
62.9384
63.5592
6.8176
10.5623
12.4375
16.6689
21.4015
22.9532
28.0954
31.2672
35.6134
38.4784
42.5334
46.7531
50.8907
54.1701
59.9146
60.0001
7.5592
10.4020
11.6616
16.7193
19.9126
24.1105
27.4436
32.5917
34.3259
38.2830
43.2376
46.8780
50.1317
56.1583
55.9420
6.0943
10.2915
12.3806
16.4186
21.0945
22.4617
27.9836
30.5141
33.7257
38.6877
42.8249
45.2450
51.3394
51.9802
7.9076
10.2139
11.2705
16.7237
18.9577
23.3979
26.5826
30.3620
34.5065
38.8434
41.8456
47.5727
47.9949
6.7376
9.6920
12.6371
16.7335
21.8257
22.7768
27.0128
31.9840
35.3330
38.9316
44.8772
44.3480
8.2230
10.0907
11.1059
17.4502
18.4944
21.7384
27.2369
30.8456
33.5200
39.7213
39.9415
6.1950
10.2284
13.0329
16.0053
20.5855
23.9845
28.1186
31.9759
37.3349
37.1846
7.9471
10.4248
10.7067
15.8786
19.7976
23.0881
27.4637
32.9130
32.0777
7.5147
9.2555
11.5405
16.4258
20.6273
22.9297
28.9046
29.7495
7.5466
10.4344
11.3927
16.5008
19.9174
24.7141
25.4030
6.0986
10.0127
12.5581
16.9956
22.4351
21.6293
7.7889
10.0533
11.9469
18.2026
18.7880
6.1180
9.5623
13.4852
14.3324
7.7071
10.8296
9.1683
6.9192
10.4234
7.5110
